10000000000000000000000000680.
0.040000000000000001
(0.0377263034313324,0.548582889760884)
(-0.324205471405262,-0.0242669381260498)
(0.107198006092596,-0.602990349205897)
(0.816895167296847,-0.416774831453399)
(0.902088459513448,0.305682872171519)
(0.272969320490457,0.639875643935417)
(-0.239765188531724,0.197524991268231)
(-0.0133328936766428,-0.372090400278616)
(0.530562051934014,-0.289359416841626)
(0.521649485993064,0.271690917528372)
(-0.133672659901294,0.407252185139813)
(-0.572348315493869,-0.269551001617791)
(-0.111028197407903,-1.04744674375765)
(0.820463541162632,-1.00772846320675)
(1.20777857087183,-0.206277459496385)
(0.733155818888195,0.426205199173495)
(0.0995950043609430,0.300259657767482)
(0.0167793738109481,-0.157995086105058)
(0.288764966985205,-0.239867925629689)
(0.246597629727636,0.00424705485849164)
(-0.156816697688906,-0.0889010136581577)
(-0.218021479919726,-0.691453755939915)
(0.442571059380227,-1.06939083339723)
(1.15391192480674,-0.562271633679186)
(0.974144943978551,0.371399279365720)
(0.00839995278547022,0.604748875465297)
(-0.596978476074881,-0.181312556105030)
(-0.120745182123624,-0.996730303407360)
(0.737591029639957,-0.810624006269020)
(0.756844819333496,0.0450297633519367)
(-0.136323311317737,0.276410324091765)
(-0.696036554867315,-0.614511426079033)
(-0.00650907910753859,-1.57244168856568)
(1.22737735100074,-1.33156671046890)
(1.54044435997024,-0.115353430463227)
(0.630206406593789,0.618061378137804)
(-0.246734715230947,0.100477320686652)
(0.0177957442559645,-0.738841924941179)
(0.874592669328188,-0.581923523564847)
(0.899048171462376,0.419464050016508)
(-0.171020067052086,0.823045610536245)
(-0.979258487585681,-0.0639869564960451)
(-0.409716597217133,-1.10094800797612)
(0.754751577440107,-0.804075902532160)
(0.772762276912193,0.530569917569972)
(-0.640794617237534,1.06097754292987)
(-1.73641605945998,-0.127046192226003)
(-0.982696276904289,-1.60096585504437)
(0.748014800110110,-1.31265989670235)
(1.10938259713484,0.639970816282325)
(-0.684535801327869,1.93278487808023)
(-2.68019188998473,0.934550761897214)
(-2.56241554306775,-1.08433270549611)
(-0.638966306459040,-1.39004006719739)
(0.381681669976566,0.895231936864941)
(-1.52391804715493,3.76471347101514)
(-5.70971057186546,4.64559026343689)
(-10.1536676537473,2.76405558043424)
(-13.6023278027346,-1.32207053052129)
(-15.3382276661518,-7.40002570237970)
(-13.6016533197613,-15.0024300914920)
(-6.62954409079705,-21.0485704475764)
(3.35595330332407,-20.5032891955967)
(8.84324525741060,-12.0645667197788)
(3.15089737907821,-3.07884593436244)
(-10.3848474863327,-5.55726179694866)
(-17.2151673141774,-23.9769061311649)
(-3.36677110526333,-46.8555919796439)
(29.3632144304044,-53.4395839906724)
(60.9921969518018,-32.0130141973676)
(68.8160045373634,7.48150034889857)
(47.2548358224662,40.1964697367082)
(12.7791858408278,47.2003039755651)
(-11.0025250589636,30.5743575105412)
(-13.2871711820627,8.85949488356134)
(-2.14906939644877,-1.13335837676045)
(6.91659058378924,2.45397319882589)
(6.25540744592593,9.54920460023601)
(0.0781567818230796,11.0509546013291)
(-3.75604631908146,6.87974380362203)
(-2.78556976971126,2.65387849859343)
(-0.408202361177118,1.71094823885831)
(0.124795093908192,2.34601061805162)
(-0.472810835735129,1.78381390623600)
(0.202795631221889,0.277937774319795)
(2.23319025572412,0.151318816355637)
(3.27200554370419,2.01769443759380)
(1.97485273841033,3.72197094802696)
(-0.0574295739648472,3.23715334761105)
(-0.399919021191093,1.35152407818942)
(1.02267484733414,0.544745581589335)
(1.93889189163840,1.67793691891710)
(0.788966333217297,2.88261263073125)
(-1.19218238521587,1.98871853875181)
(-1.44263698168055,-0.703002582655485)
(0.890142375982046,-2.71264561877082)
(4.05616429028151,-2.15999484656548)
(5.73541979867914,0.419368240809614)
(5.28843265997388,3.07775827895215)
(3.74409777379129,4.59718969577948)
(2.14586818407227,5.15218196485059)
(0.621848642189597,5.23145019725782)
(-0.956403615860130,4.72353824709969)
(-2.13123070162384,3.37360365709988)
(-2.21535082605976,1.65667177463993)
(-1.29431109791149,0.586269733553768)
(-0.343848110939095,0.611053174059902)
(-0.184075649154581,1.10066070444241)
(-0.610991760272823,1.13780696328762)
(-0.802549820615258,0.589628326808907)
(-0.408802281912369,0.113620143138579)
(0.0888052600145690,0.198615735730870)
(0.113392363311282,0.548645770017392)
(-0.234092880234180,0.552107212852395)
(-0.363475009512255,0.121573130174594)
(-0.0195441200485295,-0.218627979876784)
(0.372749877193239,-0.0631730969397027)
(0.268345909180012,0.306247461221997)
(-0.266860642216880,0.233431917385848)
(-0.555757955399667,-0.515535069997470)
(-0.0332849227583510,-1.41280867667957)
(1.12125313486044,-1.65712343367674)
(2.10202696758351,-0.961881937034886)
(2.21265727411435,0.140581942611285)
(1.52352273349253,0.762399184912597)
(0.841922459079091,0.488057596492595)
(0.961416150230484,-0.173685350142453)
(1.80988132683675,-0.215282311014236)
(2.36150003830577,0.814673932154350)
(1.61657706312256,2.12806664122966)
(-0.178474577494139,2.29333860410962)
(-1.47355514632992,0.779015543630854)
(-0.938376659818568,-1.18243476792120)
(0.892921547890149,-1.69126814835092)
(1.91243619031010,-0.384537540000501)
(0.809689041188047,0.780493989125040)
(-0.979537599415986,-0.453340796283256)
(-0.359175642591470,-3.67874909730724)
(3.90600632393419,-5.43402759971176)
(9.01321252627665,-2.49616494938922)
(10.2039474783868,4.30506541042139)
(5.46681151861448,10.0935390367955)
(-2.04821252514408,10.3092854779348)
(-6.74714534552553,5.10294364879260)
(-5.81414988731132,-0.882438011170065)
(-1.53254564433728,-3.12029153067079)
(1.54187849513144,-1.29558610643636)
(1.24308728278272,1.24123292121679)
(-0.697986844210762,1.54914040175666)
(-1.39991272228178,-0.0478383586749934)
(-0.207761036222598,-1.14700949788718)
(1.08961087215171,-0.483147409184504)
(0.877803045844778,0.799436758392197)
(-0.346550999797533,0.950656220163195)
(-0.903701989642503,-0.144159663772167)
(-0.168154586176798,-1.05976695223319)
(0.813870009468157,-0.816013055266599)
(0.878578947739072,-0.0360890459404308)
(0.246186159812899,0.0737768691912902)
(0.0682487325266664,-0.627166630586363)
(0.811115909252832,-1.12031105245303)
(1.67940706216794,-0.657229224787715)
(1.73242006959834,0.282200271933661)
(1.09140262734409,0.706533533783323)
(0.657183899495145,0.420206334424705)
(0.844083858537847,0.156062061454584)
(1.09263492761163,0.463382557305103)
(0.750046466872220,0.945079797497719)
(0.0252085076057873,0.857223413724389)
(-0.299845495750542,0.170806009058141)
(0.0513924433931141,-0.396025723254044)
(0.513551255665897,-0.385183038421058)
(0.542315422986156,-0.198584115781060)
(0.429944845211205,-0.429747001363498)
(0.871849100235838,-0.872334011337770)
(1.83672908955338,-0.663956715190978)
(2.34448904557482,0.513362296524526)
(1.60602723862959,1.77767502974467)
(0.113028999042837,1.93395785864081)
(-0.795488554720071,0.886525856068899)
(-0.448810537411860,-0.211116385921612)
(0.420578301089844,-0.308351619934369)
(0.634304671812123,0.352039022881267)
(0.00165726687157464,0.661637861273426)
(-0.555312937323344,0.0933855667741525)
(-0.266032629835016,-0.686121135031005)
(0.508673631036735,-0.757563803233011)
(0.811752354227125,-0.151801888032936)
(0.365553498681150,0.250884423158546)
(-0.113770790004273,-0.0714689359907537)
(0.0618581596113330,-0.610478983098624)
(0.604555126285077,-0.575330653961541)
(0.664468913936593,-0.0236355188285584)
(0.0448431560493674,0.179805583296699)
(-0.445484756925008,-0.446224616872962)
(-0.0349213414216063,-1.25769145108209)
(0.926849179852558,-1.24598592744173)
(1.32374823722681,-0.361397597943434)
(0.680693915740415,0.354822275346321)
(-0.203822094920053,0.0798722502685602)
(-0.297348852260139,-0.712817123337062)
(0.245960600478734,-0.884159228138646)
(0.194919313412207,-0.263515996648464)
(-1.07722035080949,-0.160114680122680)
(-2.39014314941064,-1.87574786226790)
(-1.71566714233337,-4.84765166850337)
(1.55541720847941,-6.72199624870530)
(5.58522818935440,-5.54545894344353)
(7.59683449908972,-1.79025417658976)
(6.41411424459456,1.98651519756929)
(3.40261455124752,3.48513571052160)
(0.971608620671748,2.54953605815636)
(0.377839852427626,0.818733263346793)
(1.05382820732426,-0.140154294101538)
(1.76406026125498,-0.0917337517975778)
(1.96949851633656,0.276958667212934)
(1.95531204316701,0.502767374432100)
(1.99646864374928,0.742216265888249)
(1.87260568734448,1.18336347125769)
(1.30783166139670,1.51630693007018)
(0.581787914739387,1.25811314510739)
(0.372868362398641,0.475645782147537)
(0.967719598228224,-0.108466294178146)
(1.83212073703960,0.156151333910658)
(2.10559032464766,1.13016604811029)
(1.46396035582176,2.01099096016718)
(0.391442840309445,2.13286293736729)
(-0.365764899169557,1.54137131180970)
(-0.491862432278985,0.799453184538166)
(-0.234969097340134,0.372389439569063)
(-0.0000479491191629055,0.287484503080982)
(0.0471291757313634,0.301695967352791)
(0.000805692522323091,0.235284905985544)
(-0.00106590716512842,0.0939454673445086)
(0.0793048470285694,-0.0312850754949302)
(0.194778050922936,-0.0786540302867925)
(0.275585538435949,-0.0468286162561782)
(0.272185879380415,0.0106348619734382)
(0.199573705863866,0.0112976916051220)
(0.150424381879463,-0.0770200553465670)
(0.202163190149379,-0.168678166936239)
(0.287104384110694,-0.141946207009058)
(0.234824526165146,-0.0320887523913816)
(0.0212527752444642,-0.0610705906959112)
(-0.0912183725150542,-0.353697402584624)
(0.173340803821237,-0.648351674709102)
(0.643819791063168,-0.480065353802640)
(0.687961466216928,0.210103823935063)
(-0.123499184049705,0.757275202760173)
(-1.34175094616628,0.322276756238705)
(-1.86735141799672,-1.12903913693111)
(-1.05234910437043,-2.56047475037561)
(0.489746635682142,-2.81519551248792)
(1.39784836905951,-1.85688932100579)
(0.973452925860767,-0.881725534464321)
(-0.0583661882080751,-1.07393886953040)
(-0.326231926552191,-2.35498037580254)
(0.740259443612503,-3.52245326327270)
(2.42326806213303,-3.56272810292463)
(3.63857448185923,-2.58298664469527)
(4.04468138188506,-1.37846872954466)
(4.03087491432108,-0.380613586573849)
(3.82949580962379,0.593422346470703)
(3.13095265838225,1.58668555742130)
(1.78881337678595,1.99330286559386)
(0.552774690697031,1.23259601275098)
(0.547850156519297,-0.183882070425556)
(1.87828974891697,-0.784418406050089)
(3.13720162170386,0.327585690949489)
(2.73742386090179,2.26464508741902)
(0.714907883601253,3.10081404166234)
(-1.15762739062335,1.93576644071509)
(-1.24906214092477,-0.0714733066763617)
(0.155405160180677,-0.974465332856242)
(1.24738492694129,-0.193081741072665)
(0.792508870628757,0.940387285079932)
(-0.528865924907389,0.827462936849843)
(-1.04619967574863,-0.552795314807114)
(-0.0853896361677414,-1.73832142173781)
(1.35136153610792,-1.56146031930222)
(1.87599734799652,-0.409911647954252)
(1.27651616784697,0.423334197933438)
(0.515204672193440,0.306805328300050)
(0.396098750872856,-0.200539384450523)
(0.691283476878611,-0.312301069036493)
(0.704790617999178,-0.0477956732232006)
(0.327519784058723,-0.0287088786117042)
(0.136757754861107,-0.485191971158936)
(0.514896807391514,-0.900685979760896)
(1.07694338808814,-0.732485053965052)
(1.17828996278902,-0.151970783319009)
(0.748600875027226,0.210900439351932)
(0.292701342140618,0.107280889162838)
(0.117103648183751,-0.108539220110944)
(-0.0633581180787319,-0.153826380041463)
(-0.550062926405665,-0.355676777006047)
(-0.962356238919842,-1.18328916634110)
(-0.535965308051055,-2.35876588470773)
(0.811253130476368,-2.86195408267123)
(2.05091993880989,-2.05558924518923)
(2.00122945309348,-0.614626131572060)
(0.673564767345069,-0.0123064433691841)
(-0.587692947262630,-1.01185895692906)
(-0.409988804491663,-2.83677628973919)
(1.27609814894055,-3.92594356980515)
(3.25702791160798,-3.39821265628281)
(4.21772941686025,-1.70281304115120)
(3.76332173377863,-0.0183752254109634)
(2.45165603652373,0.728380546889685)
(1.19726885281304,0.319043053494947)
(0.760720956156055,-0.840929590784566)
(1.46358331906701,-1.93475043383021)
(2.93483137159430,-2.05332558311944)
(4.09809023069625,-0.818679493547258)
(3.84444262920273,1.05036086979306)
(2.11658898263680,2.05498791646449)
(0.260868070246833,1.22689636520039)
(-0.0663448788573559,-0.773198924592835)
(1.46344332624026,-2.11104826626597)
(3.43898404489730,-1.53071518681036)
(4.08981548842599,0.424510953338489)
(2.99349445798408,2.06181355761429)
(1.26040496278516,2.27972076792182)
(0.157424697575973,1.42132768639047)
(-0.0847503458148262,0.461213010667608)
(0.0141057448372865,-0.203900689124451)
(0.232481896090907,-0.811217081300579)
(0.857696744401014,-1.33772087022536)
(1.83084959263567,-1.20183616628898)
(2.27706433379839,-0.173123587115928)
(1.43414703212200,0.822873426963438)
(-0.0857221078824630,0.461182451748609)
(-0.596481789336912,-1.28870530661246)
(0.744975209214417,-2.74256614617511)
(2.66051245608990,-2.28320689707712)
(2.97555300677134,-0.439307976446869)
(1.22841134856702,0.398631824755275)
(-0.428576156824664,-1.33976233939656)
(0.594377380157464,-4.30755725499565)
(4.32327601512210,-5.33613119933536)
(7.83694342676418,-2.74562964190490)
(8.10702009240026,1.75019858750241)
(5.02426385492399,4.68436630236280)
(1.36818814901132,4.22830934388181)
(-0.0917805960387533,1.69847917264205)
(0.878461886674035,-0.198045783644844)
(2.34894127025352,-0.169116189884809)
(2.63989768970867,0.833862296177903)
(1.90666241265708,1.23397081205195)
(1.41689415661921,0.681304216728964)
(1.81159950514851,0.106855565786265)
(2.48656659459026,0.326038495219997)
(2.53927160309389,1.07588905167481)
(1.87443911028242,1.48277059051140)
(1.18749689730072,1.12683939196647)
(1.10091652497930,0.387599360685465)
(1.60643428570554,-0.112177980691414)
(2.29619510313773,-0.0940060622031923)
(2.82360436428314,0.368678485085648)
(2.99193294554236,1.11868286516411)
(2.62260544193516,1.93073854819352)
(1.67675730857879,2.36784681089572)
(0.563971936503573,1.96914575396197)
(0.0647125877217884,0.780179768566667)
(0.673788643786970,-0.429254395789326)
(2.00589053086893,-0.730597047175348)
(3.03237604834662,0.0764486531071443)
(3.03730892349037,1.22952244551085)
(2.30579332885431,1.76000143830345)
(1.77586830894927,1.47283976558069)
(2.00426667167451,1.09394072009542)
(2.56028341500369,1.41645459882644)
(2.51353373224143,2.36478825562230)
(1.50998816535459,2.99877033790908)
(0.287950985597660,2.49778870767620)
(0.0363897763597824,1.12729684945011)
(1.17788904519687,0.156543500575374)
(2.78991616209621,0.709912516175347)
(3.32148101428679,2.61727437242298)
(2.01370537321870,4.41752962499828)
(-0.319349664739306,4.61453413639319)
(-1.96275209221438,3.04587970311822)
(-1.84787351189807,1.03352106948321)
(-0.489558802333159,0.130612647728520)
(0.612680417365668,0.686613765342407)
(0.488601375498009,1.65954534812364)
(-0.436482327232769,1.81603335064698)
(-0.975810382824281,1.00519093744793)
(-0.540566055136510,0.163172567118550)
(0.296086823834433,0.148835425292042)
(0.578796176109497,0.793848543859671)
(0.0943482438650544,1.21155554981334)
(-0.474128086411862,0.890244033267919)
(-0.441744664715195,0.226986380265037)
(0.0976749487257816,-0.0610908413847492)
(0.518502383208737,0.185773931489421)
(0.506088213153763,0.504102957801294)
(0.365456924063262,0.527838031460619)
(0.460026942974402,0.463077980881281)
(0.626075778261532,0.690329686441928)
(0.405114660589033,1.09494338999983)
(-0.219902603224457,1.11003101828947)
(-0.632086270007344,0.478508185088167)
(-0.281637895518872,-0.280345864211249)
(0.584023784866750,-0.386016350709940)
(1.12724609199558,0.296082576081427)
(0.851427715295215,1.08725180517179)
(0.117424837115453,1.27802751530580)
(-0.357754929792549,0.881544187989863)
(-0.335963063631321,0.463442993850092)
(-0.184473734663029,0.365574310387964)
(-0.242861505027802,0.367029363177163)
(-0.358089756664902,0.150550990614871)
(-0.195889005749478,-0.163606975783982)
(0.181802467731647,-0.187165364882092)
(0.339822698237796,0.128907091084590)
(0.0817719013919982,0.351757523946915)
(-0.225643806502974,0.136575091542068)
(-0.117758348093973,-0.271906650040633)
(0.322808288586309,-0.335980880134383)
(0.544561909003563,0.0461048437538490)
(0.261927594350466,0.375745030496393)
(-0.142943998700982,0.210731470850416)
(-0.120964251165619,-0.231030264515203)
(0.299246606310800,-0.355141276326559)
(0.541104750642294,0.00197567598520993)
(0.264482758503763,0.340426184103323)
(-0.158725026673195,0.175288517447465)
(-0.144903160678672,-0.289312790475900)
(0.292918936465557,-0.427842837206319)
(0.547876670390569,-0.0587333133347152)
(0.258991583173641,0.285848543050877)
(-0.162294218821761,0.0931995602540451)
(-0.0849593701066698,-0.383308559245228)
(0.429918448388155,-0.433026382924841)
(0.642980019008527,0.107509753353240)
(0.144300032850283,0.539497700740832)
(-0.492825695068722,0.207214201312199)
(-0.398080878387611,-0.533014965989277)
(0.377503480938872,-0.662600098705124)
(0.773752118311138,0.144584915927622)
(0.0545754241041861,0.932034179739825)
(-1.09098096939228,0.580651279605573)
(-1.24795312729120,-0.644110143224219)
(-0.115337486944766,-1.17178030905749)
(0.802100113091917,-0.00482139446078324)
(-0.242261108998308,1.77479690943611)
(-3.05544302564638,1.85548689548296)
(-5.30814985832071,-0.817170575794020)
(-4.77132359415919,-4.68653578350601)
(-1.60480933914693,-6.99005144667634)
(1.83129714303566,-6.45139164932688)
(3.41084173823595,-4.33623476925029)
(3.21463083615400,-2.82314149045360)
(2.97031480508190,-2.63519656112832)
(3.79994925464232,-2.56077139985348)
(4.91620022475084,-1.21294435251734)
(4.65246136175698,1.12999237072052)
(2.51657164254380,2.69078937860211)
(-0.0837802198407246,2.08889425862796)
(-1.18452920273388,-0.181789952047616)
(-0.150156600601085,-2.23469556695681)
(1.85966639364791,-2.59613137424705)
(3.15433618641253,-1.42069909520545)
(3.06295240181222,-0.0304448382971491)
(2.26133390116393,0.515074497873327)
(1.79403209035887,0.295608187105821)
(1.97382167254909,0.134702675897560)
(2.23825710185795,0.565676302094866)
(1.92095892291083,1.29065597705463)
(1.01469621346994,1.58566249175297)
(0.161448596006984,1.10562386145890)
(-0.0229542443072166,0.229706829756238)
(0.460714448586604,-0.345569883661768)
(1.06422528788646,-0.277668862010290)
(1.27122136157148,0.178732452759478)
(1.04435828125633,0.534881306515130)
(0.717434497843093,0.575436426931041)
(0.548433614844882,0.465017916784925)
(0.480124553392364,0.424783605151147)
(0.333291747240682,0.437103113891673)
(0.111053098690255,0.331100400153985)
(-0.00180681129429108,0.0769425022160327)
(0.0855666722299678,-0.140667926218984)
(0.226785321129884,-0.166640441717664)
(0.233600912347417,-0.0788486420507901)
(0.120445582170997,-0.0530022406661132)
(0.0270602688071603,-0.0949920001533470)
(-0.0701584997137684,-0.0706965096164381)
(-0.379361404933240,-0.0335942013013316)
(-0.907741887446914,-0.335623460863476)
(-1.18772025445389,-1.20167524306049)
(-0.655035458312091,-2.22076615469293)
(0.597249233202336,-2.52250416344574)
(1.62562324994262,-1.67345395584432)
(1.45672096186210,-0.334920742852156)
(0.156145195876171,0.212108608163767)
(-1.08819860908110,-0.672663394221327)
(-1.09471584178315,-2.29220194730246)
(0.143715191805668,-3.30014730657285)
(1.53044476650561,-3.04965772222010)
(2.06596583679182,-2.12604643560962)
(1.80561063607640,-1.54256377086123)
(1.55431225026157,-1.61084264540312)
(1.79453994962422,-1.78364891156993)
(2.18081024381093,-1.52180775325023)
(2.13513698456167,-1.02355952378645)
(1.70021171638188,-0.923570226632646)
(1.54885434711054,-1.40008143771999)
(2.14959517374935,-1.84144000824637)
(3.12790024116140,-1.49406132653197)
(3.59251315325213,-0.316658194692973)
(3.03411378375727,0.939834188857200)
(1.78766805727686,1.46548920630885)
(0.631146758462420,1.09072640260283)
(0.0628242446800081,0.265744664682989)
(0.0252102998358245,-0.498622865070349)
(0.216968499193357,-1.04500551513341)
(0.503830536227429,-1.47743910913889)
(0.968384002534426,-1.81744072042024)
(1.63042542201085,-1.86512513089329)
(2.21663248532180,-1.42090272242741)
(2.27874870493300,-0.627881723163062)
(1.61811913161061,-0.0527215691317694)
(0.649199321688173,-0.302030466451929)
(0.253103883469845,-1.38486328827998)
(1.01618964099276,-2.42865702199235)
(2.42307743313074,-2.28209856928060)
(2.95530271596455,-0.751303610765085)
(1.43409062311849,0.707089772258494)
(-1.42106560810962,-0.0815033900428707)
(-2.95245657441771,-3.86420363774340)
(-0.639387746596007,-8.59723295665536)
(5.34186194862216,-10.5936760071203)
(11.6531192981005,-7.57497235655651)
(14.2601186764476,-0.863955020445904)
(11.7328720741092,5.51911224262642)
(6.28516521469849,8.13221447348260)
(1.63932420517413,6.67757795154709)
(-0.0779807166893998,3.58464890601328)
(0.525805391115131,1.41363228013766)
(1.56718646095522,0.857811126550487)
(1.94713008952814,1.01465848510506)
(1.89889802654879,0.978038194848955)
(2.01593685725710,0.731671831567788)
(2.35560556880623,0.681042947491634)
(2.60479032880190,0.902057990252424)
(2.67779731815787,1.17036536721993)
(2.72506535194718,1.46142711446109)
(2.65237537002771,1.96060400015320)
(2.08461973470251,2.52187489712581)
(1.01407563141953,2.51656801113079)
(0.194035040606033,1.55470088843709)
(0.482822534616285,0.220665001632589)
(1.77095901481700,-0.307476554379212)
(2.89122515149602,0.478965306979682)
(2.81596002004404,1.77274191489738)
(1.78712047139395,2.30757799488561)
(0.993467609274134,1.76120525383436)
(1.16523580547898,1.02060297484026)
(1.80277715089172,1.01629295747614)
(1.94784075849242,1.61034899322005)
(1.45262333197783,1.91544456709000)
(1.10204041039129,1.56434410890939)
(1.46382862796724,1.23306017070685)
(2.01154756997542,1.71230945127127)
(1.72522373134500,2.73682484287965)
(0.454174482621452,3.14422510987525)
(-0.708977699733196,2.26139116166937)
(-0.606924651889155,0.827168672954634)
(0.616679646799322,0.268792557782820)
(1.59957212464025,1.12917809510072)
(1.21922164550854,2.45843532772016)
(-0.232840433640522,2.83891486276662)
(-1.42656918389973,1.84734144968632)
(-1.39159407067517,0.369504393966312)
(-0.373943644901621,-0.418994100657614)
(0.624974161798506,-0.169437968937341)
(0.912403426826981,0.545318691324133)
(0.596298082587908,1.00636293286372)
(0.193015352758257,1.00714770714965)
(0.00910699097841497,0.801005275026822)
(-0.0232102543681589,0.641206746558544)
(-0.0664762551334985,0.527025216166998)
(-0.117885189440969,0.338659064814650)
(-0.0437795615633803,0.0700229874635515)
(0.224828598555435,-0.130535317986981)
(0.587499007145217,-0.103551294184282)
(0.838860233153260,0.172765632784913)
(0.817280641534847,0.547808070754792)
(0.528143064409794,0.787519049314778)
(0.161142891220958,0.735438369476964)
(-0.0347908367814376,0.441533295795822)
(0.0514562540424395,0.135654462966132)
(0.299715449648846,0.0348445718942607)
(0.479300542086771,0.157346814848599)
(0.468249074792969,0.337862521309835)
(0.334473626524662,0.419200585432679)
(0.208619319549067,0.391103233723149)
(0.131935461524256,0.332011994048811)
(0.0647844862980935,0.273353939004919)
(-0.00192292168733567,0.183691594232209)
(-0.0235646744582641,0.0641142718140376)
(0.00600406872664760,-0.0248690613477077)
(0.0172967004860377,-0.0604511449300018)
(-0.0328555725232629,-0.114841998594154)
(-0.0762971181348712,-0.255578807182406)
(-0.0205762302586140,-0.430806016809217)
(0.110354178998990,-0.534501616936050)
(0.215627363741461,-0.566995202670087)
(0.295806882745874,-0.619897873848824)
(0.462818218696730,-0.672076772103723)
(0.695322881482758,-0.539677467730352)
(0.710686279714794,-0.167722525246404)
(0.279099099777445,0.110306796603219)
(-0.342855448759297,-0.158905740921190)
(-0.535233867082096,-0.942460046481870)
(-0.0307394885725556,-1.60124971731693)
(0.665567851846678,-1.60513001469408)
(0.866180142737229,-1.25179052434431)
(0.674959092360119,-1.30991663579897)
(0.952145338278670,-1.85249978886999)
(2.02905363969448,-1.87679917356598)
(2.79800612567174,-0.587998697529006)
(1.77140978368684,1.05403726128651)
(-0.730979641055443,0.816676906087939)
(-2.06639047213781,-2.20090456434834)
(0.230384005174744,-5.73618838301600)
(5.30571143097443,-6.01042976665643)
(9.04114903730902,-1.69683664467906)
(7.93068619467116,4.13732595781255)
(2.83423728389233,6.73531102369412)
(-1.70740341554652,4.42308594123016)
(-2.11242557493260,0.224252872245612)
(0.708786362668330,-1.54153891748554)
(2.81353710924545,0.159361172707993)
(1.83113936916533,2.44763439464758)
(-0.665750059548928,2.28749676045626)
(-1.53212739714011,-0.0227683563661427)
(0.0316112564928665,-1.65261814558936)
(1.80690660694417,-0.974405185030248)
(1.64962679682138,0.557915575113350)
(0.221202861214351,0.556612532520467)
(-0.0477331565666214,-1.09849450886241)
(1.75928055103665,-2.12934641476119)
(3.79781400627991,-0.836830904056910)
(3.76362870257439,1.71201931043928)
(1.70588367215066,3.01015807624337)
(-0.172014794974037,2.12407350936749)
(-0.274178293023141,0.572879824909190)
(0.668145842560327,0.185755467224118)
(0.917140177988748,0.887765261498661)
(0.0887513381358945,1.16956059509368)
(-0.558871282229272,0.317745541273969)
(-0.0399447438765153,-0.684104799954292)
(0.999901755860930,-0.637313442728294)
(1.25968651219224,0.207909361834466)
(0.596980483876749,0.585101974454099)
(0.137728628361747,0.0215380965824738)
(0.611327708784502,-0.547759714255514)
(1.29760156297545,-0.178919309984646)
(1.05494728424601,0.672326215347472)
(-0.0232025577991336,0.713331911315981)
(-0.630446499390581,-0.427533755331020)
(0.0823153135030131,-1.65813081012035)
(1.46131568171622,-1.80244288771618)
(2.28073147620584,-0.994301159605087)
(2.27861420794961,-0.257358395259502)
(2.20374763987349,-0.0123722600341759)
(2.47505520758644,0.334064657152593)
(2.49688694320970,1.23260383943829)
(1.62724610656264,2.07247502650377)
(0.324002976658284,1.92649429525486)
(-0.301415595537066,0.897830867661848)
(0.0507036618547031,0.0484194092832519)
(0.537831846063948,-0.0672064114994190)
(0.542445992869423,-0.108309974969540)
(0.723031100155588,-0.733057727500093)
(1.99564077682895,-1.18619057456204)
(3.70512939464563,-0.00600629526484090)
(3.78743472691756,2.72962179995900)
(1.25930541244853,4.72289731314623)
(-2.04720159777509,3.79118857945471)
(-3.12429203424609,0.616103439942875)
(-1.19135247417286,-1.70742385579997)
(1.31982674750529,-1.12456639428930)
(1.61204456664569,1.05517493039211)
(-0.213608158659646,1.88711378837456)
(-1.52093036377708,0.435090079058698)
(-0.601617504390588,-1.24799256720123)
(1.22374061959131,-0.948845663293402)
(1.49463004689340,0.820894239365879)
(-0.100656591240619,1.61372738238294)
(-1.38265900504363,0.354792683304187)
(-0.651097838253449,-1.26698255639122)
(1.05793431773132,-1.12524466095220)
(1.42600119944936,0.483187073640048)
(0.00231310135563157,1.28815545331938)
(-1.21457654674984,0.153010136193157)
(-0.520876693708338,-1.38639772131075)
(1.16152686587895,-1.22300619130390)
(1.52494084856501,0.441043933347852)
(0.00302422908566347,1.33579713520512)
(-1.43677325325759,0.156681736714692)
(-0.887311141111521,-1.69300759656416)
(1.01377010051973,-1.95475039554913)
(1.98969134310573,-0.428471741035273)
(1.09996565931697,0.920482275384155)
(-0.225590524916824,0.647429965638582)
(-0.316203874570348,-0.417137758181231)
(0.531459168683802,-0.594129002891647)
(0.749497799156843,0.243162900254070)
(-0.117774914512393,0.692409159565501)
(-0.863087915361701,0.0476125049518546)
(-0.608986127626024,-0.675171696181499)
(-0.243400859848158,-0.468657152796469)
(-0.975723610309452,-0.170313220140852)
(-2.06341438422634,-1.38342932398971)
(-1.34644734183729,-3.74147614448281)
(1.63986728277079,-4.62281442416041)
(4.27704770161239,-2.36062843321659)
(3.69043154625295,1.12321521486995)
(0.503233349259129,2.18849249325154)
(-1.58903427822967,-0.0769202833957200)
(-0.319307979208215,-2.59912534892074)
(2.28861796526204,-2.19410649884914)
(2.61187238683884,0.316560956069606)
(0.287454059682356,1.26058035116014)
(-1.26342447016948,-0.840901826770000)
(0.476655544787227,-3.09941444019181)
(3.46726608924110,-2.08770043399186)
(3.62600540602086,1.33028195977397)
(0.386902997519929,2.83311448802102)
(-2.22549776276187,0.346991506328351)
(-0.780517589965839,-2.95543807424888)
(2.86691590989060,-2.65260087021710)
(3.82627243296315,1.01626690965950)
(0.635509150991386,3.29266014660694)
(-2.67293651214229,1.15576461375746)
(-1.87060374729469,-2.58516305450279)
(1.78271639066413,-2.99409647622927)
(3.20852537994474,0.337786297962977)
(0.415488133321185,2.73546825911038)
(-2.77540976213718,0.885541902178439)
(-2.09636325023270,-2.53619527543589)
(1.03709289346143,-2.67185698419566)
(1.43041416538552,0.343441238901017)
(-2.15118642114832,1.12136777731670)
(-4.33102530874883,-3.21788219867160)
(-0.219940188685954,-7.83109916748156)
(6.81443633904394,-5.69745301344270)
(8.09802994695593,2.43124956468035)
(0.898331945711067,7.39802248239029)
(-6.72178652443918,2.80063899525893)
(-5.28076338154727,-5.90979890947422)
(3.49241015167643,-7.33974692897843)
(7.77282686597903,1.07414771303529)
(0.714706150218089,8.65444138411606)
(-9.57795177493650,4.85239346534628)
(-9.77440908716986,-5.82072208614956)
(-0.0805168468920955,-8.07985824550540)
(2.93915327008086,3.23652900678317)
(-13.1720678934257,11.7875577557139)
(-36.1879785487459,-4.01253893563021)
(-36.4353637894300,-42.5227302081022)
(1.17685460377817,-72.5174303356563)
(55.1481558409536,-61.3854169789495)
(83.1914031182785,-10.1641194671120)
(62.5070099931132,43.5167051162485)
(12.3873306036977,60.1453142334717)
(-25.1674050062184,34.9752738315106)
(-25.9399923473701,-1.21712891029333)
(-2.62622258994208,-15.7159449414621)
(14.4688122681023,-4.37180007336326)
(10.3896320575366,11.3504712843063)
(-3.71180596597780,12.2403075311195)
(-9.02755590882876,0.607537206642922)
(-1.37852104400284,-7.72351721257898)
(7.62147360549262,-4.36919047061532)
(7.42735233298170,3.67582128020847)
(0.611588621066779,5.46663441156780)
(-2.87423256854972,-0.200328065361353)
(1.01951119474812,-5.35823720488768)
(6.89446295328694,-4.22806825068802)
(8.44513416968826,0.454224740764185)
(6.20932226187758,2.88978196299010)
(4.96128046323041,2.26440616054749)
(6.09174161062966,2.45559405314714)
(6.12444584150232,5.15594531810643)
(2.77357358635906,6.94198369237541)
(-0.761260292449718,4.41625601999481)
(0.295377199479745,-0.136407360988491)
(5.46471269261331,-0.875961631912343)
(8.77643046018765,4.16577721174191)
(5.82358796754840,10.1842495977777)
(-0.911882705835876,11.1537009940057)
(-5.18084555514607,6.75682450679945)
(-4.31197067120803,2.09389274470511)
(-1.51830831263678,1.10699448423291)
(-0.928927595878485,2.39132065738592)
(-2.40386082189828,2.21196280893432)
(-2.66696876268962,-0.0828564759586293)
(-0.425869718757645,-1.58318082148250)
(1.83534282132917,-0.332736590337517)
(1.56066399871907,1.81773035021370)
(-0.194719006611683,1.92818584145989)
(-0.334993199820246,0.232920830835883)
(1.72015035344100,-0.152142342013167)
(2.96348964384399,2.25769798619060)
(0.871681026981515,4.86047091831947)
(-2.86134528211591,4.13506459779779)
(-4.11366543702126,0.349187196513673)
(-1.48250677213758,-2.48559305864167)
(1.90110328793227,-1.49300602004108)
(2.25837189161329,1.61390472923692)
(-0.271736967349695,2.86613308611395)
(-2.14903728601202,1.01111997523383)
(-1.10063229798463,-1.24636883148197)
(1.19976345566913,-1.03163691078138)
(1.66584317437474,1.05224652774068)
(-0.101863420979925,2.04477749865153)
(-1.54311965172860,0.691232977640885)
(-0.749599972531946,-1.04863741283399)
(1.04246653344971,-0.838478511490351)
(1.29363202206951,0.869306141395992)
(-0.345417684261078,1.55422405938579)
(-1.60852225936873,0.0893191206442914)
(-0.688185294237267,-1.76666159369207)
(1.39630273377707,-1.73375072064127)
(2.20883481256936,0.0424949071083677)
(1.04998176900082,1.32571069517433)
(-0.333786592146886,0.762699722411705)
(-0.215042514775667,-0.537262738454634)
(0.933789775256242,-0.740154309714144)
(1.36125430166998,0.227150917114162)
(0.559881008958006,0.798044096585560)
(-0.136901698799179,0.116250805305960)
(0.424804084637778,-0.756002439280050)
(1.51372327134831,-0.404791870594023)
(1.51695261031108,0.858236275867044)
(0.233417963320796,1.33999641304307)
(-0.747773233241903,0.277994740414906)
(-0.144754807623107,-1.05934285539453)
(1.28333617651407,-1.01634214605465)
(1.72474938397431,0.262571715508185)
(0.707723811233409,1.04243328176743)
(-0.306022104891375,0.319458432245514)
(0.0898456356358168,-0.854458975068773)
(1.33950108555157,-0.808492121708577)
(1.64497737438808,0.462927523030807)
(0.377049475441071,1.19947525013009)
(-0.976600899897880,0.119790702088498)
(-0.572438617949245,-1.86562145692762)
(1.53596097710252,-2.63936608437976)
(3.42375168972157,-1.30629913098097)
(3.46253403021530,0.882933908407500)
(1.95928511295818,2.04833915596904)
(0.505085540370045,1.63302129937023)
(0.146737099411907,0.586342431431654)
(0.613362642554310,-0.0157124839793223)
(1.12819619220107,0.00677165271167381)
(1.38419963127259,0.264148891294910)
(1.50570692490079,0.570716766878826)
(1.47603348694397,0.998644256939022)
(1.10093749371736,1.40681832638107)
(0.492061218478930,1.42313663567317)
(0.138408533013373,1.00141344449933)
(0.288829187017238,0.635736425118632)
(0.535336192755558,0.751541985269892)
(0.321231078470842,1.07499221313745)
(-0.246324963830775,0.951661112608732)
(-0.453371144991475,0.275834410340477)
(0.0672533661861049,-0.256118672467253)
(0.757459331600326,-0.00843290708123912)
(0.780428696573917,0.724615278046681)
(0.0904653041012653,1.03931931636590)
(-0.498105782070111,0.556079459109493)
(-0.354671848013222,-0.125081698920065)
(0.193369763946129,-0.244973307553544)
(0.371601860400876,0.131630674097345)
(0.0300466835288722,0.285299199258856)
(-0.193638528655224,-0.105222506419622)
(0.177865019877881,-0.498228767272770)
(0.735420592171301,-0.259473542599851)
(0.707691057700353,0.401672832171260)
(0.0342604961697669,0.646383031973938)
(-0.493251768265255,0.114424692614812)
(-0.249875512391023,-0.572692591194816)
(0.401604744847371,-0.615224341006861)
(0.596950493018230,-0.0821485843806452)
(0.119115107601541,0.198239402064104)
(-0.323886078273325,-0.246988056626732)
(-0.0506596844349426,-0.907424012227454)
(0.694625348626733,-0.970266611162663)
(1.07965641532230,-0.377834951661410)
(0.769164689561809,0.140636600653112)
(0.299558945704541,0.0542898613676408)
(0.294511909956837,-0.322386683902726)
(0.640274799067318,-0.353524553201240)
(0.731086730826991,0.0111345205399547)
(0.378249333661731,0.214090685267842)
(0.0754634662656806,-0.0601683520841373)
(0.256836966889476,-0.403842454167665)
(0.627356766089668,-0.276171773349181)
(0.556497161586133,0.171347178356201)
(0.0145288138788561,0.244620590704076)
(-0.288787983150929,-0.310342149156292)
(0.157053123743647,-0.850403699444815)
(0.889838034920939,-0.616201877065959)
(0.975083214904935,0.229292005493804)
(0.201098784464500,0.716792095264323)
(-0.598649963290160,0.267109404280773)
(-0.570943810827168,-0.565750624520265)
(0.0834063195285348,-0.797060686966941)
(0.387870329492514,-0.273577279546391)
(-0.123657571498901,0.141970257182322)
(-0.778284259522902,-0.281085504927516)
(-0.625754162581066,-1.13466084758737)
(0.288508839440418,-1.31664513401214)
(0.851596294187661,-0.403922276000330)
(0.132415415662609,0.725142208769479)
(-1.52421606176804,0.764226087734263)
(-2.78804512330622,-0.675649088690819)
(-2.60905779189663,-2.70721133322807)
(-1.08498496933064,-4.01501848812492)
(0.765218790405347,-3.90186888341918)
(1.82557599147214,-2.64640642027705)
(1.53937722542720,-1.20079330745451)
(0.181728277036124,-0.656201903522977)
(-1.18604091494463,-1.63024246989133)
(-1.23768206325559,-3.68820150957455)
(0.594227553892310,-5.33568891122409)
(3.34571760345677,-5.05163108317879)
(5.05464820097740,-2.73626240397503)
(4.49238565510332,-0.0343133428538094)
(2.39515429008822,1.15558551650961)
(0.651556855376575,0.571875881306929)
(0.152800499347985,-0.335065591130617)
(-0.167509940241614,-0.432678041452207)
(-1.71507719286428,-0.658814987457674)
(-3.79901528895452,-3.09149608947627)
(-3.52520991268909,-8.03316716679998)
(1.27544284478115,-12.5175111041266)
(9.08621434268033,-12.4674633560362)
(15.2307118524936,-6.65171259019466)
(15.7828735752206,1.72877752910615)
(10.9859868669826,7.66960456307600)
(4.74106043799957,8.58506786186761)
(0.904843171906041,5.92873969199715)
(0.311248686597048,3.00579134641195)
(1.17697780311851,1.74939951862845)
(1.67183641811562,1.76285086553757)
(1.51068689779115,1.87235378492608)
(1.28442574020284,1.73252114940412)
(1.12852582461938,1.67597693338487)
(0.672354239624841,1.63219856005238)
(0.0401400525233954,0.996967087428617)
(0.136997926153408,-0.308696222954279)
(1.54150788751541,-1.22082512262554)
(3.41483504525774,-0.502984244406512)
(4.03536475402443,1.70731834491348)
(2.56394241016727,3.72179514302334)
(0.0281802322697454,3.87843030621013)
(-1.64238559940370,2.15807851514108)
(-1.45640033032591,0.0862860134274709)
(-0.0975192156724348,-0.846469172748365)
(1.03178940127554,-0.458820990638255)
(1.19803180968888,0.339411433565977)
(0.720468816952488,0.676699627878285)
(0.298227674191978,0.419834156513588)
(0.291562500059291,-0.0423400088698299)
(0.623533130641888,-0.329843353717103)
(1.04752223031700,-0.288416244629448)
(1.30981890225383,0.0557610304277888)
(1.21223400670704,0.501903045981357)
(0.779648726174657,0.709106424426298)
(0.365846899241025,0.478644629351749)
(0.361765094877371,0.0584257703227048)
(0.697430923367057,-0.0416731013496786)
(0.821711110989408,0.317899394687011)
(0.373464308447550,0.619297406125569)
(-0.244225436159670,0.283710400373338)
(-0.266758405337491,-0.489155337114265)
(0.393196917889217,-0.815781454576413)
(0.836308533595481,-0.253295470780220)
(0.225276812862788,0.430304639139576)
(-0.993603931942958,0.0319966553166995)
(-1.39056672053137,-1.51148712915031)
(-0.288462079707581,-2.78226532237289)
(1.16798632702178,-2.50998204319700)
(1.21974041507243,-1.34433969214978)
(-0.189468988119565,-1.38856769291855)
(-0.865556223390120,-3.65162040316503)
(1.33020847824255,-6.34521262653127)
(5.72528957982847,-6.37115247519228)
(8.97388931794942,-2.70124216436945)
(8.33608711757730,2.13918728102732)
(4.62174613368399,4.41537900466695)
(1.44112327977924,2.97327609404177)
(1.46221572521461,0.324223394654464)
