231723395114381721637460884790.
0.040000000000000001
(-12.9113887755552,-1.92430288218491)
(-1.86964519122623,-13.6443175805482)
(12.4238952872192,-5.86690749788677)
(8.54286421565681,10.1884458248915)
(-8.23825257114975,10.7726102496857)
(-13.5538599434242,-5.28118029256794)
(0.141656549713954,-14.8284860355664)
(12.6444129046088,-4.61022468687563)
(6.13311717636939,9.46131542351784)
(-8.62729138087873,6.40031633902337)
(-8.89673466477974,-8.58117613601679)
(5.76713306690287,-12.3003651410274)
(12.9762925248382,1.25448174498046)
(1.41304791018182,11.7255687637201)
(-11.8421715581112,3.01091634501833)
(-6.76463636120637,-12.2603384655923)
(9.42187821840065,-11.3512584644020)
(12.7461639109746,4.51428404189999)
(-1.72257251185181,11.7336984102356)
(-12.3240666739166,-0.490076372588658)
(-3.06904750141386,-13.8626179162143)
(12.3212426214718,-8.18488972218456)
(10.6767563003787,8.35776460353426)
(-6.02836317685250,11.1034744089148)
(-13.3327715010496,-4.47411562930943)
(-0.434264618825226,-15.9062619992477)
(13.8618537983715,-6.91353706431922)
(9.07718539303501,8.66666311895347)
(-6.72245479244093,7.68914931399701)
(-9.28847413446986,-7.89083444392770)
(5.53165065921142,-14.2205969302608)
(15.7371819924640,-1.32182132383294)
(6.13717220477688,12.0739804686738)
(-9.06975112289434,6.57825439436124)
(-7.67040776452739,-9.06407479696560)
(7.49670731596155,-11.3716634135836)
(13.2286261692159,2.71721489909328)
(0.949491708376097,11.6985044230359)
(-10.7648938031274,2.18859897793756)
(-4.69110807857520,-11.1141228821606)
(8.93587555206309,-8.23233276603469)
(8.38246294949314,5.33960542751360)
(-5.79467380201270,6.93608546024956)
(-10.8315090733300,-8.14948052404159)
(3.61598323241521,-18.2228099100662)
(18.5527684708699,-7.27236521708453)
(13.0076019069397,10.2149600816769)
(-4.50867511230074,9.79258266224280)
(-7.98328482784548,-6.76604202745213)
(7.61087704356702,-13.7781992435831)
(18.5901089930383,0.192482550974479)
(7.76544875176152,14.9371710296598)
(-9.49464226710089,8.43261264822163)
(-7.60228761418891,-10.0145292566951)
(11.1239473996991,-12.9134420884201)
(19.2766997554578,4.84863405607277)
(4.51217110169670,18.0831692119113)
(-12.2103013207009,8.13025342308519)
(-7.44874065274292,-9.85390568540040)
(10.3716706834504,-9.52434035016442)
(13.9014308656384,7.71279434260772)
(-2.29772961900601,15.2237118894451)
(-13.8364778077910,1.18736696723107)
(-3.20674798810271,-13.6496267097736)
(13.7608772866849,-7.05609901463456)
(11.3659654218450,11.1384814566536)
(-7.38750607492469,13.2941216011219)
(-14.7156295019078,-4.89577178131846)
(1.00046876482282,-17.5377445252486)
(17.8752504427779,-6.38106390827555)
(12.4902117354501,12.5523484666951)
(-6.17935960840239,12.7574199399754)
(-10.8083945915152,-4.11741107057720)
(3.76861423664088,-11.8992859029539)
(13.9479444174551,0.460022564703860)
(3.75837577490346,12.8543465256543)
(-10.9099212148012,5.20576004524745)
(-6.65138178553151,-11.5741056307484)
(11.4490427005667,-11.7503460341195)
(16.7395443758590,6.15228305879292)
(0.877762135572439,16.3685054025733)
(-13.2010172988875,4.03667510294522)
(-5.12836879281221,-12.4759443728736)
(12.5713871478247,-8.77269198993311)
(13.1487968475616,9.21310020438378)
(-4.36659203284514,14.0718300110155)
(-13.5853656772551,-2.05254261182759)
(-0.123314574000341,-15.4989110388413)
(16.7838601690473,-6.17159767279049)
(12.7058371658344,12.6042441132335)
(-5.91880465977318,13.9282222140933)
(-11.7838206060689,-2.89813352061266)
(2.49008365000251,-12.0426985182814)
(13.9675111355721,-0.345806087701174)
(4.70335168054019,13.1042967801345)
(-10.7631233433790,6.44983497934056)
(-7.46382753554031,-11.0514291144306)
(11.4937702605114,-12.3250037099293)
(18.4149755729024,6.48780092840150)
(2.11467554713238,19.0887911159741)
(-14.7634865125123,7.43324212542973)
(-8.69807865790230,-11.4786359023187)
(10.2132819531559,-10.6685951205005)
(13.6892908768991,7.03729418285959)
(-2.39727401144039,13.8975253901726)
(-12.2264510257423,-0.564714951560352)
(0.455405661307893,-13.5515516572470)
(17.0118426170688,-3.55756585589196)
(11.4402629378227,16.2912570008250)
(-10.0406851157508,16.8197883502946)
(-17.0868666205394,-3.67557976226769)
(0.138950049800385,-16.1048744332506)
(16.1482871738762,-3.22289574115137)
(7.72716686743286,14.9193169730363)
(-11.6858265255967,10.8939970288036)
(-12.2181474740932,-9.11621372541862)
(7.52296417678687,-14.5127735835841)
(17.9829483182840,3.74472924564380)
(2.75809628560215,19.0427546798219)
(-16.4109461009160,8.43686711133260)
(-11.4833977619497,-12.9198535724681)
(10.1936245512806,-13.8519285380499)
(16.5425876674394,6.65768700011498)
(-1.71229820207769,17.8722287650587)
(-17.2484054704992,2.93369735982906)
(-6.77636363135315,-16.0531934751761)
(14.2697700594788,-10.9197058984761)
(14.7068485646958,10.5801217032672)
(-5.88793138228895,16.2946040507869)
(-16.4773182088268,-2.35191125093621)
(-0.847422411030484,-17.4496359376921)
(18.0820224851968,-6.13741427704385)
(12.2722862851178,15.2522864544351)
(-9.69411386905439,15.3990806065717)
(-15.3752424234651,-5.44126202245156)
(3.24902045863812,-15.9033826207931)
(17.9409343758518,-0.299067372270387)
(6.41239410609767,18.0672292545288)
(-14.4583376806482,11.7778149222494)
(-13.9409121925449,-9.79222574058508)
(6.63856975212953,-14.6367248391204)
(16.0590695767026,3.94302831935907)
(0.117654710607643,17.4230145492777)
(-17.0455970459797,4.99662128460813)
(-9.23593678758227,-15.0341459511521)
(12.2728256844982,-12.6151886952155)
(15.3971775432268,8.83552481191239)
(-4.64532401070466,17.2480108246599)
(-17.8984853045167,-0.150912886096958)
(-4.35944764333858,-17.5077512331895)
(15.9527205231284,-8.84817726519691)
(12.7633921873869,12.9953582006469)
(-9.15378990751586,15.4170555523450)
(-16.9836811001062,-5.19840342715915)
(1.05743173472870,-17.9477120652928)
(17.9646252331356,-3.61506510913162)
(8.28736264730185,16.4362360500344)
(-13.6556129040437,12.1150862787767)
(-15.0391333799004,-10.2742038194895)
(6.30788636377574,-17.2756926464085)
(18.4591817750234,1.66977421997480)
(3.09886785503541,18.2392500245276)
(-16.9073698964729,7.49461728318278)
(-11.5684515986457,-14.6727423152583)
(11.2781739582969,-15.1296718228344)
(17.4915061236451,6.90414014122522)
(-2.32820649487255,18.4977410056353)
(-18.6114251009527,2.19784726944276)
(-6.94756602513852,-17.7273710432311)
(15.2990515972662,-11.4642828106904)
(14.8279967614908,11.6880746426102)
(-7.76244097042905,17.1037164778612)
(-18.7801622390531,-3.36809666136948)
(-1.87626203183678,-19.1492042112371)
(17.4089698347498,-6.77778716757082)
(9.98942024264092,14.7905444859858)
(-12.8962129048224,12.5991110734215)
(-16.3527582292436,-10.5572200418902)
(5.57683996723118,-19.9156838137896)
(20.4154181073219,-0.939383944542023)
(5.75842559222014,18.2938101406418)
(-16.6285006344861,8.75943971434274)
(-12.8148309784781,-15.6640208843729)
(12.3484878675699,-18.2375628125909)
(21.7194624087619,5.82000280738777)
(0.947713121430192,21.5537645252906)
(-19.7465668321352,5.87545165823191)
(-10.1063126827114,-17.9418164172667)
(15.1814348364771,-14.5943031799008)
(18.1937432140843,10.7854299924599)
(-5.80235837457739,20.1883687181001)
(-21.2186773907704,-0.668539100950663)
(-5.15392560271979,-20.9711459065174)
(18.3872510722726,-10.7100526112535)
(14.2584325901956,14.4799821070604)
(-11.2790161598108,16.5795376690636)
(-19.7483448067469,-7.96230894112739)
(2.08156294679196,-22.6889433253068)
(22.2107277634411,-5.44238160821130)
(10.9688466806363,18.4438567361782)
(-14.7184181271566,13.7922645381863)
(-16.5547339308865,-11.9692243757184)
(7.92783817673844,-19.9432897395992)
(21.6914377723177,2.00897567494246)
(3.69854191659194,21.0117030583775)
(-19.3954960444639,8.41028898631534)
(-13.0566670728757,-17.0570312351435)
(13.1290008683927,-17.0549286566334)
(19.3197116570039,8.73848589203183)
(-5.00139328624156,21.4501274540422)
(-24.6044932049480,0.652999166812225)
(-10.2577177466533,-24.8206005530867)
(18.0297212910145,-19.0436230684312)
(20.5762361487128,8.33152624827524)
(-3.62303289842985,17.0593834838133)
(-16.5300287811607,-3.74710000001430)
(1.31642979604012,-20.2820893752737)
(21.7859053919777,-5.84581148403626)
(12.1834325200730,18.3717210758040)
(-14.5696219088844,15.0892229473298)
(-18.5151471208199,-12.3070428974298)
(7.31178923419863,-23.7009477582705)
(25.5469060993097,-1.80197713344154)
(9.61621218495210,21.6385751043621)
(-16.6956110398911,12.7021869019550)
(-14.6195302805661,-14.3512591015200)
(11.8398179314373,-18.5666362600566)
(22.1273446668228,6.35691115776600)
(0.119793886258063,22.7016920908837)
(-21.5730420913706,5.50905153118390)
(-10.6703663069134,-19.7117085745212)
(15.9479839686196,-15.3145671825259)
(17.4538263046151,11.4224294887645)
(-8.98586542615101,18.7134081277206)
(-22.9119376262158,-6.57397751561541)
(-1.07578958205838,-27.8085512591289)
(26.4583928595168,-12.4764296686703)
(19.7380546834449,18.5906532994081)
(-11.6911236995806,20.8175542064860)
(-22.0777925050470,-8.52491244448139)
(3.36604501697690,-26.0506590388588)
(26.8026074876534,-6.18271529201365)
(13.9168570292764,21.3478600622795)
(-15.4735848326853,16.0479205605735)
(-17.5084483912195,-13.1843274632763)
(10.0733832037420,-21.9319121978834)
(24.9138014096235,2.83369135297259)
(4.06527414644522,23.1675163735557)
(-21.0849546688495,7.41047781956280)
(-11.7831378220224,-21.5907796281207)
(19.3878375242409,-20.1431157323494)
(26.5224572883515,10.6287518772306)
(-1.08017307752169,25.7135282728586)
(-22.4178438631462,3.17225948386469)
(-5.74002150853597,-22.7703828199434)
(23.7522917735492,-12.5806340133162)
(21.2015524003722,19.2637879765650)
(-10.7527468579475,25.4156833659020)
(-25.4089755675020,-3.70555006991453)
(-1.48282733198851,-25.2530417670785)
(24.9714667612046,-7.66579727648324)
(14.2697543451462,22.1672282380293)
(-17.5389589273258,19.0579846057910)
(-22.6366294078161,-12.7434433566999)
(6.76992304568440,-25.7602424188326)
(26.4507713660276,-0.616438778573301)
(6.54369709923456,24.3839968040784)
(-22.9358922090387,10.5126943130868)
(-16.4764697743280,-22.5334662911312)
(18.1885116980487,-25.0402925667857)
(30.2531279846356,8.29580270197314)
(1.14993831277159,29.1065179450688)
(-26.8440613033795,6.40093774696471)
(-12.2880098139269,-27.0181846606396)
(24.1914419371497,-22.2692699056290)
(30.0539812214916,13.8354008839314)
(-2.00377618733322,29.1946056921493)
(-24.1373074477134,3.43232344722944)
(-4.93586176518439,-22.8904474208352)
(24.3962007778496,-9.80506410330517)
(17.8237753044292,22.1838843009788)
(-15.8050591787366,23.4248908770771)
(-25.8540384771102,-9.58034826569807)
(3.73139425991112,-28.2014594383598)
(29.5562885549192,-4.44352290525989)
(13.3101305184383,26.6084108939324)
(-20.7119668893153,18.8465229530660)
(-21.6896839466128,-15.8384975110949)
(11.5924431390539,-25.2114134472475)
(28.7449559449657,4.92916078816884)
(3.41770068021727,29.1317298116740)
(-26.7136817044691,10.4015156071209)
(-16.1670949080662,-23.8225623586559)
(19.7562117740655,-22.3279644423222)
(27.3174146938295,12.8742163785626)
(-5.05287177375582,28.9338767341644)
(-28.7702565480507,1.28010732168794)
(-7.64753825775838,-28.9032459709276)
(27.2624582305458,-15.9222441615039)
(23.5009538321509,21.4737316363834)
(-13.9474305479401,27.3072262328395)
(-29.1604068889210,-7.82521820284700)
(1.35723377380660,-31.7493537471690)
(32.7612360048492,-8.13531500533799)
(18.0985022539990,28.7080305954960)
(-21.3863088289757,24.2688879916625)
(-27.2991358875820,-14.8556237844497)
(8.91131157742790,-30.3284741106764)
(32.8242387445207,1.00352757583693)
(8.14241239676042,32.1773032168768)
(-28.7109016626529,15.9956111927718)
(-22.5871359051970,-24.1420974027759)
(17.8325427892409,-28.6781372583602)
(32.4968427678665,9.13959801767533)
(-0.427887342012917,32.7433453545210)
(-31.5884593648151,6.58817364849430)
(-13.9911109872331,-30.4322377360542)
(26.4963325446732,-22.8812813188389)
(29.5558938771039,18.1077288977148)
(-9.13623350357017,31.1854394028902)
(-31.0309485200192,-3.16592474577083)
(-2.53618087866536,-32.7789625869481)
(33.7996832544857,-11.8235842036699)
(22.4302008288634,29.6221406383444)
(-21.3546792604567,29.5505116618801)
(-33.0306715641931,-13.0208025322938)
(4.99539171466574,-35.4141807506996)
(36.2304638884396,-4.35693615034269)
(13.7998440953534,33.7348800775161)
(-29.1509160898150,21.3620881711085)
(-28.1673160217838,-23.9719455689858)
(16.3098940801653,-35.0704181592543)
(38.8941359420937,4.96553719419114)
(6.36593135033816,37.0910733795959)
(-32.6192215052017,14.0382943227730)
(-19.9886096025137,-29.1024362296099)
(24.8684588815276,-27.2703687139413)
(33.9650857031670,16.9833440177166)
(-7.22403075102343,36.8909942840304)
(-37.3158166798451,1.50916634832957)
(-10.6241892015436,-37.2136887106193)
(33.9447338077349,-21.6407181057304)
(30.5870583173453,25.0758625318910)
(-14.7679421040361,33.3209786462700)
(-33.0775797220642,-8.40494718201757)
(3.81782097619871,-35.6765576382015)
(39.7919094905041,-5.09774028744917)
(18.2382277123334,38.9855371388402)
(-31.5625112981474,29.6231431296892)
(-36.2583873219734,-21.6971321998307)
(12.0445701691999,-40.1327195168598)
(42.3810309297534,1.59734939678910)
(9.72383836408155,41.5523250800305)
(-37.3979250329306,19.9711855115436)
(-28.4828506750879,-31.3700918081386)
(23.6277368919417,-35.8634015536041)
(41.2125494196107,13.5423830265767)
(-2.35946885923039,43.0829383043670)
(-42.1148362317623,8.11941031044216)
(-18.1365974428764,-39.4531289735738)
(34.2387038158897,-28.1441126282004)
(36.4001072317462,25.7473644679955)
(-15.7275589566922,41.4516324587185)
(-44.4277235496527,-5.56285236233875)
(-5.96461372503705,-45.7856225326879)
(43.0782156901057,-18.8536044971968)
(29.4498036525344,35.4867244076476)
(-26.7678549175644,35.7002286401040)
(-40.9078081246660,-19.4241059973764)
(9.91309748073055,-47.5568670456337)
(51.2843548620754,-5.13392821730676)
(21.4973158178174,46.6894968842387)
(-36.0592772276880,32.1507132702129)
(-36.8450724842793,-26.2087239732323)
(18.7953997527104,-40.8532512981275)
(45.9630968119421,9.82983118721781)
(2.53973019713166,48.7238826800037)
(-46.7729430364920,15.5955401636497)
(-26.9330802362277,-41.3943848231707)
(33.8697750324373,-36.6951367199050)
(44.8003594728249,23.8424279351542)
(-11.5825251576653,49.9382653514846)
(-51.5482838511208,1.49551756304633)
(-14.5494896881300,-49.9823509399071)
(45.0940845307990,-27.1147890335704)
(37.9632998512950,36.8698276392709)
(-26.4035711051561,46.1968457103466)
(-52.1131652856279,-14.3760953073161)
(0.305196539044321,-55.2398682099271)
(53.6477056331446,-14.9305642954133)
(28.2670293469448,47.1123079682805)
(-38.3282666843141,38.1596650905969)
(-46.3105725178236,-28.8954463746213)
(17.1227332719149,-53.5529066695241)
(57.2731810913313,2.15645258359412)
(13.0944118532162,55.5079687564252)
(-50.1894211272820,25.9388408710494)
(-37.3705952952331,-43.3589750553599)
(33.6036704610645,-48.4544691538004)
(56.6962417419097,19.5904981404074)
(-3.83390491013283,59.5266501011851)
(-58.2458666930422,10.6525441618463)
(-24.3976643064055,-54.8950879858751)
(48.2298501910920,-38.5302345111375)
(50.7730892909307,36.5754264291392)
(-21.8979464188279,58.2278629287744)
(-61.5442445413221,-7.18264521517484)
(-7.75206642414977,-62.5310631071640)
(60.0381288631694,-24.0569653937980)
(39.7775145062524,52.0253015850162)
(-39.6597568380631,51.7438113065467)
(-59.6421962349324,-25.7371800120196)
(10.8171062911173,-64.7919381772408)
(66.6452598114917,-5.79096696142285)
(22.9075051779876,63.7005845047882)
(-56.3038852484363,38.3996164593776)
(-51.6768409207382,-45.7114154351822)
(31.9193486512516,-62.6633252829707)
(69.8890513886731,14.8935529665320)
(3.63019866721909,71.9361906900830)
(-69.2170982175318,21.6790496089171)
(-38.7120530124399,-62.4822680245703)
(51.4127630110584,-54.1357428934794)
(66.1934084555370,36.2415443151567)
(-18.6558388332782,73.7988837769064)
(-77.2794343336834,0.207281836135315)
(-20.2750302254817,-76.2142340995826)
(69.2070413980674,-40.0985038186378)
(56.8209596627384,56.7542828032403)
(-41.2442279395475,69.4814037130180)
(-79.0228370095774,-23.3143780701754)
(1.93002242648771,-84.2993260452179)
(82.2595121476885,-21.0674124482165)
(41.0233941895683,73.2667180725720)
(-61.5210832928774,56.5659698800276)
(-70.7925415183054,-48.3892395261950)
(30.3121041204896,-84.2580951242926)
(91.8528159577744,5.94565766259843)
(19.5476585205790,89.7521693881474)
(-80.8545743658928,40.7765740729459)
(-58.3739732321432,-69.6287221580420)
(55.5635996561633,-75.1492026007600)
(89.6830045924947,35.8062582026114)
(-11.1471012858846,97.9251998447463)
(-98.5249542266239,14.6861018432509)
(-39.4435541527315,-92.7720728858570)
(81.2198606194340,-62.5248668326079)
(82.4669079455558,63.6903008447071)
(-41.2647888721908,97.2622259368193)
(-106.038520052621,-15.7772715564986)
(-11.5273251222942,-108.477825464016)
(103.873205437186,-39.2776883549800)
(65.3410802002245,92.0679365230239)
(-73.9078399743383,87.9047319642898)
(-105.673679991031,-50.1874588159275)
(21.9552452675628,-116.831840395288)
(119.998223148621,-8.19621504219233)
(37.6264086949677,116.056071367331)
(-106.332609954420,66.1221724236107)
(-93.8797442910211,-89.4600413851420)
(63.4802470724480,-117.597974628802)
(132.376948092851,30.6250527624387)
(3.96623603522051,137.212880398908)
(-134.526244575259,38.0076354410372)
(-72.2220091621322,-124.538644583236)
(104.792620112749,-104.933737168934)
(131.350056451628,75.4451987515329)
(-40.3071334629529,148.681913830227)
(-157.418730505198,-2.13836304578621)
(-38.5117904541026,-157.133784447827)
(145.740724294877,-79.3706899515176)
(116.082320161103,123.510696711685)
(-93.2699999255125,146.410653639677)
(-170.351263154409,-56.0968629437987)
(11.3682243105947,-185.695022528526)
(188.146989124791,-38.4855300795131)
(87.8488764563346,176.399046146729)
(-152.703476489651,132.952865544856)
(-172.642588066547,-118.250824488798)
(72.6406885510669,-204.101948255698)
(222.654768544932,18.2032384489379)
(39.8094103004701,226.324675315484)
(-216.287826433417,97.7854387469055)
(-154.355395592488,-192.606461028394)
(153.708220604084,-206.408456585061)
(248.612145130600,100.228275390910)
(-35.6344849364513,276.971937751815)
(-289.482883644528,36.6973043992475)
(-113.725595151270,-283.909437681063)
(258.184070116194,-190.881215443852)
(262.861654469032,212.169488411908)
(-146.754371793102,325.061794380435)
(-372.388351820813,-63.1396296481629)
(-35.2929853547338,-399.241303928752)
(402.095698138401,-143.338215134687)
(256.902553211436,378.780569298204)
(-325.394119588331,371.506989613566)
(-478.974732719005,-238.941153536647)
(120.755556222102,-571.442920269572)
(644.495403719266,-29.4738702873880)
(216.132555760607,688.368038769183)
(-687.830464384895,435.135552675071)
(-681.003984144936,-642.791262739419)
(549.593825893383,-991.255049572835)
(1428.43064266567,302.365628785898)
(340.213957873549,1899.93452801599)
(-1985.47755884620,1511.87421252864)
(-2847.85925389762,-1139.60268602300)
(-709.677059911101,-3471.94845476003)
(2647.36949890705,-2773.68666897622)
(3840.72548612202,559.599188949290)
(1663.66536330109,3274.43749441154)
(-1563.43310102788,2845.09819575213)
(-2675.33930882538,165.407673221115)
(-1117.59778908877,-1751.72452288973)
(852.903702859536,-1286.30549419170)
(1111.51865995168,316.229910635140)
(-42.3858510588474,929.301551066265)
(-795.804976521118,147.878072421531)
(-308.282299068023,-655.404297297024)
(494.909995441205,-418.765055506880)
(477.071721914063,337.241189042447)
(-191.517869906540,499.718052493043)
(-492.657353369473,-54.9772100692250)
(-67.4587958719651,-455.241862945235)
(394.040316662270,-167.663508564375)
(244.287387241019,318.350729134828)
(-232.868876266171,298.593011632181)
(-329.213294164179,-141.387585579442)
(50.3938642508240,-335.564469544377)
(320.405211350446,-34.1107326090521)
(108.484740776989,287.193729660704)
(-239.050737376440,169.523973472457)
(-214.442011131450,-180.277590041898)
(115.648626373304,-242.410345199818)
(253.626898017667,48.8708256970643)
(16.3968909186152,248.119815234742)
(-227.085163376648,75.7886883905462)
(-125.951271023615,-193.459695471868)
(150.124054235879,-165.061257082142)
(191.183234487558,99.7366444780767)
(-46.4492715804197,202.804158902508)
(-201.056809542615,5.25765924763772)
(-53.4391172087768,-188.303938046204)
(164.826447795413,-97.2258778525717)
(133.157412125020,130.407649156515)
(-88.5396676290719,156.881570787617)
(-168.013517881559,-44.9483728253138)
(2.36752431851210,-169.255685945243)
(161.285757473004,-39.1620945345751)
(77.5171608133089,142.810929502945)
(-115.117365092145,108.539439795160)
(-130.460590037285,-82.0504200296667)
(45.8171864969276,-143.916912187760)
(148.043832138248,7.16343124003920)
(30.7663012616698,141.082198178067)
(-124.588983666590,63.3590043242252)
(-89.2268019926962,-102.590115980490)
(76.6432709103297,-109.751360987379)
(124.200119128203,45.9171514676703)
(-11.9389129832097,129.569385227416)
(-125.216309468614,21.0167535917633)
(-50.3305537955379,-113.544208652435)
(96.0281498254641,-75.9116716082710)
(96.6694720005881,72.4215547810920)
(-44.0579111684775,109.935547870382)
(-114.715657467711,-14.3551213376076)
(-14.2901794373160,-112.313528830922)
(103.599187839587,-41.2045221958131)
(65.1369675039808,88.4560905765642)
(-67.7979288754607,83.9821459699193)
(-96.6106273264106,-43.6386216907123)
(17.5448998259833,-102.776699903673)
(101.961931586124,-8.93798989499275)
(33.4017589873986,94.3951456703327)
(-81.9651446084172,54.2757370125109)
(-72.0018272779691,-65.9659052027567)
(45.5845316005169,-86.3685799887825)
(94.5974272023791,20.9246311769169)
(4.51930250739234,94.6254740164299)
(-88.2547895665549,27.1338323033562)
(-46.8987812481626,-78.2097934027825)
(64.1341247326656,-64.9089343277743)
(79.2689724249041,44.6676492383930)
(-21.6290409870414,86.8132499131598)
(-87.3235602476587,1.24885694017741)
(-22.3537278637547,-82.8039881548562)
(73.9024707516601,-41.8758356325508)
(58.7691505286812,60.1131061484531)
(-42.4122073112836,71.0355220028728)
(-78.0975446023487,-22.8991490525186)
(2.70051905790800,-80.4198985156247)
(77.7589606521952,-17.5669770924156)
(36.3468252278403,69.8351616320286)
(-57.6088189114575,52.0397820393970)
(-64.1364914749371,-42.2541353453455)
(24.2798158805868,-72.0875585128101)
(74.7583383841999,4.90439476785898)
(13.6411758181266,72.2216894416800)
(-65.9973580790566,30.3520816841068)
(-45.7118492912319,-56.4538192785369)
(42.5480736127954,-58.7656511427431)
(66.8469816772093,25.1560758951017)
(-7.49086601944263,69.3621410972736)
(-68.4905805438129,9.06377934482390)
(-25.9646781932997,-64.7407113195807)
(55.6337233836732,-42.7920324057763)
(55.5123493445329,40.7336029799256)
(-24.0284895105215,61.7141534760389)
(-63.7546679110094,-8.80124251319646)
(-6.15630071322022,-64.0736627389277)
(61.0424459762070,-22.4609612964339)
(37.8450485904158,52.4490838557980)
(-39.8055944503012,49.0652092965127)
(-56.0772980684520,-26.0332926917117)
(11.6346669016216,-60.2669810876445)
(61.1382499562427,-3.89750328220219)
(19.3020150894883,57.5808606448489)
(-50.1854869069509,32.7858974573350)
(-43.8814834346795,-40.0139912350267)
(27.2812786250686,-52.1368957209093)
(56.3633440474322,12.9548960766878)
(0.927122038320592,56.7448975156152)
(-54.9446095897932,13.9777603564110)
(-27.5538500493921,-50.7750543717333)
(41.9500895442740,-40.8459908258745)
(50.2702851376944,28.5081006464622)
(-13.9836733185497,54.1986848767585)
(-54.7399253689580,-0.708341990456039)
(-12.3882919334263,-53.3631614069669)
(48.5808365021770,-25.8012742915245)
(37.2199264189403,39.6347962826599)
(-28.5827755052766,45.0449594062804)
(-50.3128110885293,-16.9003940548506)
(3.77696761498144,-53.3722383479053)
(52.4410555634033,-10.5314478328958)
(23.4737866522673,47.0911511121504)
(-39.3347178123208,33.8305188868691)
(-42.6398563854026,-29.8973314745258)
(17.5536414122718,-49.3218319628809)
(51.3149815643916,3.33421797558154)
(9.29154131302722,48.8051902680626)
(-44.9327734930388,19.7374133522825)
(-30.6933663548611,-39.8985446707477)
(30.2589314097899,-41.6636481625041)
(47.7458482127301,15.9629349345941)
(-2.38893547283112,47.1140023183302)
(-44.1026882021607,7.22853221220209)
(-15.9122320415730,-42.0146319324264)
(38.2480976892131,-26.5034300136429)
(36.4012523177006,29.8145342665261)
(-18.6415376891567,42.1535666310420)
(-44.5042257473406,-7.81554111738814)
(-2.96722656767336,-45.2800254570014)
(43.4642025968210,-14.6638150192739)
(25.5504886829771,37.8016763517162)
(-29.6395814575715,33.8153949947576)
(-39.9367271433296,-20.3199291319829)
(9.32144380243821,-43.9868370275053)
(44.3190230143917,-2.76867199513135)
(13.3751263995127,41.0273769842253)
(-36.5999385338180,21.9992318583632)
(-30.8429859024112,-31.2309881761783)
(22.0536918899946,-39.5030138757788)
(43.8427146681542,9.03618585573189)
(3.26996982973066,42.3226009963514)
(-38.5323107918606,12.1615483053066)
(-20.0296487917421,-35.0463704835916)
(29.7320280789285,-28.7584385380289)
(35.8866558121956,20.7517927756066)
(-10.3298022035694,39.0672156262043)
(-39.6025770233600,-0.761431181767801)
(-8.73927363024453,-38.8247274110372)
(35.4441321131610,-18.6271614327463)
(26.9058741655470,28.9446963369676)
(-21.2079959040723,32.6460533677087)
(-37.1267172882640,-12.7741935740225)
(2.20388355492962,-39.7230997534752)
(37.7122589141235,-9.18362949221998)
(17.3118810164710,31.8875785224112)
(-26.7586157179086,21.9212608339530)
(-27.3610406415545,-23.1616391024855)
(16.6145204750628,-34.6823481381320)
(39.0305285780545,5.38738615879224)
(5.95632968082994,37.5175184135861)
(-33.5184042849938,13.9088958613183)
(-20.7624866171579,-30.0465542276244)
(24.8935918371679,-28.7224236855650)
(35.1630067722370,15.8969505230564)
(-5.45131618313158,37.4020663350097)
(-36.8840673860638,3.85770507416495)
(-12.9812314432296,-35.1025594875991)
(30.4046420071687,-22.3963685916552)
(29.3558004367306,22.1839536695484)
(-13.4123475872855,32.3792851187677)
(-33.7693418897786,-5.92573681064346)
(-2.12659280109010,-34.8332114264556)
(33.3685676566439,-11.5369224050725)
(19.6425571027893,28.3711561388787)
(-22.2704109568863,25.0183550079558)
(-29.5089109466307,-16.2393108316276)
(8.43093845163619,-33.5035755506660)
(34.4911986524833,-1.17549510583103)
(9.64948194740492,32.1261637230439)
(-29.0477248678615,16.4749880685379)
(-24.0642186698503,-25.1149012318386)
(17.1536918966012,-31.4255821646372)
(33.9852822966637,6.03081176617955)
(2.92783565030424,31.4290369190103)
(-28.6295781691942,8.34293154419225)
(-14.2588963095173,-26.9955432691844)
(22.6393440743119,-21.4529923301871)
(25.4976178477283,15.1537273545669)
(-9.56075673686328,25.8657342976306)
(-28.0440810727229,-6.61492032709013)
(0.175636654916894,-33.1422060615667)
(34.3529935034303,-11.8743527330457)
(22.9369324885974,27.9671757474861)
(-19.1224408529632,28.2766264515408)
(-31.3842857264028,-12.0087910295496)
(3.44111508152461,-34.9006890916683)
(34.4287370232464,-8.35069475876123)
(17.6390406893893,27.5171484735025)
(-20.0755235804475,20.5653889177185)
(-22.3036166081311,-16.8150175743292)
(13.1740745575278,-27.7028734977470)
(32.3969597719693,4.10566945070820)
(6.44360061115973,30.7892985870399)
(-25.8588623874863,12.6147960983545)
(-16.5223704023601,-22.9744793649858)
(20.1112357050610,-22.8680379806546)
(29.3332812394607,12.5514062333296)
(-2.31243450323885,30.6305559232531)
(-27.7009980662789,5.19015672997131)
(-9.92988695642856,-25.1548540664043)
(23.1555236987155,-15.4243994763979)
(21.5027858725267,18.7597529533770)
(-12.1789201812728,25.4117041728607)
(-27.1172748005827,-5.65981501071037)
(-0.920470689348685,-27.9647847200346)
(27.0678271351071,-8.31662519179927)
(14.9613052042044,23.5657972521808)
(-19.0396331722928,19.7914945767121)
(-24.1642593921506,-14.0851036466491)
(6.92065488855540,-27.7109821804051)
(27.4399844845442,-1.49210082931184)
(6.84765593339410,24.1633367283623)
(-23.2089537245540,9.51940197346769)
(-15.9813049770612,-24.6612232233980)
(20.4861242029806,-27.4274890850168)
(34.6707316818012,7.03118269643837)
(7.09553150477773,30.8078202132519)
(-21.8882207802102,12.5995823745097)
(-12.2753555602728,-17.5993059855320)
(17.5931019067681,-14.6028000491703)
(20.4917909746219,15.0370435819901)
(-8.43559725773652,24.6241663140363)
(-25.3198930723168,-1.57449430402156)
(-4.34386866594466,-24.8565932177798)
(23.3085080561184,-10.6825088392198)
(16.4394433451925,19.3283145195042)
(-14.3202120699513,19.9414631718477)
(-22.6096200756273,-9.85913772670661)
(4.11526059979062,-25.5469532602873)
(25.9767066194172,-3.91613489628878)
(10.6488554379849,22.2773767539973)
(-18.2036425823308,13.6563782946966)
(-16.5643961392117,-16.6094797077159)
(13.7470260291481,-22.5004646736189)
(27.5323217790537,5.80505136471716)
(3.71883204801543,26.8892402811157)
(-22.9569124084877,9.64685280350850)
(-13.4320269239299,-20.3858587850464)
(17.7700503466920,-18.9528088820148)
(24.3465050362492,11.3465782156303)
(-3.00884921656653,25.3587614717101)
(-23.2631948749243,2.72375531092914)
(-6.52734150135926,-22.2080145002220)
(21.5868055752425,-12.0433146035538)
(18.5710020566713,17.8634986441474)
(-11.4351427158838,22.5598166176610)
(-23.9182896196757,-5.35184196143737)
(-0.369486591650673,-24.7606950990141)
(24.3092574317075,-7.29122496314025)
(13.8828514429821,20.7227478903010)
(-15.5559288018724,17.7552068985062)
(-20.0409227560878,-11.2158246049616)
(6.66455532762158,-22.6497887230854)
(24.1434660942190,0.348238363930806)
(5.92904481217398,22.9443703412863)
(-20.9485298941265,10.6712678402958)
(-16.1437686515928,-19.1751327556488)
(14.2023278504359,-23.1193775884430)
(26.7423233459463,4.39916226268488)
(4.82887299153992,23.5080074513085)
(-17.9866829047033,8.19870699808620)
(-8.73350201914250,-16.2141750692219)
(16.4734440966585,-12.2987197502950)
(17.9958422727805,13.3631582762584)
(-7.17625820388028,20.9571947650647)
(-21.0928579929506,-2.00467303361811)
(-2.25295019540764,-21.6374220846541)
(21.7791262399576,-8.50366301521353)
(15.4316200359020,18.1517596673502)
(-11.7746298947394,19.0277869129070)
(-19.5233811861461,-6.68879248914528)
(3.14263726804247,-20.3658086197158)
(21.7296046382324,-1.75736531950101)
(8.06417613257104,20.8918533046815)
(-17.5969166602408,13.2519255353577)
(-16.9083394778377,-13.7211885491992)
(9.25278826362204,-20.1140788030859)
(22.0187660593444,3.41738585152577)
(2.34839507902649,21.6591801494711)
(-20.6588223219802,7.05523462331019)
(-12.7938181404923,-19.5781344713263)
(15.0304347045518,-19.9307790221252)
(23.4665698150125,5.69653442077593)
(2.65023566246235,20.0183662854678)
(-14.7273457484532,4.46370134173685)
(-3.32212967550273,-14.4902891811519)
(17.4571363300218,-6.56063910240462)
(13.9219125648280,16.4667994691712)
(-10.3597769747716,18.9815677102929)
(-19.6704359098032,-4.21950802941208)
(0.0783200165999376,-19.5684014763002)
(19.8902497928728,-4.76788355378325)
(10.7680694980522,17.8971318400280)
(-13.2363277421718,14.8298946498066)
(-16.2963698292903,-8.94583239183743)
(5.70531077199096,-17.7599955245540)
(19.4933614259453,1.16689419862524)
(4.59699702397278,18.9258201390403)
(-16.0673717956838,8.69816259004732)
(-10.9311736977310,-13.8554554527330)
(12.5283755030647,-14.2041301734422)
(18.8018723546191,8.95123058817254)
(-2.35466066534946,21.3172320749974)
(-20.1898118939932,4.11945839359734)
(-8.51724842495437,-17.6717988955210)
(15.3305539625013,-12.2566653331405)
(16.2290140026062,11.8957342639047)
(-6.69962078749028,18.8384468576773)
(-19.1430544501099,-1.42360436684563)
(-2.82549258335574,-18.4428521312671)
(17.5642969238791,-6.98696762244503)
(11.5427397097687,15.5023767160520)
(-11.7224603998222,15.2786465270804)
(-17.3899913709858,-7.28178329292464)
(2.92815515505560,-18.4735547143215)
(18.8228540990889,-1.72538761870454)
(6.64822722997271,17.7994639686720)
(-15.2854246914711,10.9500288248501)
(-14.2513883473362,-11.9703912322604)
(8.07235146901924,-16.8205267401745)
(18.3713353486723,3.38172600293515)
(1.55095877847937,18.3036272723611)
(-16.9494655215561,5.80787714716190)
(-9.43620550258641,-15.1127273122886)
(12.6759825652935,-12.9945753756036)
(16.1420544003061,9.00375137375295)
(-4.32812786944183,17.9603609254668)
(-18.2534006522975,0.468340893266846)
(-4.98431917271220,-17.4226647243528)
(15.5646368888018,-9.19896382189019)
(12.7944506125778,12.6358054564312)
(-8.96101852004683,15.4316334061454)
(-17.1381031816473,-4.85791304045810)
(0.361052335030416,-17.8579540901953)
(17.2962146540496,-4.25572019134670)
(8.43502327734097,15.5188480582608)
(-12.8992600320917,11.9955525782894)
(-14.9624090974283,-9.42974103182212)
(5.05453802018180,-16.8478895424031)
(17.1735782260971,0.466154035310946)
(3.57738027835423,16.3880271356094)
(-15.0739203369107,7.28353065974986)
(-10.9376021406694,-12.8559141950176)
(9.41735952082611,-13.7966073643739)
(15.2870807694164,5.60128704623668)
(-1.97783864222597,16.0877534728539)
(-16.3746597308221,2.20122187615547)
(-6.77018191302044,-14.7893711416814)
(11.3390763999248,-9.48641464174131)
(9.72109743330910,8.99169980065133)
(-9.25291424289937,10.8910663271906)
(-15.6067122208043,-8.51323999266253)
(2.80140012693005,-20.5895144236819)
(20.6958344565223,-5.80845320372708)
(11.9713522533846,16.1863248212188)
(-11.3851419208906,14.5035999558540)
(-16.2351200124626,-7.75532377757832)
(3.39054612372578,-17.9712471088956)
(17.8932306457217,-1.83658031796861)
(5.95792191831742,16.0618370686635)
(-14.3077822951577,9.06092187018957)
(-12.7485980121433,-12.2121785387703)
(8.03404346367099,-16.1059384311125)
(16.9525139089708,2.85616760670973)
(0.916000897358967,16.1499851210425)
(-15.9125751970481,4.01757908284120)
(-8.45577944353655,-15.2191068173793)
(11.8931836656892,-12.8061281846630)
(14.5391376512310,7.44712744688013)
(-4.48908465380339,15.0335394070784)
(-16.6881396812893,-1.52393526598538)
(-3.80071482056219,-17.5100665330809)
(14.8046375386951,-9.00011654927344)
(10.9718584524784,11.2757467730120)
(-10.1999450965849,12.6855881037531)
(-17.7038606612407,-7.86917973779444)
(-0.344974396698673,-21.3562917751058)
(17.0784160680348,-9.43709496528631)
(10.7689033605292,9.03158894709044)
(-7.25658137518813,6.76673985799465)
(-8.02837837936736,-11.3024734696186)
(10.6097792542789,-16.0292752848893)
(20.8126248455394,1.79672757197843)
(6.56003236886439,17.3487085191965)
(-12.2071819261341,8.62872613005362)
(-9.08146357304373,-10.9004619313331)
(9.86275156134486,-12.4761688629023)
(15.6117796713244,5.35822422244900)
(-0.400189004575768,15.1924772442606)
(-13.9212382603188,2.09530159402397)
(-4.61259204419433,-14.1682416844472)
(13.3863704717437,-9.03529505479600)
(12.7259116279101,9.88194901725129)
(-6.07734091331508,14.1190527011844)
(-15.2702128063285,-3.04054338642604)
(-1.25432538435566,-16.4000570514927)
(15.0457619213092,-6.30904693383576)
(9.17753073629736,12.0580312234133)
(-10.6021535909549,11.0766832495762)
(-15.4973397040042,-8.65250723867402)
(1.64350776887806,-19.4471672796664)
(16.5337532004891,-7.15437684828310)
(9.60123665982188,9.16010662611662)
(-6.28146621054403,6.57766055720318)
(-6.86640059887835,-8.24662045773157)
(6.76511809267488,-11.2099503170105)
(11.4005458922868,1.39871784397249)
(-1.07229488416637,7.49992634149602)
(-10.0195007642147,-5.64030441895018)
(2.43799240574034,-19.8267919562483)
(22.4057714030947,-11.9719866831831)
(22.7143271454471,10.5401091643482)
(2.66727035365481,18.8685722321081)
(-10.2047031055107,4.06274891318653)
(0.119685368028850,-10.1919185425327)
(15.3185576487016,-2.61917316964377)
(10.5634696653565,14.5029938828706)
(-8.29899658206237,14.1789188622390)
(-13.4637895784450,-4.58016786705313)
(3.16835009285871,-14.8037714733190)
(17.3808819223743,-1.47205266665311)
(8.07189749194439,15.8744725611891)
(-11.5378884222084,11.4997034549587)
(-13.0175615885329,-8.87969386610219)
(5.98233561501481,-16.4501845863873)
(18.7412132654579,-1.04939130136617)
(8.44906668736809,14.9489331078110)
(-8.44824590897023,9.98333216650246)
(-7.79933363519234,-6.08091049758986)
(6.95260664274339,-8.41717887978483)
(11.7165196606869,5.38076847468006)
(-1.14919462513976,12.9647878568540)
(-11.9113560335336,2.01628702564089)
(-4.22768847919567,-11.2184204632855)
(9.90292388204719,-7.25634912006494)
(8.88111619756800,6.62737412077603)
(-4.96363845945448,7.66414084632306)
(-8.51379775857614,-6.97483308665561)
(6.58032147215563,-14.7800264731987)
(19.8502075507267,-1.58886693630696)
(11.6192511504078,16.0794157537548)
(-7.43482459164434,14.3053936173779)
(-11.2596634568598,-3.28093353670798)
(3.72554368892030,-10.8557278275461)
(13.9291681069010,1.65844803063378)
(3.90472982996036,14.2982199696189)
(-10.9315490952282,7.41610499372664)
(-7.85241255120872,-8.81049626276397)
(8.79322671201482,-9.76194672065578)
(13.8730139762793,6.47591027775764)
(-0.917602934536310,15.8559056156708)
(-14.3371467091193,4.02213108953695)
(-6.87847553042683,-12.2338894124292)
(10.4353619571515,-9.68532613277385)
(12.4520251262624,7.19978772707830)
(-3.08582752944228,13.2577245327231)
(-12.8138366973059,-0.0810974557188699)
(-2.75623268710383,-12.7855608708898)
(11.4975490498263,-6.73783621500358)
(9.09019341101274,7.49998931400448)
(-4.56674385051295,7.59624710248201)
(-6.63192025256069,-6.10951337397483)
(7.64398149627819,-11.0463837774532)
(16.8859973323998,2.79441493705277)
(5.78110646635611,16.5458675617384)
