10000000000000000000000000720.
0.040000000000000001
(3.75692448936923,-0.167036294747763)
(5.07944999623003,2.15828248720278)
(3.49382625239292,4.81968879645235)
(0.276375780251705,5.12257351039963)
(-1.78581641254341,2.98159866594429)
(-1.45886626466053,0.622047570421492)
(-0.00823730116049186,-0.0973526884077994)
(0.666396294610829,0.524601154498743)
(0.178606522661902,0.929534852006809)
(-0.359001333585026,0.377965674388030)
(-0.0703974837681769,-0.400434333203813)
(0.611099499968654,-0.480934615908439)
(0.736212314194983,-0.0433694012581025)
(0.225004839927210,-0.0438525428675413)
(-0.0137327680817315,-0.861537899423942)
(0.722277178686488,-1.76031627418835)
(2.04462207973690,-1.79093503901867)
(2.97532010065745,-0.882386416148021)
(3.06071403074943,0.227879466433366)
(2.66289106285744,0.960119038705554)
(2.23214458692078,1.40699736761522)
(1.70025877520283,1.83653553701740)
(0.808974501029445,2.05439220863357)
(-0.209336988088081,1.60251370667753)
(-0.670536146823250,0.507777418459386)
(-0.222702558372750,-0.522331743953548)
(0.676869516606367,-0.808656455802491)
(1.25570438516114,-0.417527248234899)
(1.25603097509786,0.0269733353025209)
(1.04844689747276,0.132526369898810)
(0.988180086546187,0.0663928056346657)
(0.982306228581535,0.0784164676534314)
(0.845502908129530,0.0304674838172859)
(0.812873810737668,-0.312625244887253)
(1.30529348271767,-0.669833684290146)
(2.15880081921112,-0.352689104079545)
(2.47578634867767,0.815567998843626)
(1.57739630517617,1.96007669643352)
(-0.00941886001164117,1.92809119251288)
(-0.902513018424257,0.642803027570667)
(-0.363329028216035,-0.639712588849755)
(0.792597127334696,-0.666422988146025)
(1.06717534178961,0.370319604260823)
(-0.00547031020601309,1.03560843674166)
(-1.34177065685530,0.317249458651746)
(-1.63076409149714,-1.24016805607131)
(-0.878610467468934,-2.31796417379441)
(-0.247597861740325,-2.54565045745073)
(-0.361798095540306,-2.97001572286700)
(-0.220547370755187,-4.57670919245088)
(1.76539209897567,-6.62065636570705)
(5.65896143340072,-6.92976580707948)
(9.29711504286269,-4.12187786529704)
(10.0572233048695,0.624150900593098)
(7.39907048962482,4.28945823178483)
(3.54520689536385,4.65995878420167)
(1.54897712243952,2.29653935716725)
(2.63306695302300,-0.0625152989534687)
(5.30231974471550,0.0101826468152050)
(6.87938828004603,2.64471811831214)
(5.84248842531909,5.86688039664572)
(2.85497150460545,7.49391251199080)
(-0.157326915422857,6.85874966625957)
(-1.74894847118541,4.96556395372355)
(-1.90669492491044,3.26835115421689)
(-1.58139921980291,2.39379664173030)
(-1.51326611246126,1.92740736773815)
(-1.56885882028440,1.24006291591359)
(-1.15098979749222,0.364203885295880)
(-0.122525312653091,-0.0145206837599246)
(0.821586297083126,0.593468665777766)
(0.792282395468681,1.75743609803564)
(-0.309026014615066,2.39318139955705)
(-1.56502914337822,1.81427943264895)
(-1.89879529148908,0.450061522047692)
(-1.12997451655947,-0.581074058176877)
(-0.0891329628296880,-0.602638594975843)
(0.314091216323014,0.0156694708574071)
(0.00594843694924276,0.401277804090229)
(-0.346594213468555,0.176838885610761)
(-0.219931961964062,-0.242917564835266)
(0.199187372132533,-0.298132914222569)
(0.377850940486933,0.0145924674683693)
(0.157067638859411,0.235379806511410)
(-0.115644282606855,0.0958783317385399)
(-0.126360997458637,-0.182022347174705)
(-0.00157121752174428,-0.293657532809660)
(-0.0294895062887271,-0.324347635771924)
(-0.141503731583181,-0.592080014946624)
(0.0598267559600360,-1.09130374835161)
(0.726673204792948,-1.36408029978269)
(1.45220894590036,-1.04076166595929)
(1.69884963300249,-0.335328721586554)
(1.42151897365394,0.195011321220318)
(1.04834233331800,0.310405066024192)
(0.869067891235863,0.266022667547197)
(0.718387869778765,0.291770203690874)
(0.412956079658297,0.180734393285041)
(0.263333456766116,-0.334648728436139)
(0.776377327575446,-0.922221586342600)
(1.80806621525409,-0.779119523365924)
(2.38174231637140,0.371841328901935)
(1.68498971958849,1.66498654843996)
(0.147095320633052,1.85527326100510)
(-0.852502160256772,0.735228110820376)
(-0.493948312502597,-0.535251851698805)
(0.529336964038280,-0.734082278825802)
(0.851915746059901,-0.0131367242416142)
(0.118782999307622,0.317454839767148)
(-0.558317853388615,-0.553302223217207)
(0.0289443105729124,-1.86978068444623)
(1.66361443546636,-2.17141032149395)
(2.91112959617876,-1.03014636198523)
(2.78550250514620,0.472153326407021)
(1.80887904744867,1.06620036771955)
(1.22017133805897,0.725052307144993)
(1.42993376461907,0.465688512416023)
(1.67806032626357,0.913732316948663)
(1.20403316097707,1.53788237671868)
(0.301721023795264,1.46756143062400)
(-0.102375884355548,0.708119811899270)
(0.300892947366768,0.129263821860066)
(0.822008861371254,0.306731332588976)
(0.721477125107938,0.805162134249944)
(0.168051817767748,0.826358124334423)
(-0.0597127735154576,0.291782513703917)
(0.339212117559785,-0.100060347766726)
(0.805761259842985,0.142226773708222)
(0.713086144755590,0.654638458921967)
(0.199097382319642,0.755380889461406)
(-0.0862129266051816,0.367630617308062)
(0.0980897544912876,0.0466369107305786)
(0.310578049126479,0.133876618458266)
(0.150837282684321,0.283058832747952)
(-0.105680410458893,0.0348504334562073)
(0.0880640438070514,-0.414245420996752)
(0.670620479182366,-0.411921112726477)
(0.918879853634408,0.198082971555519)
(0.397052353435096,0.721419564016406)
(-0.368841571119370,0.447130978342753)
(-0.480760409991494,-0.395543297862317)
(0.194199303773045,-0.872698551457565)
(0.850076896798243,-0.514296371862989)
(0.782647235721495,0.121095963595366)
(0.261520784663471,0.228848534373792)
(0.0818794231947410,-0.182929378200314)
(0.443589599716637,-0.386691256737095)
(0.708589778867749,-0.0114513923054933)
(0.347083146340440,0.418867635443981)
(-0.280355750954105,0.233511237223746)
(-0.418117532404702,-0.423253689801642)
(0.0189664946220999,-0.798671395193650)
(0.351677293381327,-0.620599390874447)
(0.178001765422222,-0.483234976592454)
(0.0363062605888386,-0.911463224905452)
(0.634725529765660,-1.42853168091061)
(1.66028240808775,-1.08041926576252)
(1.94660544105883,0.157841123565494)
(0.987490913399684,1.07719507620373)
(-0.211769652934606,0.674239629738868)
(-0.275514796148427,-0.465840557473713)
(0.748685442450430,-0.798050756106377)
(1.35643187638561,0.187218284200325)
(0.526791698578073,1.21276419853601)
(-0.852977245238833,0.839370708437182)
(-1.06607583459320,-0.570462703605247)
(0.139639281171148,-1.20933081830163)
(1.08733166529659,-0.185097580261072)
(0.302113302546050,1.19022820737813)
(-1.47993599376881,1.01174627005650)
(-2.15973195817155,-0.697443622129362)
(-1.01881779864731,-1.91191693074637)
(0.233259935028536,-1.23608826026749)
(-0.361789578673661,0.141008548866215)
(-2.33027852746630,-0.141677473644991)
(-3.16296281617913,-2.50263985531302)
(-1.47724871499742,-4.65611698854686)
(1.07198011837151,-4.38139304650249)
(1.73882368918672,-2.39812664839971)
(0.174946629472136,-1.58718412984160)
(-0.987712718528104,-3.36535399472062)
(0.641298178856952,-5.74038328418768)
(4.12236222271418,-5.60113583907190)
(6.12129443808950,-2.51287982660180)
(4.80254314984572,0.648928643296973)
(1.95645601407314,1.01702315820348)
(0.838891763198369,-1.02834999640764)
(2.43069645269815,-2.51606954056859)
(4.56668162553274,-1.43399174608209)
(4.69047580978573,1.16194569454601)
(2.69049314694260,2.72537120488199)
(0.593346647469542,2.19089059646181)
(-0.0209597519976932,0.758104529790063)
(0.474628441461967,0.0296888804279990)
(0.791686275584491,0.208879997434829)
(0.467388875001689,0.414807914247341)
(0.0546616111624878,0.149741371485095)
(-0.0111678178274830,-0.234025605953731)
(0.0133042484979444,-0.379575621872273)
(-0.174489005191383,-0.520952447141541)
(-0.322876161924845,-0.955302647783612)
(-0.0855463925850686,-1.41361173671235)
(0.280162258150970,-1.46644395886213)
(0.249155514827388,-1.33152299857915)
(-0.0213338982162974,-1.65045381386054)
(0.268671042751205,-2.37828129322296)
(1.30588897554940,-2.53994472822113)
(2.02372502190547,-1.56089054894733)
(1.36701345419485,-0.396806138459130)
(-0.0557936811058575,-0.531891168992473)
(-0.492301246359764,-1.85398223066243)
(0.485177870163873,-2.48197553262368)
(0.921588236799999,-1.37487758874624)
(-1.07540598775374,-0.444841458284268)
(-4.07888498982862,-2.72786041289516)
(-3.95427386743249,-8.10960913511739)
(1.34104689963528,-12.0964852950172)
(8.30481818513638,-10.2368065990573)
(10.7788315953444,-3.65869217004999)
(6.77331160680343,1.23341356183646)
(1.30624978066298,-0.470691726731218)
(1.22309683719010,-6.40194283685564)
(7.43105670983898,-9.20580732486898)
(13.6178868937465,-4.78099419392580)
(13.2890180831876,2.97458558543348)
(7.09399080604943,6.57013931589325)
(1.89478873971980,3.39516895805067)
(2.76772192566042,-1.65583478581176)
(7.46667693959999,-2.28748974630138)
(9.71347890151380,1.89090642481474)
(6.95182058894335,5.53784782994881)
(3.04732993991016,4.57547687373144)
(2.96789528407119,1.14023129321389)
(6.40073750041031,0.521102549869062)
(8.28565577477207,4.23481481202263)
(5.38482262732790,8.03863055761819)
(0.509419227689517,7.28797729206404)
(-0.878491353379442,2.83778442526145)
(2.59443153983806,0.131481020642133)
(6.45818598477241,2.65531694263975)
(5.68190031038420,7.78855989649625)
(0.488553516965442,9.93850775431289)
(-4.15687175834994,6.94987872359076)
(-4.38438583747494,2.14707989219867)
(-1.42573611757582,0.0401094052250237)
(0.591008509079860,1.27285208550503)
(-0.234154207327979,2.68762230015457)
(-1.83779676220383,1.73530220501009)
(-1.39610114967507,-0.535058414614156)
(1.01639524875713,-1.25331526678876)
(2.75871268402387,0.487152768415111)
(2.04953771665872,2.64506110982998)
(0.000810712243751358,2.88716203684371)
(-0.976799672922704,1.27146715352603)
(-0.0217054209777026,-0.180250963665746)
(1.55477128436664,-0.0209593146849805)
(2.14768870072689,1.25422371791953)
(1.56333150755743,2.28241687186575)
(0.679176818542266,2.49571369720094)
(0.0681945865999011,2.29195030933604)
(-0.419707802633367,2.00965688179146)
(-0.900170386436934,1.45087890355293)
(-0.975688311288276,0.505186344946042)
(-0.309927413695407,-0.318652005742806)
(0.709021902041546,-0.403943918329850)
(1.33429100597403,0.151787236529527)
(1.39476334543475,0.673275792173787)
(1.42420286114721,0.870417744353252)
(1.74306092661048,1.22844779304723)
(1.81387493929603,2.18675800839582)
(0.899226050952701,3.23043763309182)
(-0.774308270017691,3.27035833517036)
(-1.97224417267349,1.97527496677463)
(-1.75772519969321,0.343045328240060)
(-0.568656261136884,-0.320645678079656)
(0.297585405522834,0.186663488736096)
(0.160237730689277,0.878727479526646)
(-0.418120503565292,0.855252471337547)
(-0.524692219552975,0.300023064205895)
(-0.0629972172103578,0.0348689878998105)
(0.270674235103169,0.358816419123160)
(0.0204615272919457,0.719538450859672)
(-0.431464601676724,0.541556035243586)
(-0.439611587312624,0.00891976898470006)
(0.0229952036703096,-0.228525393411716)
(0.372789078763060,0.0522668381487385)
(0.234379304920510,0.391296229374152)
(-0.0850384190987053,0.319949059925150)
(-0.0777296471371536,-0.00841753165412538)
(0.244553975565910,-0.0836404837763456)
(0.393152623191275,0.215219977079116)
(0.116465931868373,0.446692853799067)
(-0.227522862968588,0.233993801706476)
(-0.158218764292873,-0.191055641039231)
(0.255916427554216,-0.285679294320668)
(0.467728991158391,0.0659215027476828)
(0.179241211934419,0.377919174901618)
(-0.248087024423972,0.197679161688431)
(-0.256239117665609,-0.287101940204728)
(0.171230815678279,-0.474651622805567)
(0.456693856866137,-0.129381010752709)
(0.143843799352730,0.275974128309250)
(-0.502575460608586,0.0943391474419166)
(-0.742318714133085,-0.725329365070749)
(-0.157776696089409,-1.53036423405062)
(0.899473971093089,-1.61538068691896)
(1.65749077194544,-0.895450889573212)
(1.63482828814780,0.0672229740520131)
(0.996101145309080,0.609065428643519)
(0.309946071694674,0.495568870608453)
(0.0427823385269377,0.00499253910123910)
(0.242513722878745,-0.390198269051960)
(0.598548370829720,-0.415664288058291)
(0.760530120689339,-0.163901475859864)
(0.641112576251581,0.0597937550494432)
(0.446387710083076,0.0667998799626302)
(0.400832134230115,-0.0307022523483948)
(0.457832548570157,0.00315959490676588)
(0.361381438016365,0.175212265289299)
(0.0316542731999777,0.198912822297112)
(-0.228093675391278,-0.115653899270820)
(-0.0840169880683419,-0.489684961586590)
(0.275161940972469,-0.422378522954304)
(0.181825513638703,0.0892729541697527)
(-0.697015254290171,0.280820914712443)
(-1.69360239215007,-0.621515229707552)
(-1.63058202588652,-2.33786813518585)
(-0.155782681034635,-3.54096709341967)
(1.63628144683519,-3.21484966888585)
(2.27381615864225,-1.90545000544232)
(1.63004458285497,-1.23333645334313)
(1.21735518111322,-1.98392727696286)
(2.44882712599615,-2.96763415692348)
(4.74624263445922,-2.20523734305097)
(5.82939492263504,0.699309333113947)
(4.12250276103761,3.74183823211969)
(0.643794012379937,4.40419207970914)
(-1.85614805935321,2.27595499568759)
(-1.65934470166867,-0.517939987544653)
(0.297611661303757,-1.57248279735040)
(1.67952406774305,-0.594568836114890)
(1.32963807249939,0.677643297245230)
(0.223277330713732,0.702465003498203)
(-0.0707715606083119,-0.216361854891987)
(0.648681898204211,-0.661405860495751)
(1.18385001237842,-0.0530817309614733)
(0.650946701912700,0.679002126070314)
(-0.357921867007903,0.415960007180033)
(-0.596627543428278,-0.658747212813601)
(0.188880050173992,-1.32013457311854)
(0.947413786182074,-0.914504847291342)
(0.716676962980520,-0.200607996439362)
(-0.111148507903528,-0.335962724072575)
(-0.302237922365030,-1.33649856729258)
(0.584424170765293,-2.01991757133059)
(1.56036810203184,-1.53651854480555)
(1.43479070848069,-0.531889555530328)
(0.379433640469874,-0.404963735581773)
(-0.192890114787487,-1.53066245850219)
(0.618194237494841,-2.69796892791538)
(1.97726522878997,-2.58581207481453)
(2.26406544285176,-1.54194630126113)
(1.21463917973673,-1.38484599663866)
(0.660667630827221,-3.20468393910673)
(2.71117408431007,-5.61771539275621)
(7.17066373188595,-5.67394083117417)
(11.0810789713560,-1.76751933967066)
(11.1641484504134,4.41474287231103)
(6.85977748583925,9.04285686063008)
(0.940883736344330,9.38760471847637)
(-2.89508522939944,6.03895035267234)
(-3.08048209485853,2.07239185217940)
(-1.03525614879819,0.191042356083086)
(0.657515050025001,0.678649170635063)
(0.667194924292125,1.86019842727740)
(-0.376485178113342,2.13756231506180)
(-1.12276450389357,1.36256428170354)
(-1.00650440419567,0.438769083908842)
(-0.487977708659034,0.0509985753854555)
(-0.174726587900327,0.0710558978421326)
(-0.113460244315626,0.0537074190381448)
(0.00197538958291403,-0.0863322962613459)
(0.236792157125522,-0.0995791855206366)
(0.329432443964119,0.0800450997755325)
(0.159758440385802,0.163539776588478)
(0.0161399428925308,-0.0641925433364280)
(0.224711392806355,-0.362285900794572)
(0.647183704555138,-0.301019235035680)
(0.788322076119470,0.140443669688238)
(0.431814936157616,0.475857995917164)
(-0.0384712597060998,0.304618850100873)
(-0.101461772080973,-0.165801960790577)
(0.236360476011869,-0.382807128037868)
(0.465454100368988,-0.174533852738397)
(0.275675843151240,0.0323184767528571)
(-0.00597261957344628,-0.182945928106826)
(0.139690901667301,-0.615999935877795)
(0.675364793861397,-0.671208055889763)
(0.989567879932189,-0.171996242779381)
(0.683330152678105,0.351228424209559)
(0.113711556860582,0.330766502636894)
(-0.0764593708281450,-0.0901899670793949)
(0.164028563154866,-0.273570734527743)
(0.232144765323580,-0.0122968726175638)
(-0.228986553864847,0.122728059758045)
(-0.697827212499661,-0.414565744428921)
(-0.392340808198212,-1.23240778623338)
(0.568358801967861,-1.32003581958028)
(1.05567930427520,-0.364250768774354)
(0.225394305030199,0.617628161439388)
(-1.32082387940297,0.302818027422821)
(-2.04164164184375,-1.38441387360962)
(-1.12547636360687,-3.10233954425952)
(0.677589812869315,-3.54384926656983)
(2.01946726462665,-2.73035877677877)
(2.40664763307380,-1.63840907021418)
(2.32779240700941,-0.858465687426024)
(2.14697233323215,-0.164161673167921)
(1.53793253984524,0.572489804018707)
(0.329817341554008,0.713129076989535)
(-0.612460357147257,-0.303289884466437)
(-0.147327619617677,-1.70549213733914)
(1.42896819087132,-1.82956275748474)
(2.19974142251390,-0.206047988932692)
(0.811958705557063,1.38464411615107)
(-1.49712433847186,0.783474793749475)
(-2.00380733712763,-1.65205635161238)
(0.0465141040786349,-2.97352129303869)
(1.89665753183831,-1.16111422787732)
(0.207032247688925,1.77870023627096)
(-4.50967692296054,1.41103677455595)
(-7.48091586340935,-3.96596828197948)
(-4.56923091510615,-10.5435493180634)
(2.77049590871583,-12.4416311415875)
(8.44620784756729,-7.99837786344366)
(8.00249634175039,-1.77404181625791)
(3.27256375108379,0.255990644904892)
(0.115865193256943,-3.02870957239600)
(1.92820848861585,-7.24179132411705)
(6.45525477081163,-7.90384064735916)
(9.30358863023866,-5.28691334653656)
(9.46100619523689,-3.06094003900220)
(9.95450101683109,-2.87830543551554)
(13.0575836962911,-1.96681485743223)
(16.3497925458430,3.12391109715284)
(14.8935804675821,11.3096719960586)
(7.15688954586253,16.9803271359667)
(-2.46141406631642,15.6244974929851)
(-7.70259835141152,8.63662428711473)
(-6.53736874897536,1.80686190877300)
(-2.49433565577418,-0.605032384031094)
(-0.213044951414082,0.542080247881467)
(-0.720875999120659,1.53765728531605)
(-1.55123716356545,0.524554263414496)
(-0.641277708232022,-0.991790858136665)
(1.18043177701859,-0.897519854859152)
(1.77850107730609,0.598395006864470)
(0.711765657190699,1.47747751709719)
(-0.334865188914305,0.707430791505484)
(0.0923262464899957,-0.532790777347522)
(1.40157721235119,-0.578967497898696)
(1.92972864642337,0.572253997441900)
(1.14088871866821,1.46481571108643)
(0.115309917808653,1.17938231775640)
(-0.0553288743639341,0.349911289402067)
(0.389605947600920,0.0487878851403735)
(0.495340434200243,0.312887658176992)
(0.0448558598796518,0.314821714633954)
(-0.253108693478197,-0.301998224939616)
(0.0659414038113407,-0.964142800654487)
(0.563858304718560,-1.16696358070529)
(0.749029838085484,-1.29535671271441)
(1.07621283629383,-1.90483725755190)
(2.39271649559691,-2.47901820977342)
(4.40036390892684,-1.68351568764862)
(5.38794147723504,0.855396994055667)
(4.01532197607668,3.55359441195418)
(1.08882207886796,4.26903261502026)
(-1.04995514318071,2.64737012360528)
(-1.00768956445194,0.537299922809587)
(0.259578454851942,-0.128807202746512)
(0.814600219292709,0.571637481285830)
(0.114277997959337,1.00451144886011)
(-0.574509179763653,0.259373065454887)
(-0.0981014693483410,-0.729053626635425)
(0.944976856677094,-0.591824934301313)
(1.00375540785056,0.495502525258864)
(-0.293485522824911,0.925412357564295)
(-1.52675445696624,-0.282462385433120)
(-1.21280656861956,-2.19026493801538)
(0.386157970612429,-3.10294360343942)
(1.71008150367976,-2.64047369134667)
(1.95755131805594,-2.02341998823526)
(2.02081077525644,-2.26775498158519)
(3.10104126277781,-2.73180142612493)
(4.88235046979403,-1.95245068347279)
(5.70724232590039,0.331306201743489)
(4.55602352159837,2.62186576270937)
(2.29525620686938,3.30022802905040)
(0.652677639925486,2.36633691247115)
(0.306791767336385,1.15612934802791)
(0.488885793756486,0.585298888955931)
(0.377955721327833,0.267709161613621)
(0.251245494284222,-0.505795587265953)
(0.884524025412068,-1.48921838656021)
(2.20843368543947,-1.74121325087284)
(3.22666170366789,-0.995979133738505)
(3.35148336696290,-0.109904013676995)
(3.22344641710713,0.149291350037637)
(3.72027241230622,0.280916432945472)
(4.44186399029131,1.38193271506221)
(3.91881829313269,3.33410174110581)
(1.60859133458181,4.36326067953400)
(-0.836840165972450,2.95613157267989)
(-0.989417600010220,-0.00712520198103470)
(1.58371277084545,-1.70386326301383)
(4.47700974564170,-0.264602586021965)
(4.78580595656734,3.08720972692076)
(2.15416993010882,5.19793255565460)
(-0.879868655526777,4.25438675326437)
(-1.61221881483909,1.55589226341047)
(0.0915132710770507,-0.0685838613253642)
(1.96661394920327,0.723895262977629)
(1.95726967279719,2.66161887522825)
(0.228833426094448,3.55691981338143)
(-1.41254004946250,2.63857342349380)
(-1.63213245846288,0.999240732010521)
(-0.729176809815013,0.0844803360781676)
(0.118863978930819,0.224208112298951)
(0.255546373308746,0.696389104950746)
(-0.0346360603925826,0.808362460903826)
(-0.199814035235271,0.545772157944134)
(-0.0839355838725773,0.263690990343871)
(0.134393657090215,0.137024200600169)
(0.341732874860857,0.102986995275299)
(0.569167890688911,0.142493530427184)
(0.766558989715662,0.337049822699661)
(0.761151958600910,0.639404261955194)
(0.520752516241751,0.806772139658755)
(0.294902016747637,0.688613755705449)
(0.345536130766480,0.474487405753267)
(0.592776262923222,0.502703850563441)
(0.673816412808016,0.836182771522290)
(0.372473488992454,1.15911833352920)
(-0.123322047199980,1.13657595407047)
(-0.448340373212554,0.778131613439581)
(-0.454771018791325,0.371645988508301)
(-0.288626804990436,0.133374928625847)
(-0.132826365644144,0.0433618497594112)
(-0.0186567899324645,0.00438002082966378)
(0.0819956990924558,0.00964140115158385)
(0.119634378596554,0.0735433867820771)
(0.0448022942338388,0.105378638003333)
(-0.0440748430831521,0.00244288948511827)
(0.00548866248710651,-0.151777559146826)
(0.132465620989117,-0.152679463992874)
(0.0560409982545464,-0.0188786671468092)
(-0.316753271210204,-0.127810426003576)
(-0.561003267066081,-0.798853646450256)
(-0.0499729821508792,-1.72850513862497)
(1.27850664536031,-2.05432800915323)
(2.59959650379110,-1.18207255666530)
(2.85921856601732,0.469919577686539)
(1.82152681689925,1.72105644626954)
(0.362542407509695,1.72157213993536)
(-0.364599198402684,0.749880120758605)
(-0.0197653517210244,-0.135908953630116)
(0.721009000300316,-0.184214871819038)
(0.980551049209382,0.401700632263445)
(0.556708797729608,0.855848221558012)
(-0.0366384102637395,0.715172197950230)
(-0.240413058668928,0.190745531404973)
(0.00862090484692307,-0.216512447710689)
(0.378801081351641,-0.266474876306601)
(0.587681480697109,-0.0881068164676525)
(0.613867667047949,0.108910365834838)
(0.548914801681557,0.254383455328044)
(0.422635195094149,0.354361635799864)
(0.241308720128033,0.366448187220448)
(0.0919394712480595,0.247938031390464)
(0.0842127111760639,0.0757911016858737)
(0.195529607045603,0.00369134692638589)
(0.268977020712324,0.0781888142378750)
(0.201324252798068,0.174206073822809)
(0.0685789663007948,0.157860970884584)
(0.00989712925757754,0.0568717001579071)
(0.0338675463080144,-0.000380823943056646)
(0.0271377004226428,0.0156816881084224)
(-0.0484342856483056,-0.000807090495918358)
(-0.0755267377202743,-0.0954628929647085)
(0.0231936213912438,-0.117990053480302)
(0.0691005094022847,0.0967853012031577)
(-0.250442761978968,0.410352914245635)
(-0.971258806490440,0.368671425283623)
(-1.63042063468512,-0.366005454902448)
(-1.58602266527588,-1.55713077490968)
(-0.639254977644963,-2.45045958984255)
(0.667392152851791,-2.38436203700307)
(1.42520938668065,-1.40391171644260)
(1.10309874208694,-0.290921435536483)
(0.00339606857507327,0.0372679719689860)
(-0.956461368340814,-0.752803768147833)
(-0.938483638083969,-2.15652329587355)
(0.204245303148891,-3.21360900930051)
(1.84825458187648,-3.20350969120108)
(3.07601121598183,-2.12614040242380)
(3.32332530250767,-0.630962267300214)
(2.70302684937516,0.513129386882258)
(1.78355876284440,0.957310466804681)
(1.06551181707436,0.884149192444363)
(0.652227712428245,0.662233668472865)
(0.380461244405033,0.453929039277106)
(0.172065408596133,0.188325473973186)
(0.145121109037725,-0.149764865413210)
(0.363481704743152,-0.356325434544582)
(0.605168976940471,-0.234431870642158)
(0.537771896232816,0.0781965854162947)
(0.141733732020133,0.174017169646419)
(-0.182980925340885,-0.150958915725197)
(-0.0582329767024297,-0.587793345826953)
(0.374842590964286,-0.629024133600681)
(0.561389579175661,-0.193909370052271)
(0.192532810834404,0.219268392422587)
(-0.377773862451910,0.119858318040391)
(-0.541736832625351,-0.328298888630137)
(-0.243148445325273,-0.446141885385657)
(-0.179570701266002,0.107081156643211)
(-1.05612751696430,0.759677456855074)
(-2.69046576190435,0.478370656690687)
(-4.00298794763347,-1.18494249975574)
(-3.94149138391814,-3.57206446298399)
(-2.37483603769174,-5.43633385148859)
(-0.130860407750779,-5.89324724283982)
(1.64955702478476,-4.91354684814406)
(2.12132580961172,-3.19126901539615)
(1.02209258100897,-1.83304458464903)
(-1.10228731818068,-2.04578312423938)
(-2.74238193363583,-4.50861615013307)
(-1.94820527294273,-8.46854603639599)
(2.19860723905038,-11.5165518597211)
(8.22258991376786,-10.9703969736299)
(12.6995866201783,-6.20311361928176)
(12.7894723365782,0.282541763507650)
(8.77875511944154,4.55766419934851)
(4.01015602649646,4.54981460370659)
(1.94870836971440,1.78699537732422)
(3.13377403843667,-0.223831704700634)
(5.03005860818499,0.594483492821619)
(4.82397122491595,3.12366913163299)
(2.19071692816714,4.56256667049342)
(-0.714981619104799,3.39067626399452)
(-1.68535071949513,0.649800799868199)
(-0.517323823483337,-1.47044993644511)
(1.26720215357643,-1.83642937024590)
(2.22937982320769,-1.00919875718094)
(2.13840845752806,-0.121936771331181)
(1.51267831616605,0.280312593880412)
(0.704271865148016,0.189648887650333)
(-0.147719576277763,-0.518402780318455)
(-0.531653280830173,-2.05710328770672)
(0.403587864579796,-3.97724120904386)
(2.85567495402375,-4.94167892663765)
(5.60853656776414,-3.76557963498666)
(6.70978891593603,-0.776222852646926)
(5.15313082016360,2.09300909925888)
(1.87962455666766,2.75961962256240)
(-0.904371601106993,0.609493569715934)
(-1.33838383774603,-3.18769937152901)
(1.05460071693736,-6.66125874105535)
(5.47891877724484,-8.16400410004670)
(10.4806628365334,-6.83932245072857)
(14.3677913845197,-2.67531250179291)
(15.5504916455069,3.37073740437645)
(13.2019930218726,9.37559853222580)
(7.96355297079503,13.1332452539496)
(1.86460271581197,13.3808962817807)
(-2.80488935863076,10.5758693865036)
(-4.81692588645707,6.46203976086253)
(-4.41830231413983,2.83815328303262)
(-2.69242463087878,0.653266997240763)
(-0.718122242516283,-0.00580650332116761)
(0.753474511386025,0.509416559859825)
(1.25570654380121,1.62069268386995)
(0.703204254029168,2.55202716769281)
(-0.406509010339833,2.62136228278309)
(-1.19817314124668,1.76089991551286)
(-1.11269737073157,0.630743073513566)
(-0.392105977943503,-0.00153708541402771)
(0.273365893678443,-0.00232271099525110)
(0.564434730876127,0.148223101492605)
(0.805881130931123,0.111337999628357)
(1.34574591747310,0.186759605841094)
(1.87818562827188,0.859594620810870)
(1.67854603427664,1.96641703132378)
(0.540606061063780,2.62811113708508)
(-0.778582018909553,2.16331284605424)
(-1.25966851576731,0.906838139695075)
(-0.688674117479316,-0.100091954748730)
(0.177911421354567,-0.209669152955522)
(0.518046760256783,0.244819560741542)
(0.294635243867118,0.507834438839055)
(0.0788252413757567,0.322053837726533)
(0.213909734821826,0.0744795123603341)
(0.448694851279946,0.127639501724639)
(0.419601479653411,0.329709280964837)
(0.195090994458260,0.327485318133895)
(0.101348474957754,0.128787843096311)
(0.149834215741535,0.0405244057821309)
(-0.00780650541301993,0.0729917456478021)
(-0.446623946420454,-0.243671137546070)
(-0.579155993086941,-1.20999866678832)
(0.268804117894594,-2.29450662590087)
(1.91605286417609,-2.47895068568799)
(3.27416976858023,-1.37342904263036)
(3.42340585114986,0.246417478281299)
(2.58364234411090,1.23291449549742)
(1.77758122740013,1.29061268791798)
(1.58460010608591,1.14208551163839)
(1.54008585451301,1.45410596954716)
(0.919858794852824,1.91959775127767)
(-0.137145983530910,1.69287414044154)
(-0.671905493011638,0.615959349923303)
(-0.117427347978811,-0.392443164347008)
(0.870328456625765,-0.378037088774970)
(1.10072420419616,0.436903453340096)
(0.289516363157660,0.828087615008057)
(-0.514761965986360,0.00842815652270496)
(-0.100146432553108,-1.37040932914203)
(1.48736995029221,-1.87088414309352)
(2.92295743545901,-0.839632551011152)
(2.98822358738379,0.891139157567058)
(1.78368047580146,1.89973569274338)
(0.496881355210176,1.58938133861754)
(0.138038182119264,0.603996842148014)
(0.673558330592434,-0.00943659558089944)
(1.31988990043861,0.178240972200496)
(1.43311532238434,0.786445957170743)
(1.00361493140203,1.19623332546919)
(0.454525755299190,1.12187029780824)
(0.185359307753230,0.710390315444502)
(0.313844089450554,0.310788322645693)
(0.666999098235629,0.217557894636867)
(0.907112063507987,0.490535170941438)
(0.765208936378484,0.886130356141585)
(0.293808263673280,1.01968934083837)
(-0.133015905952494,0.730588675261395)
(-0.197225341012104,0.280860685314431)
(-0.0185633593260566,0.0578694918652462)
(-0.00440535828441072,0.0535111440046709)
(-0.240882111892402,-0.179826681099975)
(-0.209741971295390,-0.890519337008914)
(0.631789553572556,-1.56062309874331)
(1.98725093464824,-1.28734077471418)
(2.73172673466637,0.128661168909368)
(2.03698714732676,1.68549702349427)
(0.396267890347323,2.06961334511695)
(-0.765122617869055,1.06077096372260)
(-0.594487355697064,-0.206992858127885)
(0.299157154957007,-0.532424832779881)
(0.666510100809150,0.00902419610342703)
(0.170758181666198,0.300194950868110)
(-0.258636222525821,-0.293612410910601)
(0.267493224493996,-1.05050465857485)
(1.30177008335470,-0.834581115199592)
(1.51287861750682,0.306519471814620)
(0.421497778628298,0.994708607647917)
(-0.787780108188955,0.173648502477419)
(-0.565162289886083,-1.43788061956451)
(1.05719640822606,-2.01994124889804)
(2.30773047498359,-0.816935121010861)
(1.68926868082953,0.795349234218949)
(-0.139226824403465,0.770298241841363)
(-0.920371605767122,-1.19595321377901)
(0.702147058760050,-3.11578682520957)
(3.55683468177996,-2.76375844207843)
(5.06598167759660,-0.0783246678445016)
(3.88687125464931,2.74325093455717)
(1.18844875535883,3.49875459444897)
(-0.697215582716884,2.07509510923547)
(-0.612395597692409,0.241545536397224)
(0.597468591481779,-0.350181438994187)
(1.34830030497758,0.342030452477268)
(1.00010790839303,1.15848200035883)
(0.177627666725847,1.20667672580937)
(-0.249163154747786,0.639666435044494)
(-0.109742413380038,0.140258518933139)
(0.157447384993368,0.0358301671611311)
(0.204400068080352,0.103699712153478)
(0.112236049952970,0.0497349979012117)
(0.108450617468964,-0.114602736847844)
(0.212049113350929,-0.208286083458207)
(0.269875440291533,-0.188149687735421)
(0.208921838862463,-0.177166644287361)
(0.101396894941607,-0.269852701387121)
(0.0249804725546416,-0.459639414176998)
(0.0132077452379025,-0.742278503871487)
(0.163833744752886,-1.12522197119895)
(0.625868017411510,-1.46000823332619)
(1.33536969921408,-1.41354872801664)
(1.85067324346399,-0.812467401925235)
(1.68626060434809,-0.0249081976193604)
(0.924885346785631,0.213308175991617)
(0.359542709658109,-0.450295734440764)
(0.795691874930830,-1.43761710953818)
(2.13737813850696,-1.64454230584384)
(3.29916601422908,-0.535475887836990)
(3.19001230519885,1.20758654250420)
(1.81059259294302,2.25807741381502)
(0.286408085868578,1.91816246471210)
(-0.240947957641641,0.770118584950603)
(0.291004189604477,0.0204950910371436)
(0.924962840248828,0.251536763812986)
(0.783586536864665,0.910966362818932)
(-0.00971156195704396,1.03494937416343)
(-0.560950541391255,0.356478417111077)
(-0.273268892128562,-0.422170931040924)
(0.451575090000776,-0.455046965352145)
(0.637113337123582,0.258040083999681)
(-0.192777698131785,0.794670202079743)
(-1.43233527217111,0.222104022438446)
(-1.89697309440584,-1.44495490024662)
(-0.892323359463641,-3.17870106971724)
(1.16814958019178,-3.78051708694803)
(3.09565485602372,-2.82377832771117)
(3.82499380397504,-0.922325309983881)
(3.12060209399540,0.769963848025936)
(1.64594793141037,1.34789401053013)
(0.472645752695443,0.697552773179084)
(0.380202878527785,-0.471093347428200)
(1.32921360162574,-1.10111700377504)
(2.44278957353330,-0.549008371647890)
(2.63072241190872,0.850834797347286)
(1.51610579601933,1.95090016459484)
(-0.118064475664641,1.73946362233592)
(-0.933059799017426,0.326573301178949)
(-0.292819637658562,-1.05127369134921)
(1.04805249398050,-1.19411150626620)
(1.66411296068410,-0.177826839079847)
(0.962863382992472,0.697215492050075)
(-0.146102955627468,0.324277611110969)
(-0.262230656811976,-0.934427314412118)
(0.859790303513994,-1.62286447418328)
(1.93999238407095,-0.908060944458274)
(1.64253092612051,0.319163452630034)
(0.271229423944032,0.365912758130955)
(-0.360299526091717,-1.22986467181315)
(1.07131420779004,-2.90435163778147)
(3.72589622729049,-2.59611527422687)
(5.24801934500340,-0.0224308878512514)
(4.16293001840349,2.84986040327891)
(1.41982746637020,3.74588310214748)
(-0.615451026783743,2.34368001161067)
(-0.581223071341600,0.418463357160225)
(0.694613032718235,-0.167449554179542)
(1.39308120378893,0.679662766051293)
(0.752081200176711,1.53278243744409)
(-0.334244479555009,1.25432643744739)
(-0.599505710170697,0.186167544751522)
(0.124804884700389,-0.482938238755603)
(0.905396363086145,-0.175449720525745)
(0.922122922859695,0.552631038753841)
(0.326448713832126,0.837685078447529)
(-0.145657715192212,0.498448554258294)
(-0.111354827261947,0.0483519587311548)
(0.149137089830736,-0.0606942569257038)
(0.206485067072733,0.0804703130678233)
(0.0179139429727813,0.108674752649415)
(-0.137318371174466,-0.110266266170863)
(-0.0678331933984251,-0.397260780304993)
(0.161313502620903,-0.550646014987823)
(0.400395689309024,-0.534802228353460)
(0.569940932343828,-0.399478743835075)
(0.621889710710663,-0.188668014805706)
(0.509361933816951,0.00725353938705070)
(0.293149142487578,0.0486170373159836)
(0.166907095158867,-0.0797767448484325)
(0.232669953842556,-0.174250163017234)
(0.305923037345066,-0.0505288132840758)
(0.121595373213858,0.148808685184171)
(-0.251752343548713,0.0800424238876217)
(-0.411226447174226,-0.303240075905489)
(-0.162840529362216,-0.583159428153766)
(0.117873003906301,-0.410800428760022)
(-0.0555625942418898,-0.0707784454030345)
(-0.518241868536349,-0.167027594964191)
(-0.547511101231617,-0.683899156985670)
(0.0651437883116887,-0.769872197268612)
(0.386541985141229,0.145110490158149)
(-0.652849416177080,1.22129125057194)
(-2.60062152685164,0.865950639442315)
(-3.50004792627171,-1.16761240371800)
(-2.17621395109104,-2.87503829545651)
(-0.247246771704305,-2.03989849238748)
(-0.915008650688042,0.682517898451639)
(-5.17930954009643,1.52789028766431)
(-9.72174338757110,-2.65273238644544)
(-9.52261621659624,-10.4306442293714)
(-2.97895657147680,-16.3127492555402)
(6.01976501142515,-15.7508843398859)
(11.5840772164851,-9.44596054278519)
(11.2040473912685,-2.31966289318713)
(7.24694000020756,1.48422797264005)
(3.43690065617012,1.84753257397310)
(0.966178520439972,0.957035292721379)
(-1.21783780536597,-0.402354736502716)
(-3.11358979470792,-3.43309428748332)
(-2.45616343056940,-8.23937715125479)
(2.27286309199930,-11.7795521188935)
(8.56359436902691,-10.4935485224395)
(11.3596804495668,-4.92272175545821)
(8.51211041035239,-0.239112259538884)
(3.81611066139919,-1.03098632688971)
(3.33702488956657,-5.94271054225071)
(8.61615615978827,-8.72016148936178)
(14.5597325793467,-5.06541051279022)
(14.8398287141643,2.29876030591239)
(8.98525659846453,6.28712362661256)
(3.19554846704697,3.08103681288492)
(3.90718828080867,-3.66675499423103)
(11.1735473972103,-6.54395920717238)
(18.8283163348389,-1.73461595800725)
(20.6909612747615,7.80850131856485)
(15.8583780544136,15.9925485118394)
(8.09094288296814,19.2603594030025)
(1.26575859968107,18.3642432803815)
(-3.54600425865571,15.6490125231846)
(-6.98990601998338,12.1216445958090)
(-9.02568163516568,7.59273178298007)
(-8.68709077537623,2.62937503232639)
(-5.87663032505914,-0.951822582252243)
(-2.30193489618319,-1.80099790585439)
(-0.0853382187052135,-0.562152385945949)
(0.202640072233598,0.834749201376332)
(-0.315974247910950,1.17230048890578)
(-0.441532098179518,0.789814322084578)
(-0.103474969331900,0.557523984051696)
(0.118629491822923,0.632587990640021)
(0.103272504393997,0.565549896603370)
(0.289524895069889,0.253395285149376)
(0.824318864386461,0.172713913342543)
(1.19492494639678,0.578129871861426)
(0.981423987351307,0.953182668015251)
(0.638471695582302,0.657351678824975)
(1.06570696423400,-0.0413452241725221)
(2.37910093195559,-0.0305056926564377)
(3.47697095860370,1.38229178877965)
(3.08162645371336,3.50090743162203)
(1.11038964205352,4.77741885889133)
(-1.17663034723158,4.27968371240881)
(-2.35593097143846,2.48884228589220)
(-2.01941864285396,0.709072877769095)
(-0.849843075261716,-0.0948842802410286)
(0.176418310920645,0.140581429483862)
(0.500704635770505,0.859909798784146)
(0.126060970277697,1.42400006994748)
(-0.569590847177304,1.43102129685074)
(-1.06208454788767,0.853155384735139)
(-0.969971888472271,0.0689231551199882)
(-0.366908390491808,-0.363308959552216)
(0.219150862882910,-0.190905856033926)
(0.297395564228229,0.246636976480258)
(-0.0529941182364488,0.356116905222735)
(-0.264500444056021,-0.0407029436421304)
(0.0516729084745246,-0.501041047399111)
(0.648704822208237,-0.500190864912979)
(0.966997663814706,-0.0528116757899982)
(0.809379588925570,0.359002546023618)
(0.498522282681819,0.410248551317577)
(0.373272545891470,0.255946981892708)
(0.376425586075295,0.168300774891710)
(0.299235023817447,0.0890828990316946)
(0.253124409514915,-0.210014331225394)
(0.584663217295859,-0.608976023318426)
(1.28855255215807,-0.613983765474138)
(1.80655241652276,0.00380761440340045)
(1.64710730985337,0.775306662796462)
(1.06027156245861,1.02671625545695)
(0.777423983366333,0.747414719622847)
(1.04413385970666,0.637444682232517)
(1.23203439669542,1.15543599593741)
(0.655808080621696,1.79499973776835)
(-0.410229490545107,1.64466117763185)
(-0.918652981652384,0.607498836672879)
(-0.325287210290618,-0.325677650914489)
(0.657817913709934,-0.218283143261371)
(0.873099858120936,0.651422470349255)
(0.125255745664959,1.11945170492805)
(-0.602962334507134,0.577717287466679)
(-0.410816780125876,-0.300906254039199)
(0.404086697758222,-0.468226268755395)
(0.792562943821024,0.159222752171519)
(0.335524515563212,0.657920696463645)
(-0.260538051186232,0.352508191299946)
(-0.156865810833692,-0.321557594224020)
(0.506331458664451,-0.457176987169769)
(0.849362521693546,0.0989238408739804)
(0.457965900230635,0.586711941403015)
(-0.101075264986970,0.396299318834640)
(-0.107620880202049,-0.136519338855944)
(0.332469407245666,-0.262944845884098)
