176658449390840669411619064.
0.040000000000000001
(5.38366071846990,-3.67238243485570)
(5.14315374602502,3.29889807391762)
(-1.46328291846699,5.83258889224049)
(-6.47919377314756,0.734386507719649)
(-3.83313490875434,-5.88773599614387)
(3.19528580071078,-6.02391669572812)
(5.89046342066963,0.420122276213803)
(0.728616420557723,5.37625950124854)
(-6.18817041430233,2.34453357150072)
(-6.35457641164387,-5.64527344523287)
(0.924669087336796,-9.51029150092737)
(7.64638125215244,-4.87633796535528)
(6.59102163889658,2.82012267714722)
(-0.274948215858417,4.94219311172622)
(-4.50051712963801,-0.127892825485797)
(-1.45727369287785,-5.47704319933780)
(4.35314198913205,-4.42897525322434)
(5.27114229171035,1.32733770208826)
(0.129763570771682,4.16528583680137)
(-4.40568225095015,0.289795671954221)
(-2.38357728698994,-5.41234583842947)
(3.74289944529783,-5.53338048097570)
(6.00527887513307,0.340240062643255)
(0.969892537438563,4.73060290548194)
(-5.53442157543461,1.39709590452436)
(-5.16358919848318,-6.62125605644343)
(2.68951669181561,-10.1400862693664)
(9.68790122649633,-4.68702202662877)
(8.15419361686996,3.96101482356447)
(0.0939503202331309,6.39122783888435)
(-5.21416530439510,0.513380951291400)
(-2.18667169746693,-6.24085883492814)
(4.72065128880862,-6.02635072998656)
(6.82350713743428,0.0943914575379053)
(1.94078028127078,3.86860678834487)
(-3.10112104943106,0.342016928610679)
(-1.19958648647577,-5.86064465485977)
(5.86958295668314,-6.26314306231854)
(9.28440300340972,0.704241099393607)
(3.97641049879606,7.21382432556067)
(-4.73279909653323,5.16528718775653)
(-6.96079059215148,-3.92494807914757)
(0.174113934707626,-10.2805036260244)
(9.04082152353034,-7.06879115499426)
(10.2860700237376,1.77999620425641)
(3.52301374479654,6.34986419238096)
(-2.65117992486817,2.31518714510207)
(-1.05128513195573,-4.41623866006978)
(5.83248849496808,-5.19513724270179)
(9.33252204628989,1.04750750289305)
(5.20206338455213,6.96748527641122)
(-1.60821604516460,6.00017108588782)
(-3.41394018154098,0.108014886071408)
(0.826093599625853,-3.15915328874397)
(4.71955314596375,-0.211037963870436)
(2.81056150420163,4.39581709482061)
(-2.58369919251137,4.07887760726473)
(-4.53085377678246,-1.30062378657607)
(-0.432559641563816,-5.30707593580557)
(4.62614601788509,-3.18233945754882)
(4.34608607488051,2.04229274070397)
(-0.714602307060636,3.35994714933076)
(-3.74955508590004,-1.24809658668269)
(-0.349905707709645,-6.06928487147165)
(5.68987583280896,-4.77608474074127)
(6.89627919025699,1.42320290787784)
(1.52219874623964,4.95544478588887)
(-3.95336168429374,1.19509056191465)
(-2.62312747320792,-5.59302399278588)
(4.25092028835724,-7.27551365848008)
(8.61513781958677,-1.85255404017123)
(5.52152982734521,3.96602856879353)
(-0.644229405952952,3.03696209639527)
(-1.52890263675749,-3.18915570917866)
(4.63226836550560,-6.23515533866877)
(10.4060641283954,-1.15517826299001)
(8.11353126121463,6.88020335573653)
(-0.419663514662922,8.44653212236190)
(-5.51547240020618,1.40133802223093)
(-1.16904875820220,-6.04306066793725)
(7.41625550784276,-4.90013261670029)
(9.74517868916571,3.66214065761222)
(2.62422272098154,9.41368369960558)
(-5.75422154496887,5.22403158022891)
(-5.45130763368605,-4.22567816885179)
(3.25237962905607,-7.85718754218304)
(10.0454528765688,-1.44760697000021)
(6.90871121794731,7.22023929211490)
(-2.19132288563766,7.67503069701854)
(-6.03187214572752,-0.568683086609652)
(0.273027689816997,-7.32159855094896)
(9.21458087586332,-4.00416111846142)
(9.82393506782092,5.85163615831200)
(0.947468182366262,10.6598496356166)
(-7.18497211877232,4.66394965852705)
(-5.13937668391219,-5.05175741917202)
(4.37802754491642,-6.97427687853604)
(9.71760596226998,1.02316945960341)
(4.27355067642759,9.08791221344533)
(-5.53315097943849,7.20671471730686)
(-7.91806908407459,-2.73025280795563)
(0.121704059293528,-9.13755363880826)
(9.16905503933077,-4.59990160732304)
(8.64353182199801,5.23187502956059)
(-0.527131852884453,8.38065136640932)
(-6.97013567885334,0.848381015155410)
(-2.35135590330477,-8.57795181711727)
(8.79947851377583,-8.64179161804373)
(14.4476359678678,1.32139850242376)
(8.95882335776557,10.9442706365623)
(-0.964672051269690,11.0826812599274)
(-4.85627429180695,3.89997578186127)
(-0.715893594694854,-0.871486227160679)
(3.74400652346321,1.81419935930973)
(1.58632804466675,6.74857318753568)
(-4.59849153647640,5.93857005713829)
(-6.42055879030202,-0.778245878248958)
(-0.805190682731230,-5.42227569074865)
(5.73531458633662,-2.11439785349931)
(5.13844008465745,5.18486424527202)
(-1.95746036057091,7.34604526631212)
(-6.73579704065165,1.45296344418903)
(-3.07211638980729,-5.35733337928240)
(4.70908650407502,-4.60244635751583)
(6.99672062310320,2.94248391691097)
(0.794577737650865,7.97953354754187)
(-6.35903511095109,4.09068418404221)
(-5.51672453802567,-4.17425037307431)
(2.57411810506086,-6.66189616508643)
(8.13096611385864,-0.0666278003967178)
(4.19140937957153,7.79914492103326)
(-4.75305438773028,7.35034049382340)
(-8.03183663478550,-1.07474089321783)
(-1.71118825772509,-7.49429017981804)
(6.58232683945992,-4.34087709459449)
(6.90766867065719,4.34933133113864)
(-0.890073709226074,7.87599431861641)
(-7.01975661220181,1.97048718839830)
(-3.77649609139518,-5.96260430752459)
(4.94007321698033,-5.93220595542741)
(8.33737812284861,2.30307979732304)
(1.98566015687165,8.80172915141491)
(-6.61680454792698,5.55072443011083)
(-7.09046158838847,-3.65143159976897)
(1.13762556025811,-7.70682990713287)
(8.04320586473138,-1.72354922028887)
(5.18236209245119,6.96737492213715)
(-3.98472054461293,7.71047888948088)
(-8.27760901494451,-0.460382661883853)
(-2.44711967568441,-7.60363090726831)
(6.37270129634205,-5.00048935643245)
(7.35020697391084,4.15608282574345)
(-0.786222244552155,8.61495673212564)
(-8.13818514548003,2.81260750758657)
(-5.70275362948457,-6.28093868944945)
(3.60275961306132,-7.63270246800452)
(8.46185014132669,0.374882543178540)
(2.96845985526248,7.94100129684007)
(-6.14749797291546,5.80612392648303)
(-7.73915427908761,-3.43077833443616)
(0.127363597626887,-8.49270759068655)
(7.81514597638379,-3.22562649028931)
(5.92631323219712,5.87994386179832)
(-3.19593054949458,7.66845251221734)
(-8.38871029960437,0.00565645264255275)
(-3.42411894344447,-7.65119728812679)
(5.33735233832182,-5.97566035281547)
(6.86529094484000,2.65358674387469)
(-0.770706147987595,7.06655144043070)
(-7.82745121125897,1.22601631017059)
(-4.87392925888871,-8.00705202514591)
(5.31073124275746,-9.04717632201079)
(10.7157841665041,0.112977348578382)
(4.60956692795159,9.04728092988369)
(-6.05617812305134,7.26796421156878)
(-8.78692455857555,-3.05972703374370)
(-0.545045191650924,-9.59388803942810)
(8.58268829976064,-4.63836578411257)
(7.58260695730706,5.62022812400529)
(-2.19287296372582,8.69393282942661)
(-8.78956853184966,0.978322392009795)
(-4.29830583812583,-7.95398622425120)
(5.51156890835407,-7.16364221123552)
(8.34456751293467,2.21095380516672)
(0.545258461244173,8.35691170389206)
(-8.33885666232525,3.33795270449305)
(-7.24797795605002,-7.06122574175862)
(2.75692217224667,-10.3424843535335)
(9.70026031180219,-2.62880310720425)
(5.35993975420157,6.50926925925562)
(-4.57330487916346,5.77203641739999)
(-7.41778330051729,-3.90340998283012)
(0.851904912724723,-10.3376968563630)
(10.4321594615443,-5.02217830256875)
(9.51471740364378,6.24955773143352)
(-1.20928492990388,10.1854821146176)
(-9.15207932266758,2.11746113635785)
(-4.99109324616759,-8.20505543701634)
(6.00264708255040,-8.34472240982677)
(10.3315411031940,1.75399489634585)
(2.66230103764448,9.71875807386295)
(-7.71711346213510,5.83166207064273)
(-8.27189624455018,-5.13901892390010)
(1.45213721716933,-9.81772359896058)
(9.30085891507070,-2.63753599863076)
(5.45967322567608,7.31031898946548)
(-5.42660318384480,7.43444626315718)
(-9.87513614520518,-2.82231102130290)
(-2.12400147180415,-11.1555901327259)
(8.66333402479449,-7.40777476570724)
(9.48552492525781,3.91751551768539)
(-0.593007813829091,9.03622153302663)
(-9.21598319042045,1.69223086668866)
(-5.79719548396565,-9.15594295330087)
(5.50747244986535,-10.2636699060335)
(10.8553415155284,-0.344583087321557)
(3.70526308392932,8.28803387808305)
(-7.05832562986759,4.80148920248221)
(-7.92371802699308,-6.76894921154095)
(2.64718078728272,-12.3031809307126)
(12.1728402576120,-4.83023386390147)
(9.30257122036025,6.85178446536420)
(-2.29580833043761,8.82528151647851)
(-8.36534981940477,-0.950260833551839)
(-1.50142398768592,-10.1086638151212)
(9.71575284702848,-7.02139990514728)
(11.1756060312427,4.85590850669942)
(0.588804482823914,11.0687721356402)
(-9.52389748703069,3.81901797402382)
(-7.00156075429614,-8.37007424919518)
(5.08386490560112,-10.9009054364258)
(12.0733284030761,-0.852714979510008)
(5.52798412663951,9.44042649812147)
(-6.52092471937765,7.40919652168573)
(-9.41790053155293,-4.46314794156353)
(0.222218596073618,-11.7784651955127)
(10.4948445523821,-5.91331815471192)
(8.96103969095272,5.47935919521014)
(-2.01850816964529,8.06656640431119)
(-8.31136049884359,-1.33316595487979)
(-1.68915141278519,-10.7805039432424)
(9.77539121854957,-8.13952272169820)
(11.6795126789917,3.55805013042171)
(1.46820880877388,9.59191147303458)
(-7.86705731972472,1.95463953823737)
(-3.68320559629003,-10.0539259297226)
(10.1139211422073,-10.6754527297259)
(16.8939050386819,2.73869380190269)
(7.25657182789180,15.4986476307575)
(-8.93569745168806,12.5967009350895)
(-13.5700601742223,-3.12426564571110)
(-1.67262208422965,-13.8003114009257)
(12.4924226873230,-7.49857983500323)
(12.2636792118072,7.65383915568858)
(-1.63323388612759,13.2515816984089)
(-12.1372238272850,2.69115508277802)
(-6.53283974707773,-11.0036853111778)
(8.17083396761071,-11.0728623039422)
(13.7726420940839,2.56369316947294)
(3.03760505715537,13.0945766001276)
(-11.3440751024896,7.13389426824595)
(-11.9022720550218,-8.98014850113889)
(2.62209837831606,-16.6304017210891)
(15.7690331380503,-7.12244766895726)
(13.0665273260700,8.14644220097202)
(-0.933137437921205,11.6679237546382)
(-8.74541304739161,0.807108770220930)
(-1.43900592077015,-9.63780886717526)
(10.7950984218202,-6.07751834241218)
(11.7020600077965,7.09328111316979)
(-0.658473356190619,13.1477835528831)
(-11.4077815761231,3.98521769167237)
(-7.31310873695464,-9.58397034678473)
(6.60988704445986,-11.0632437682985)
(13.0324777299051,1.20464930164525)
(3.72825938793341,11.6455680168922)
(-9.87950517991279,6.49345686305943)
(-10.3495014821999,-8.93048668906740)
(4.31042790568035,-16.1190961146185)
(17.6306613286173,-5.68575164264875)
(14.1754436162470,10.9669289040153)
(-1.89862172163291,15.0237621617398)
(-11.7850412737858,2.68238735487391)
(-4.59404962850771,-10.5046882724314)
(9.78161958835838,-8.62422651640968)
(13.0582343031310,5.37586942407486)
(1.01677490006337,13.5964092540796)
(-11.4097106255851,5.34646727955001)
(-8.58901525864117,-9.61716422663437)
(6.46684806650203,-13.0090865124883)
(15.6339072171423,-0.496902857008183)
(7.82577035079968,12.8540718389074)
(-7.38256946556186,10.9426686230966)
(-11.4395138821406,-3.65408844551365)
(0.433608501813497,-12.8373179180389)
(13.3491236607877,-5.24114513918908)
(11.0605331479690,9.69938272354280)
(-3.92125361334990,13.2513319747230)
(-13.1844865149931,0.485106253744731)
(-4.94023623995294,-13.3937774711248)
(11.3337278171154,-11.4524856798255)
(16.2267203816496,4.22100162476417)
(4.02152373278334,14.9018636711796)
(-10.2869251556554,8.00208557316795)
(-9.29761944259939,-7.56961398115102)
(5.48905520123502,-12.3458137382046)
(15.5109980987684,-0.234456764332108)
(7.98985270596611,13.9085906807727)
(-8.21233863543607,12.4911149779788)
(-13.3178171241420,-3.07081099160984)
(-0.946631351941221,-13.8564275078181)
(13.8310571486588,-6.56326291852428)
(12.7962537847911,10.0338064568723)
(-3.04110950624802,15.6342929039981)
(-14.5024620793297,3.25165095451048)
(-7.65754765135071,-12.0975961770165)
(9.01804551006539,-11.6957424429442)
(14.9179981598055,3.87321372410845)
(2.59920862153778,15.3015047048027)
(-12.9325776289476,8.21082911849783)
(-12.5354523393764,-9.06520069834964)
(3.48252111285249,-15.5581013642783)
(15.5629156363820,-3.44562382060421)
(8.89844589953329,12.1367711485382)
(-8.14475334419719,11.5780639581416)
(-14.0469959316999,-4.91118565828763)
(-0.623165901957262,-17.1612869923876)
(16.5214967361466,-9.62098608501297)
(16.7564842905678,9.31902351184419)
(-0.274855518438578,17.2030280110812)
(-13.9231580804599,4.87337542213736)
(-7.64798708472235,-12.1382267127723)
(10.5825816218310,-12.4647979090579)
(17.8156809775886,4.78404272458077)
(4.27400009133168,18.5712495608200)
(-14.2659970812537,11.5218748079743)
(-15.3870328913227,-8.53840624228897)
(2.53589000539769,-17.6785848614921)
(17.9777237899476,-4.89568423061345)
(12.2485824608178,14.2677101752149)
(-7.66755225482112,16.4297589616807)
(-17.4466640863198,-1.14130205933346)
(-5.04810495500023,-17.0555545882533)
(14.4700421710640,-11.8383208495680)
(17.2386049200023,8.18444051796329)
(-0.183304701702604,18.4769269646834)
(-16.4270625210904,6.31606785514048)
(-11.4058267840364,-13.4477931961914)
(8.91647815807100,-16.4198826329035)
(19.5817631934324,1.35528149567334)
(7.19049411775553,18.2463073300049)
(-13.4042816010329,13.3633583934920)
(-17.0013935918971,-7.67788347722376)
(1.05616342156633,-19.2997359393688)
(18.8783923044396,-7.17193601992165)
(14.6255667691866,14.0247712374791)
(-6.62681662225541,18.3221950185552)
(-18.8302973070027,0.301042180462467)
(-6.81152967942780,-17.9879008204505)
(14.8707693154411,-13.8654331247424)
(19.4656496454608,7.99625347213637)
(0.846578938424397,20.9171704706331)
(-18.6201225710879,8.74914709092901)
(-15.1893993957672,-14.1039174915283)
(7.09480463888310,-20.0149943284444)
(21.0844441728692,-1.95785986984960)
(9.73808959804576,17.6436857585282)
(-12.7171274336388,14.2951295247438)
(-17.9702577637001,-8.23805107659494)
(1.47406449772735,-22.0741853708593)
(22.5159100504618,-9.29515925085339)
(19.3373716405233,15.6160239984901)
(-4.79525861861661,22.9076908243353)
(-20.9745367835155,3.85470763222210)
(-9.73290097561391,-18.1835364699829)
(14.9069356650363,-16.0063340230356)
(22.2193282654225,8.00498640707753)
(2.40329221878226,24.3610760685358)
(-20.9511582205405,12.3833766635134)
(-19.3350252393723,-14.1196289641745)
(5.65100237175461,-23.2198034473090)
(23.7429221842170,-3.83277370116115)
(12.7679532369324,20.3224857708693)
(-13.9577602846736,19.3744957381255)
(-23.4798949281374,-6.00650842670703)
(-3.51298467980164,-24.9237604070153)
(22.0212810765118,-13.8240462669715)
(21.7957911077330,14.2987806033645)
(-4.45664144377438,25.1770328243165)
(-24.9846614873146,5.01772023124804)
(-14.4092938547510,-22.1528929435813)
(15.0404582704407,-23.2806340637335)
(27.9156848745829,3.39409303408194)
(8.59096966204783,25.7857613349191)
(-19.4364593693329,16.8364369705416)
(-21.9690078034825,-12.3417285709449)
(4.05328144699349,-25.7982873331879)
(26.5326491443529,-6.72325510199335)
(17.4105848091787,21.6409372822424)
(-12.6292965540150,24.1946032164076)
(-26.7872518814871,-2.79890816388066)
(-7.22221369756933,-26.5641340461507)
(22.5526450657760,-17.6880286053746)
(25.9795574167231,13.4735018677111)
(-1.62222743170110,28.8750417331281)
(-26.7105415537437,9.27919122620631)
(-18.2792555461269,-21.6426281146304)
(13.7675243178582,-25.7884951910193)
(30.0853989749448,2.51937395969158)
(9.98729737625757,28.8549936964473)
(-22.5568342229405,20.4507051425194)
(-27.6048942277142,-13.2173010103110)
(1.70783268515266,-31.2092323545595)
(29.9406708501323,-11.0303834543316)
(22.1931188186443,23.1575163656256)
(-12.7746388889273,29.3310952479807)
(-32.3746550282571,-0.920091213396836)
(-11.9685754706319,-31.2754064334419)
(24.3962329101602,-24.4756872198338)
(32.6113443623136,11.8471017405057)
(2.38030705856357,33.7465194682264)
(-29.5736256108086,14.4081674680866)
(-23.9982255754208,-22.5899990781766)
(12.5241565843561,-31.5981581845445)
(34.9788366886839,-0.964905391683498)
(14.9966156261888,31.9162262903675)
(-23.5937437256826,26.0192140104860)
(-33.1867558638294,-12.4156591019350)
(-0.996141134442166,-36.4695953294169)
(34.1385622461229,-15.8079469196660)
(28.6206891833964,25.1726779979238)
(-11.8788151169283,36.1359134671030)
(-38.0801058652862,2.58152170520523)
(-17.0264709861058,-35.1374517914507)
(26.5523653232626,-30.3128645585571)
(39.2461584321047,12.3677188164261)
(4.34771596246124,41.1448433007972)
(-36.3925660315758,19.9649811651755)
(-32.8160244871416,-26.4288726777205)
(11.7815029408887,-41.4465152930839)
(43.2775617830838,-5.85106860270492)
(22.3992420070063,37.3961542981847)
(-26.1586165817893,34.6987276251593)
(-42.5523695529444,-11.9276024027770)
(-5.10340743252401,-45.6619674346600)
(41.5110581307392,-23.7727957573154)
(39.5786024523627,28.7814591917161)
(-10.3991483429609,48.0482718886650)
(-48.3547203864335,9.11783970861849)
(-27.1439093180905,-41.6988163127673)
(28.6196295298862,-41.9461830363163)
(50.7801561682194,10.0998282139601)
(10.7525680054999,51.3700806003065)
(-43.7486014863751,30.1715057791746)
(-45.4579716280367,-29.2612931778983)
(9.52168385073106,-54.3343146956964)
(54.6983524866021,-12.6818876366958)
(33.4199260582519,46.1603855596701)
(-30.2701328264550,49.4525356143614)
(-58.5964658965474,-9.03257482444461)
(-14.9238981864176,-58.7326990545706)
(48.9542400765574,-37.2790182186772)
(53.8559509721525,31.3482214494494)
(-9.09388671408101,63.1141605244955)
(-64.3131533526339,16.2236493631527)
(-42.3113214488624,-54.8320311727720)
(33.3817115798831,-62.8853914699471)
(71.3623468564928,4.76295103080543)
(23.1832788318820,67.2289278484265)
(-54.4099717519673,46.6922769635167)
(-65.5952189848529,-34.4382656527710)
(6.63209275356234,-76.9930431112070)
(75.5028099116874,-25.5044167538857)
(54.1130321693534,60.1463321701639)
(-35.5256975100250,73.9226103762688)
(-84.2313199187341,-5.65209808171055)
(-27.9763536807308,-83.6852926260433)
(68.8998117893682,-61.3892455002512)
(86.7655280520192,39.8806134163369)
(-2.30220337588461,97.9215930806181)
(-93.4963337426792,36.8876113207346)
(-72.3947496694522,-74.2767656548433)
(41.7161052248553,-98.8981787078208)
(110.960482839066,-0.0336804219396069)
(44.3024897118650,105.897419057159)
(-84.0810921537902,84.8084961185911)
(-115.891506096269,-46.8993590924809)
(-2.32514285046238,-131.019207693859)
(124.903679732327,-56.1142886412589)
(104.825636148038,97.0430788281477)
(-51.0721186932498,140.467459465738)
(-156.976524749111,7.69341201970768)
(-71.8344366200659,-149.442571164490)
(116.074954621716,-131.395119096418)
(176.347439668646,59.5082031565411)
(14.5083865201524,198.130060244777)
(-189.643745057031,97.0142081859962)
(-175.733658819479,-147.813071113558)
(74.3938845183784,-239.139727429526)
(276.086444874875,-29.1782132160001)
(157.702201287296,266.535743519029)
(-188.740224282385,282.761118114998)
(-357.919187403040,-54.2957463659796)
(-88.2070622517054,-372.150891304092)
(369.396055649871,-228.020119848121)
(440.561695595200,346.131602888005)
(-145.817193355610,755.533225354019)
(-950.731104062352,402.927948232158)
(-1145.82839160810,-629.196010584020)
(-324.679910660112,-1515.51906963376)
(1001.93878731451,-1401.08273235483)
(1782.32919974987,-234.147535567467)
(1363.96313247669,1117.94568656075)
(96.4306855747121,1622.99433786726)
(-993.655521247559,995.306979793700)
(-1134.68890052075,-105.379124681789)
(-445.496900987434,-743.149486693553)
(298.048350751351,-553.732937268891)
(459.901947104905,39.3985087210086)
(85.6900501764610,365.665622739169)
(-288.999761514013,183.213603709129)
(-264.060882441288,-183.664173571444)
(53.2354941593464,-292.014023152724)
(261.500054823078,-64.1756514329679)
(147.195284310273,195.661578886135)
(-113.861265888445,194.885436377680)
(-208.373239722631,-27.1366718849563)
(-52.6110844059358,-189.095138397209)
(144.146623978423,-114.221023722692)
(151.823466242473,83.6216913134183)
(-17.1352577366752,163.238851576689)
(-148.897659433806,45.3380196665368)
(-94.4923395129963,-113.583292637332)
(65.1626880249681,-124.847352405669)
(134.488007044668,11.3693097486333)
(40.2672637510053,123.247262350046)
(-93.7611758430089,81.7995216653382)
(-107.287615739581,-52.3434282365965)
(6.47236445091930,-114.694783914082)
(104.485891832238,-37.2560291982727)
(72.5199577604232,78.8268266814357)
(-42.7563628457310,93.9574847249326)
(-99.6138955885465,-3.11919170207931)
(-34.4429458054412,-90.5080368409691)
(68.2044856100962,-65.3962433267122)
(84.5864447875980,35.7258584018296)
(0.383374507861685,88.5223548192433)
(-78.7012017209173,33.0142575426455)
(-58.8588709826529,-59.0307463368607)
(31.3591208133505,-76.3637371868923)
(81.5031731576850,-2.20186520749165)
(34.5194915194613,70.9699061240742)
(-48.4783898353262,56.9212538285623)
(-67.0752856891377,-22.3168282319090)
(-3.02341670385657,-68.3754390477572)
(62.2364967784921,-27.7025399901917)
(49.7635056096130,46.6596743865443)
(-22.4937902869990,63.5033715380993)
(-65.4184908726357,4.44612544095340)
(-28.5266446132174,-57.0161906379055)
(41.0282839523856,-47.2693192370432)
(58.7507554738353,19.1893138751666)
(5.46198810254393,60.5000799303275)
(-52.2194231670658,28.0656317337349)
(-44.9350789262303,-36.4888681574272)
(16.1921256315800,-54.5743551290220)
(55.8569666812072,-6.21702248597425)
(27.2092202103232,48.1082050370972)
(-32.9533548839125,42.8894014237978)
(-51.2691490779311,-13.6352835337330)
(-7.12034655486923,-51.9133037086320)
(44.4243841075596,-26.6589052486894)
(41.2887092352305,29.6077752296051)
(-10.8400182879558,48.2375647590518)
(-47.6230502212407,8.12036189473892)
(-25.3465895412526,-40.5404852548626)
(27.1963560701895,-38.9642262796508)
(45.7263376625051,9.17199868951326)
(9.06792533504831,44.1326957747720)
(-36.5846263991796,23.8920215968333)
(-35.3566535154993,-25.5905813824470)
(10.5302241897918,-43.5095078611657)
(44.8697476602110,-8.51242439347977)
(26.5698697202575,36.5010812283951)
(-21.2523005504032,37.6344345150620)
(-40.7701559509966,-4.92502228480676)
(-9.90082842216670,-38.6733157710546)
(32.2233270864448,-23.4500333042386)
(34.1976569253477,20.5991629423425)
(-5.30460216211410,39.0822921702972)
(-37.3077666811363,10.0224393868765)
(-23.0677740022118,-30.3785627425819)
(19.2683632159596,-32.9366647684213)
(37.8954604930273,4.69393936715452)
(10.7458875695478,36.1952317122837)
(-28.4709705336492,23.6194600488333)
(-32.1931347864076,-16.9452075494564)
(3.25654254711998,-35.9711613831550)
(34.1774632329363,-11.0116516504248)
(23.2563457788438,26.7815676408878)
(-15.5452872708258,31.3795788767731)
(-34.9105612816547,-2.31861638700749)
(-11.8630649768727,-33.2449281276613)
(25.1933938831201,-24.6115985475228)
(31.9028757517662,12.0467696632718)
(1.62573142023994,32.0960020843023)
(-27.7501876825343,12.4124913044272)
(-20.8115736231562,-21.4690761979453)
(12.7004280786165,-27.6796718261071)
(30.9691657901938,0.798842989355216)
(11.7014771172797,28.4802679955926)
(-21.1791349502951,21.4687387805588)
(-27.5359983921431,-11.3369883068734)
(-0.0983763338496871,-29.8455639306632)
(27.3204057283686,-12.0081534790338)
(21.6047834115052,19.8020591125081)
(-9.56506366632697,26.8004641222592)
(-27.8985572088904,1.12111514277630)
(-11.5910460931407,-25.3441015532499)
(18.5789154394309,-20.5573051542001)
(25.4536417818420,8.67520847918032)
(1.16458508700353,25.7543697772701)
(-23.6829190091820,9.54988909730137)
(-17.9603035581721,-19.8447401853294)
(11.7936873811295,-26.0193790470440)
(29.5069609043998,-0.873243666480014)
(13.6446613817812,25.5983833101817)
(-16.7436851661936,21.9029493708172)
(-25.4235565668772,-6.89413685619635)
(-2.86850209648495,-25.7912302442764)
(22.7532087802065,-12.5272960216153)
(20.2902568061426,15.8418106159452)
(-6.69373584034082,24.3462612944405)
(-24.8890630789915,2.79539293195904)
(-12.1520868159716,-22.2684753214794)
(15.7693978064636,-20.3320314108755)
(24.8471213813854,6.00290701181158)
(4.25110904605023,24.5952948365373)
(-20.8582900172709,13.0469544651099)
(-20.2490031744979,-14.3986266866879)
(4.85602545870925,-24.6558860937766)
(23.8750150207691,-6.00429137081179)
(14.3329779322405,18.2788019961577)
(-11.2547588873512,18.8024721431664)
(-21.3513989579768,-4.31253402165811)
(-4.01102064411409,-22.2946617354918)
(19.0877267901447,-13.2629949704614)
(19.6912956375005,11.3461712549292)
(-2.54528513832671,21.3562011215637)
(-20.1817905488525,4.92879348201682)
(-11.9346820706337,-17.3723746452543)
(11.4878510343183,-18.2580372697361)
(21.0275552253928,2.82434699889127)
(5.15748746705050,19.4121703565489)
(-16.1458564297432,10.8467800292438)
(-16.2013442383938,-12.3235485943642)
(5.49792419977718,-21.3919377373230)
(22.6219725340071,-4.76586690041851)
(14.1958401875547,17.7861647515971)
(-9.81538624879844,19.2066883209061)
(-20.6701252360729,-1.98977082360344)
(-5.73568049090378,-20.0822936584106)
(16.4283311579030,-13.4764995547816)
(18.8854220499043,9.29314198710904)
(-1.02256890010751,20.3307381465211)
(-18.8519118403262,6.42070883248960)
(-13.0933440660046,-15.2014787775610)
(8.77977352239671,-18.2187940179925)
(19.7887038471731,0.670940542905443)
(6.48802859889400,18.0161598974644)
(-14.8317822843980,12.4053988703508)
(-18.2273134251344,-9.56134270907996)
(0.362687871098506,-21.5975292005810)
(18.5354393945859,-9.79417958372282)
(14.9767579534352,10.8051184383289)
(-4.75538913778068,15.0137647096096)
(-15.5203600855178,-1.66062483214397)
(-3.64944142143435,-17.8345455633393)
(16.3519677053798,-12.7397473435242)
(19.6895507456151,8.22677912810760)
(1.67065427441465,20.0529524439581)
(-16.5189004945092,8.57030048027970)
(-13.5238345990207,-12.3900799098060)
(6.43178723332173,-17.8796412765474)
(18.9644184419024,-1.98867528137857)
(9.22332923389196,15.3687080295432)
(-10.3667203185943,12.9575774610062)
(-15.6136793310741,-6.05736101512441)
(-0.0718632946581145,-18.3200752922363)
(17.3813261801878,-8.88781615705885)
(15.7616602736048,10.7789472046231)
(-2.60401755320670,17.0839973895905)
(-15.3036705715834,3.03794747728182)
(-7.35918167599637,-13.6062701743253)
(10.7362173222049,-12.3865845582387)
(16.2422641418201,4.88644123997185)
(2.13779464163526,16.6360121297078)
(-14.4179376137502,8.12119897294924)
(-13.2311767642623,-10.5520123421192)
(4.23285230524696,-16.8871644983091)
(16.7323529383926,-3.48249044457926)
(9.20230689692027,13.0442448446286)
(-8.98423983820021,12.3982365160036)
(-15.5682298459712,-4.74652499539049)
(-2.47406305900079,-17.7465784320036)
(14.5782982077078,-11.1574151272309)
(15.3601603842274,6.68909395972166)
(-0.389087115589650,14.0998397706185)
(-12.9779539767137,2.42893193209996)
(-6.88912917379454,-13.6960921351145)
(10.5381460978591,-14.4388019698297)
(18.3632119375472,1.20858511631473)
(7.54160818182921,14.5800891493431)
(-8.47801020320178,10.2520158798956)
(-10.5654319741788,-5.49779324027821)
(2.83565575559869,-12.9495143470275)
(14.3822782267695,-3.29997632094080)
(9.58222238099538,10.8816072143795)
(-5.39718109961105,11.6076592664574)
(-11.6293036445046,-2.14223141817852)
(-1.01941241218519,-13.1952001828502)
(13.5770713471606,-7.45845151498937)
(14.1010680942422,8.60095161147319)
(-0.527182344721098,15.7501894647665)
(-13.0157284904924,5.44514582154298)
(-8.74570212388387,-9.79861088302858)
(6.53596140662707,-11.7212022683532)
(13.9126723275673,1.50894142955261)
(4.40891031824148,13.3124026772414)
(-10.2728339157132,9.10664523447558)
(-12.3128501293539,-6.00441249526428)
(0.431316595114071,-13.7831792751288)
(12.0948328732070,-5.34744804275802)
(8.56059038640916,8.10975678211300)
(-5.15890965171739,9.40291879552597)
(-11.2805446531854,-3.26578470834829)
(-1.42356651834638,-14.0249620853212)
(12.7887569024981,-8.98257675041969)
(13.8588890809382,6.38122592979828)
(0.0232113145521278,13.5756149691386)
(-12.2113142945308,3.61344920977685)
(-7.91509687767965,-11.8001435403100)
(8.09793070835675,-14.1937696213950)
(16.9225297630988,-0.582615668952929)
(8.26120441756136,12.9195364868219)
(-7.28229833620467,10.4937859355452)
(-11.1020759066173,-4.47317404456826)
(1.05107231487260,-13.7329944332395)
(14.2670417922582,-6.28590448672018)
(12.7666603988224,8.60709368307125)
(-1.12450539265094,13.0458497332710)
(-10.2365915776876,2.29734015266963)
(-3.72544592689851,-9.77502857720562)
(9.82160013613209,-7.98295284218339)
(13.1707418180614,5.54764510141022)
(1.68532694979663,14.1055694230738)
(-10.9999437214323,6.95474623238240)
(-9.68208569162643,-7.51470782315773)
(3.86104490732324,-12.0471745228395)
(13.1054694558814,-1.53971059020968)
(6.94606289325603,10.8526737539377)
(-6.87271341782740,9.85061171255643)
(-11.3409175402779,-3.36895311682494)
(-0.936577550787927,-12.7501290456441)
(11.7719031440115,-6.98901226284648)
(11.5502100914689,6.81229072583299)
(-1.03288259181773,11.9862481952677)
(-10.5698878666520,2.61697622723059)
(-5.78445634896266,-9.52803293814793)
(6.84973521050409,-9.72221828071649)
(11.4233642211003,1.59865068507446)
(2.43661785799031,9.58137563507326)
(-8.31615350484001,3.56089720741830)
(-6.33683580442894,-9.42989292425771)
(7.39656010477522,-12.9784185387285)
(17.0527385193222,-1.42617126126325)
(10.8689901549978,12.7599890671438)
(-4.49532556964643,13.5527971543066)
(-11.6264377633820,0.417775790824152)
(-2.89945834144070,-11.0740675918751)
(10.7398580756159,-7.74955582141377)
(13.1002574065615,5.81618312652426)
(1.92544099467171,13.3144139539017)
(-9.04030025784106,6.41760264896145)
(-7.08974202967434,-5.70688317914183)
(4.28442340461001,-8.17355034244309)
(10.3002028080969,1.36849058595442)
(3.36779452337778,10.2892325342866)
(-7.68938350290593,6.94408541213157)
(-8.79489021530502,-4.82819851484521)
(1.79785858911421,-10.4736076400362)
(11.1843911080570,-2.77033018708412)
(7.58772140704881,9.06998375019161)
(-5.09945554814406,10.4356704979108)
(-11.7861931187935,-0.952219384100108)
(-4.24509272728481,-12.1567744201344)
(9.10605436999162,-10.4190548090862)
(13.3693282202232,1.84727474401880)
(4.76730806741510,10.3893350603758)
(-5.52170256322818,6.33207116492255)
(-5.43730052544584,-3.74057368331839)
(3.51934204020258,-6.68102976318052)
(8.94349847217205,0.804786948534640)
(3.46350462426807,8.49670966494307)
(-6.02674520778542,5.91473935245392)
(-7.17948591882310,-4.26880061906836)
(2.09141278194809,-9.40496926960541)
(10.6472980264003,-2.68601453920525)
(7.73390888454422,8.06091503711030)
(-3.57469578170858,9.65492830236252)
(-9.76130966860451,-0.323417937697383)
(-3.12679036941401,-10.3408636400208)
(8.85619421789065,-8.66357629705187)
(12.5012110664357,2.62431989156978)
(4.26830671216137,10.3245772319834)
(-5.32722302648346,6.13097193253869)
(-4.81736491351698,-3.61362878669196)
(4.28252244186992,-6.15019576761312)
(9.71261412115122,1.79992708338872)
(3.92942782618368,10.0689138516621)
(-6.37247963885867,7.80709447307162)
(-8.45515187216122,-2.83756812300776)
(0.620166056862312,-9.07641503499374)
(10.0487459864250,-3.11101849666023)
(8.25558124025490,8.10027436753419)
(-2.94889380012067,11.0258926037197)
(-10.3381747986503,1.88492197157224)
(-5.09837775102310,-8.69497020788614)
(6.61063006014578,-8.37436652837400)
(11.1031067479595,2.19287674026261)
(3.54271260969513,10.3612218975429)
(-6.54380450989195,6.81967687231549)
(-7.07966702505482,-3.40943804567884)
(1.96611185971054,-7.47456687067681)
(8.89299539476951,-0.512052743181717)
(4.84360063848476,8.57822351781958)
(-5.33142593366288,8.27095761396287)
(-9.13725238120096,-1.35288147617330)
(-1.83847781870382,-8.72463135243897)
(7.73271848920830,-5.00312665700693)
(8.02221400959856,5.10771802204187)
(-1.10785185257752,9.16952088996345)
(-8.26961346381276,2.26539859631759)
(-4.55077445739985,-7.00511081498812)
(5.55078751767550,-7.09872865166751)
(9.62795770491169,2.30758724076764)
(2.54091936366386,9.88660952580507)
(-7.28838855612003,6.46337848908493)
(-8.12310393582249,-3.82269439562022)
(0.838681196180905,-8.58863722323400)
(8.57189974725102,-2.26851850872206)
(5.69846169459988,7.20872681927951)
(-4.15207967049541,8.18407595111217)
(-8.88975411751437,-0.523679052637472)
(-2.75692856088379,-8.28175203369726)
(6.71778274181415,-5.69434167224925)
(8.00073331418402,3.96715564981851)
(-0.369290102796426,8.85748107232470)
(-8.09268963615614,3.05737676942185)
(-5.76175734090828,-6.27139017852356)
(3.68313585486600,-7.73224890106658)
(8.64644304805961,0.373750393202377)
(3.09279158418318,8.05598729494846)
(-6.13408667671263,5.91505691723517)
(-7.76004796238144,-3.39488440661373)
(0.132456161819056,-8.49712720554044)
(7.83939593655465,-3.23790298463354)
(5.96585459515688,5.84999753429394)
(-3.11553973949431,7.62184191108847)
(-8.25807783971809,-0.0410928101115598)
(-3.22024987233186,-7.71979287194946)
(5.75229296243236,-6.05261949015398)
(7.65463699029183,2.83032254617061)
(0.205378499270658,8.00019643532306)
(-7.43350154744420,3.15568897737021)
(-5.94855627247343,-5.70581338107476)
(2.72417058175274,-7.71413882371278)
(7.83564250208285,-0.469390553925312)
(3.03224877934291,7.05834396494694)
(-5.88941117779744,5.55764775120638)
(-8.13674672698596,-3.24738667177867)
(-1.13282833674083,-8.79913058616726)
(6.43662840425904,-4.70188300973207)
(5.41672143352141,3.49538325419029)
(-2.51525785863232,5.27080347764861)
(-6.96708468472596,-1.76720495266085)
(-1.77097755466316,-8.81895421131569)
(7.19746654024942,-6.71500365361377)
(9.03772038604365,2.63240351922642)
(1.19590986723624,8.27789929071143)
(-7.18183114662209,3.45118810750629)
(-6.15310922267065,-6.12006506406070)
(3.00991514112921,-8.98026899009176)
(9.28461419387262,-1.69946872146297)
(5.11556310195824,7.00521714847483)
(-4.55968784450758,6.74575790298639)
(-8.31109569288489,-2.13341177252454)
(-1.90070855977084,-9.12874541908627)
(6.85712049181087,-6.26090599444174)
(7.72387049486813,2.54841872992804)
(0.290704908643433,6.58053844866386)
(-5.93777679400024,1.41677881948721)
(-3.42455033932939,-5.97836945850673)
(4.24968486461251,-6.15914804885005)
(7.06336044344193,1.05866103158235)
(1.10471475005137,6.43972002342489)
(-6.50759760252875,2.82008744009880)
(-6.33254645562834,-5.95861139821728)
(1.80316104553470,-9.63327800199354)
(8.53570749972230,-3.96304432013637)
(6.28771789873565,4.19157793431037)
(-1.68432815842190,5.27099040917346)
(-5.47130119032158,-1.46317069642731)
(-0.636049059733266,-7.31233326143321)
(6.58961255427014,-4.96707866093781)
(7.21082959529912,2.63922423391264)
(0.538844660143287,6.21289834547950)
(-5.21562221135471,1.68260088482875)
(-3.34839575877892,-4.94798136163981)
(3.02114562961371,-5.39132435648833)
(5.10162169600006,0.350757327099060)
(-0.181778663435636,3.95537571991862)
(-5.91791453905105,-0.546267147152609)
(-3.66429334083089,-8.70458565073536)
(5.66582611405152,-10.5321982623874)
(12.1220284466878,-2.70715121351558)
(8.31630711381503,6.83498374984049)
(-1.58721307910148,7.87274548231683)
(-6.53041497153617,-0.116351417108722)
(-1.48591748981736,-7.37622653640523)
(6.79833820911087,-5.46892777347882)
(8.07695225180291,2.85467724152749)
(0.858154550415374,7.28497245010806)
(-6.10800475912751,2.51142397825422)
(-4.67990972211890,-5.56438603611011)
(2.85144058822157,-7.33657677431171)
(6.88542000250826,-1.33318333637230)
(2.55575785923655,4.16491804649584)
(-4.22331440304190,1.60908209692736)
(-4.16805024480891,-6.24727520001586)
(3.65868692874557,-9.58011924325167)
(10.3413957359923,-3.64495093629037)
(7.83751565928422,5.09031207767130)
(-1.10726520814084,6.50471070623905)
(-6.04434024141924,-0.998403222891296)
(-1.28941725551923,-8.51667083225597)
(7.33145230901679,-7.34412016957288)
(9.65362051207002,0.625657545454295)
(3.52869341246092,5.41964674850562)
(-2.69122136791142,1.32398714939751)
(-0.563536036522635,-6.04276429450273)
(7.86270583567281,-6.60501937053116)
(12.2797806788464,1.68058029601954)
(6.57491596243957,9.97175731484249)
(-3.58036631796153,8.92973063851784)
(-7.28109304927059,-0.127333498205429)
(-1.26447487151760,-6.77914184266144)
(6.36492216089747,-3.92196418842066)
(6.00202715662011,3.87422165256105)
(-1.90572189222483,6.05036742691478)
(-7.45365439796735,-1.14611432027478)
(-3.16902602727843,-10.1153759729039)
(7.12767657775161,-10.8895852004751)
(12.9170118822286,-2.71379920163351)
(9.19947334007080,5.50440658274892)
(1.65958286245883,5.93234570319914)
(-0.916555640561091,0.500096010638623)
(2.82340742587397,-2.62474675252556)
(6.17017260733044,0.280494050926080)
(3.79015127014202,4.20152470302009)
(-1.09307609075684,2.58224463533014)
(-0.948800786468995,-3.48123573172759)
(5.83590868846694,-6.02291228852488)
(11.9545613426900,-0.278192626114845)
(9.69033893711855,8.60366938240066)
(0.663411934637703,11.0469451307532)
(-5.46756961860249,4.48396026703641)
(-2.28138335458226,-3.24388236804661)
(5.66361474504944,-3.03535022613731)
(8.19751955502970,4.58613083658091)
(1.76815594094245,10.0636862253219)
(-6.21156792011292,6.33781300169048)
(-6.27035073106036,-2.54365968069397)
(1.63366305584900,-6.21363263998195)
(7.95605613254479,-0.483731531569275)
(5.02039319288510,7.53569139917186)
(-3.70593168724702,7.94162973608145)
(-7.73881586391689,-0.0426463508557886)
(-2.16893844595167,-7.11116487686528)
(6.44900851989370,-5.04577779542091)
(7.99012278675688,3.44611317075404)
(0.897513556253647,8.05035689397761)
(-6.04083827977240,3.25933212779148)
(-4.32714751028436,-5.09474249344737)
(4.08759202493226,-6.96604110134895)
(9.30344917207543,-0.160620927701416)
(5.44397795964345,7.21121563034990)
(-2.43773994285103,6.68229690153588)
(-4.74030890139124,-0.416175826465454)
(0.956102601505767,-4.84971162101406)
