222795271975141839186726115317.
0.040000000000000001
(-0.504978946409365,2.70072615044491)
(-2.66589975689934,-1.85102098868092)
(1.30427757536432,-4.83892846402550)
(5.22869147704608,-1.60671727069732)
(3.14255335771076,3.08081425568656)
(-1.82147117884466,2.32354162227585)
(-2.22924940952129,-2.52916373780523)
(2.41853243786607,-3.93014665605310)
(4.87989478671252,0.449892793538569)
(1.08674157668237,4.08282684311050)
(-3.54823763448205,1.32805046625230)
(-2.06561371655415,-3.90338258921908)
(3.48203073214762,-3.68298240053171)
(4.66260994276184,2.11007333239885)
(-1.04543988047574,5.16481787803713)
(-6.25165144906009,0.542023539126089)
(-3.95211513574902,-6.15236615747005)
(2.70459217663574,-6.62559365644306)
(5.16372738372511,-1.35111375138952)
(1.52925075408082,1.79287914978943)
(-1.55980031055439,-0.831184693712203)
(0.652497674065878,-3.96519626989193)
(4.19783436615344,-2.13293925978714)
(3.05208816427349,1.90034892250600)
(-1.25693053175598,1.64839304993599)
(-1.90595107187800,-2.73364064209758)
(2.49782915873131,-4.29902770463182)
(5.20753740978595,0.0709953375579759)
(1.24886254725430,4.30610232939371)
(-4.63516163031876,1.61821167251651)
(-4.21388089952505,-5.30366982368131)
(2.44879342682832,-7.54850819897635)
(6.78279964428249,-2.38288097493959)
(3.57758375975702,2.97031467600681)
(-2.02680354049446,1.53009078260661)
(-2.16257942650883,-3.99696731920047)
(2.87764687967845,-5.73091941801868)
(5.94115106849620,-1.87782306050906)
(3.70224006393900,1.63369100195715)
(0.700893128405496,0.585876047737426)
(1.53289157126258,-1.71253658516014)
(3.81439673121779,-0.507408214047061)
(2.57204777200297,2.54149157539617)
(-1.31282866611886,2.10167785286933)
(-2.15390395274325,-1.97051280559938)
(1.46585456256062,-3.85701356440480)
(3.94294571686498,-0.753270410782515)
(1.10230651526261,2.30283609728860)
(-2.90982138306275,-0.154713157739410)
(-1.45774829922469,-5.21631523482930)
(4.17745035681248,-5.29249622768028)
(5.83515606363006,0.364427099726298)
(0.423790214504040,3.61045593594588)
(-4.70071789268638,-1.09906101536575)
(-1.74841626536723,-8.04891009779393)
(5.96547358073956,-7.76056077640081)
(8.08400247482818,-0.642005888933984)
(1.88778079586083,2.98063430075410)
(-3.27286455626044,-2.73597962463138)
(1.32602948720164,-10.4549438539780)
(11.4686131641963,-9.25475441474096)
(15.3495110293903,0.628713539220530)
(9.12229548211865,8.28018773832653)
(1.19455687676156,6.68262254835284)
(0.159027622746696,0.947301222034401)
(3.96635101136064,-0.291930787142749)
(4.82269127715801,3.13709893228544)
(1.15436920475931,4.45969784570192)
(-1.12064445778655,1.16272296606858)
(1.29330395600333,-1.52335266142314)
(3.76289506998052,0.472399252609777)
(1.31879703603308,3.10310306854311)
(-2.78912724224675,0.241603316969816)
(-1.10828120023191,-6.28326923748679)
(6.89074025236154,-8.05929870807527)
(12.9895366148077,-1.49222241360195)
(10.7090918907998,7.01261785351441)
(3.36667628069128,9.35471954403922)
(-1.13640898957823,5.56178301365601)
(-0.499249656857085,1.87593170339527)
(1.12657596130447,1.41333167950270)
(1.02340529446973,1.50813253699861)
(1.45937571550329,0.210937529124505)
(4.09113029355910,0.273370895526493)
(5.45777202864792,3.96974839361111)
(1.85917587064997,7.62451631921604)
(-3.76322314683208,5.82280136341392)
(-4.65252519312124,-0.188064461684858)
(0.202130092530685,-3.16955462843395)
(4.04916193133822,0.146940243706547)
(1.79265886498964,4.22322938883871)
(-2.60781299171247,2.69815812034164)
(-1.99224335539789,-2.17478913277924)
(3.17850041262123,-2.78508890924870)
(5.20017778317856,2.33246822417119)
(0.571160061890394,5.86264352265597)
(-4.38714219510840,2.32041878180495)
(-2.50873763301023,-3.57273861553379)
(3.54656440462080,-3.48844308072076)
(4.90287085893832,2.22407672324806)
(-0.478361435032485,4.74838124132207)
(-4.43543737444717,-0.325164005712079)
(-0.301935642296699,-6.14573586460550)
(7.11806196945138,-4.12459314369918)
(7.99893342592988,3.65538627834552)
(1.34122741385724,7.14141667501071)
(-3.67649929531973,2.38369747133668)
(-0.739588508868090,-3.20108685639400)
(4.98948658810135,-1.73974538792407)
(4.84746509438464,3.98840527307254)
(-0.707540099741554,5.13460044328875)
(-3.12643652892033,-0.0710303698060263)
(1.49400726359612,-3.87412185711069)
(6.77383525502987,-0.444313919308027)
(5.42019272401838,5.79717197239708)
(-0.479964980241336,6.84542247475984)
(-3.06936255728041,2.47793567686754)
(-0.233434505202250,-0.272675087377823)
(2.12233344591167,2.02525283262562)
(-0.305818377326801,4.57874109754521)
(-3.74373470918809,2.40993589285202)
(-2.60001636976160,-1.75164321847157)
(1.59624828546768,-1.80970713308427)
(2.48079708855062,2.06887868730184)
(-1.21136476502120,3.56176592249301)
(-3.50359014275066,-0.0122944981281625)
(-0.348638521176774,-3.31335576793842)
(3.87300627832905,-1.01352074763856)
(2.73536078134799,3.83133008880970)
(-2.37623400176023,4.03264343420466)
(-3.99031774338872,-0.928096179284301)
(0.371867797580397,-3.85215970651819)
(4.33122898714065,-0.432256389181587)
(2.04287670478071,4.24235067042138)
(-3.04636877763054,3.19137211935382)
(-3.28266011777267,-2.00220619138745)
(1.71412349385363,-3.49123049973993)
(4.38177979607051,1.06235749946022)
(0.527241398607090,4.85336368118422)
(-4.25859770824217,2.04621274890058)
(-2.83518916585920,-3.39396727323733)
(2.77383152708140,-3.47865833855317)
(4.27130828093338,1.88479409508969)
(-0.566613801131710,4.65695108419207)
(-4.50111160031145,0.619559098491708)
(-1.58826272775969,-4.27364033533021)
(3.90309775999558,-2.73414720110781)
(3.81068116520129,2.94314429675974)
(-1.70098616905787,4.24857619007505)
(-4.31510794124095,-0.802116289728631)
(-0.00552608017605700,-4.60510089566724)
(4.82005691740558,-1.30874478858124)
(2.80715344120027,4.31170290860181)
(-3.26837481211261,3.83392888636746)
(-4.45935862564454,-2.22123408660171)
(1.06610309902367,-5.00016036516128)
(5.18255679449299,-0.406656959352233)
(1.79978827941266,4.74461431162318)
(-4.05305071284295,2.78632054361378)
(-3.64360194238454,-3.37628240225633)
(2.44981914178315,-4.50768734940162)
(5.07994863390663,1.22188174019563)
(0.0542952692441195,5.37673421163866)
(-5.54992740061584,1.61456462953610)
(-3.67509139515544,-4.95471073190309)
(2.98648286199470,-5.22047135231976)
(5.07114445415359,0.711906422475276)
(0.247849231000160,3.99617796899697)
(-3.74105431097012,0.250249719858689)
(-0.924434766192840,-4.24110577038817)
(4.06278070149737,-2.33351370994764)
(3.25967153657677,3.12994948357916)
(-2.42100396412695,3.74063525092870)
(-4.56018405212979,-1.60636836944391)
(-0.0703193083432904,-4.95912370943733)
(4.00248297389250,-1.40912406666952)
(1.15129944715758,3.27103812697671)
(-4.47603445868322,1.21912546850566)
(-3.99071582888622,-5.43489502841280)
(2.87063261595890,-7.30851123353890)
(6.98828153452919,-1.56970234287611)
(3.14083215348660,3.74157469895788)
(-2.34619494745139,1.51450330562905)
(-1.08489767814921,-3.97171006923872)
(4.81034502738689,-3.58268011873923)
(5.89318653578696,2.81247497115306)
(-0.318448110800266,5.92673910057536)
(-5.30400668184055,0.900017848588453)
(-2.02281773712343,-5.20110210417345)
(4.52692469064699,-3.61483718558629)
(4.50432166694396,3.15577267764169)
(-2.29815694448840,4.91813909130460)
(-6.09832440642316,-1.25845782925712)
(-1.44912004502567,-6.76278959288575)
(4.89589069567133,-4.08134423002603)
(4.03251476657586,2.39824873932040)
(-2.24328477368933,3.20768943717918)
(-4.73524167670863,-2.31276833873456)
(-0.820542653030136,-5.86160649897251)
(2.26724612894489,-3.50000533132131)
(-0.342386133513227,-1.69393328671883)
(-2.57239101951843,-6.49162753369296)
(3.56608275915220,-12.4135147007071)
(14.3588776133064,-8.98107126380227)
(17.3671671666363,3.56013743364892)
(8.19412061590308,12.6328527315083)
(-2.80128562593848,9.44181068830332)
(-4.05033340914900,0.426119221189155)
(2.28145349586531,-2.16500502774444)
(4.81826313738094,3.03159845956822)
(-0.287879539970745,6.16286743410387)
(-4.77684004377013,1.62522916727561)
(-1.63414926936893,-3.90983760511948)
(4.20686976107833,-2.23854833644941)
(3.66028015726293,3.67587290498236)
(-2.46664574099541,4.27766473122515)
(-4.61537946304385,-1.88370543070224)
(0.941178813867171,-5.76216546229821)
(6.23900382738149,-1.46212104133667)
(3.51053499799387,4.70145488972719)
(-3.03663261505518,3.57018289239463)
(-3.43669360738551,-3.03712330363617)
(2.99867265089977,-4.94684327929617)
(6.48064140513910,1.03898799935413)
(1.40922125979011,6.12356309539252)
(-5.02687790534356,2.56953173348844)
(-3.41318801180714,-4.59667066749954)
(3.78273554056206,-4.90952694182804)
(5.74813067604342,1.91247230823066)
(-0.551632862762487,5.41247972226671)
(-5.69692479532712,-0.0530930113962353)
(-1.73497991676247,-6.76746264458394)
(5.93127452805851,-4.97099584761343)
(6.45028122835049,2.69518746325567)
(-0.470720767602795,5.12712730091008)
(-4.28317579666909,-0.773616943339473)
(0.575873063747359,-5.66431967142907)
(6.43961293874772,-1.94244352051956)
(4.09617021788647,4.75376918802834)
(-3.15243910651604,4.04624728349708)
(-4.27789659874165,-3.37976281383677)
(2.85345613753491,-6.48737897029204)
(7.96237067735566,-0.295640232460145)
(3.45729714474399,6.48679860963218)
(-4.24350150049248,4.18814951837236)
(-4.13949245034051,-3.55048658012356)
(3.10046272888621,-5.22639436499248)
(6.24470971152699,1.41757595109211)
(0.304456793006771,6.10634043215857)
(-6.03670060336962,1.42704801365828)
(-3.40909930694744,-6.11838518563516)
(4.32250829350389,-5.86919399376163)
(5.99962637104139,1.14215869108204)
(-0.0795634503216828,4.01188079964013)
(-3.84018907713871,-1.41762948236373)
(1.03794922066815,-6.30516430848555)
(7.31466185961861,-2.40700082577680)
(5.09489093098298,5.08089865626494)
(-2.95700935622024,5.07116609281857)
(-5.27228364361351,-2.66431557174532)
(1.32709599243718,-6.93103357150020)
(6.80297013433354,-1.88197121287906)
(3.11313155314388,4.14191864484588)
(-3.41253187443071,1.35816781657720)
(-1.59268976548246,-6.17809265511278)
(7.17200558671536,-6.22857439364161)
(10.1504830523934,2.93051381051406)
(2.16428415189496,8.97432787194742)
(-5.97745556167298,3.33135502414603)
(-2.83615405144459,-5.75199655739951)
(6.67467759156204,-4.82888718212801)
(8.10862588540496,4.96644325296353)
(-1.34540447673491,9.25237022505063)
(-8.46680757776489,1.38353299724910)
(-3.21474835906626,-7.64377390536534)
(6.52857763740790,-5.16499913422358)
(6.47929940028213,4.63798180749612)
(-3.12802490832980,6.95303826411058)
(-8.02936301085478,-1.87463813490030)
(-1.01738442372808,-9.13562013839420)
(7.61549652726980,-4.67726277933664)
(5.59031780337064,4.23837850108709)
(-3.16917062450830,4.09925308467063)
(-4.74775700655381,-4.56975302028272)
(3.66307118436469,-8.18490631514498)
(9.52536202274381,-0.737688908188901)
(3.89950074972943,7.03827712902410)
(-5.02661783277784,3.79335340879889)
(-4.28620689532154,-5.37576972587460)
(4.30607205686321,-6.79613965815482)
(7.14950417784631,0.851464863008595)
(0.0547736420819598,4.52613134753840)
(-4.78734649682939,-2.73450609302768)
(2.52226649130421,-10.0034069020972)
(13.1627683429851,-4.26137845817722)
(11.2498909038860,9.04475481063555)
(-2.43532734643144,12.1975904120773)
(-10.0814708407882,0.566330074536627)
(-1.80575687462855,-9.92228017107755)
(10.0044132862326,-5.13512301132613)
(8.42387569834340,7.08193756657526)
(-3.60600866844874,8.51028977696862)
(-7.88695571339626,-2.75379997282724)
(2.05792033008595,-9.65297378897143)
(11.3344519714887,-1.54172339073048)
(5.71547941758841,9.83694672170598)
(-7.11209170184966,7.54016068727551)
(-8.66179585515815,-5.46559767391634)
(3.07927688583530,-10.5094815631968)
(10.5827573725698,-0.779367610636000)
(2.72442913177245,8.47540677365953)
(-8.49415657687863,2.45677561178151)
(-5.39847138481759,-10.9987205226910)
(9.18482783913140,-12.4652197015104)
(15.6221474248179,0.752474791407466)
(5.82553679365632,10.5711867650992)
(-5.22880587332052,4.33233633001121)
(-1.55527582898842,-7.14299077391436)
(10.7258326734295,-5.86801693046247)
(12.9067397774293,6.96180462423746)
(1.28769979809804,13.2164618266806)
(-7.89358195992769,4.70169568282490)
(-2.80279847267757,-5.35297429201925)
(6.99564210532373,-2.61592713830920)
(5.76758541718243,7.17703300231671)
(-4.48568404046310,7.71548237990352)
(-7.49709718919351,-2.65546283035802)
(2.04978107362575,-8.34869271268390)
(10.0414373769405,-0.443711104716934)
(4.25303788553515,9.31677020349029)
(-6.78385599950468,6.00528374541183)
(-6.28356042655816,-5.71033163553057)
(5.36081237212566,-8.18167443794284)
(10.7150748580802,2.62959686172165)
(1.41617694040127,10.6075622761352)
(-8.81051171542267,3.44131190118332)
(-4.34569581176039,-8.51191621013888)
(8.64670322546410,-7.20676458098540)
(10.7977341484263,6.00401551849921)
(-1.69558917875670,11.7234580353090)
(-10.8453708201054,1.00793273456262)
(-3.03526706975483,-11.0336264173392)
(10.8209184164782,-7.08349462257162)
(11.1154842651036,7.06701457501122)
(-1.83438670218003,11.1572382027777)
(-8.67139297420215,0.277116433924964)
(0.0731676878557374,-8.34621117817694)
(10.1439990271986,-1.50323731957821)
(5.37138580514846,10.1182599307878)
(-7.65985444550537,8.14349723475898)
(-9.25509689038163,-5.47681987915187)
(3.66708558127794,-10.8715393796288)
(12.4243640267713,0.129218949347982)
(4.17049483798398,11.4274768624116)
(-8.78477804533284,6.34795285069604)
(-7.07955022228169,-7.46792754121774)
(6.84416205604318,-9.27133241734732)
(12.2277447910140,3.88850537029331)
(0.887661849315160,12.6408195823858)
(-10.5142318540630,4.11024297767889)
(-5.30303453695883,-8.85533071051065)
(8.26793225551614,-6.90647744466469)
(9.38367810293547,6.74699208827267)
(-3.97999914585020,11.0370796391465)
(-11.7360932657077,-1.27712700514584)
(-1.70157717028039,-12.3789504822335)
(11.8596443730808,-5.78501335548388)
(9.21947079979996,8.89205327584131)
(-5.38418373267095,10.0530393328814)
(-9.97874671342806,-3.69961275520678)
(2.30448481882938,-11.4631283690180)
(12.9222503012608,-1.39567215885153)
(5.81359147465260,11.4135343322850)
(-8.25791648049265,7.63340621316408)
(-7.77077530269064,-6.93426999994664)
(6.85609328511863,-9.74024300867126)
(13.2981348310823,4.40691169671826)
(0.767155805002542,14.7882568046684)
(-13.1075566687812,5.40330003472847)
(-7.98609017344171,-10.6360769535018)
(8.66783242344767,-9.99414387952466)
(12.1639542982521,6.16548539609115)
(-2.77381634985458,13.5163195369057)
(-13.8308192485820,0.644702446511543)
(-4.13604416233460,-13.6650475018649)
(12.3912451792705,-8.13401617488993)
(11.4713423038579,9.22050301000535)
(-5.37910883731759,12.7877898408767)
(-12.9692487616749,-2.50186767233468)
(-0.0298437417028830,-13.5228463334819)
(13.8109043766915,-3.55271929471553)
(7.38604250390763,12.4762508759371)
(-10.0331539788014,10.1909215203110)
(-12.3335601846718,-7.48035146420506)
(4.19676639826088,-14.3287747724854)
(14.9367603365324,-0.168206217897135)
(3.83134181481479,13.5116075016989)
(-12.0514148761937,5.70492857766580)
(-7.85860515940107,-11.9889099333796)
(11.1538843864344,-12.1384515766607)
(16.4977591728220,7.04108200535795)
(-1.01530187434847,17.8466069993954)
(-16.5335043131866,3.89055125108682)
(-7.38039879603477,-14.8408244017509)
(12.9620711406043,-10.9318283907526)
(14.2942481908572,9.69305779604069)
(-5.44644012028036,16.1480031679620)
(-16.7442925888150,-1.49434820112351)
(-2.39729213124207,-17.0089532209926)
(16.3863994113425,-6.92765982755577)
(11.2706118907708,14.0187704845770)
(-10.5905806988335,14.3698753763277)
(-16.6156559597258,-6.93303464456295)
(2.56413650494710,-18.3143109364890)
(18.4648974302649,-2.55102857337052)
(6.96313705931939,16.8642750844439)
(-15.0682676792452,10.2740279547127)
(-14.1648264335980,-13.3828366344139)
(9.59498215124010,-18.9141772865168)
(21.6822369732571,2.84737801299492)
(4.01750126420492,20.5703420838723)
(-17.6435204647769,8.38775991712814)
(-11.4425835936566,-15.4325626161561)
(13.1071761160723,-15.2510306387056)
(18.9516275671206,8.78502421139731)
(-3.15744781611438,20.5714374055930)
(-20.3484938880762,1.96086062584679)
(-6.58545151276259,-19.5304418366669)
(17.8168209738519,-11.4836210143712)
(15.9890410004156,14.4292509598380)
(-9.97871305553518,19.1346980897671)
(-21.2442874510664,-5.23760252052450)
(-0.196264756002642,-22.5760395684782)
(22.2092067346056,-6.36564057739503)
(11.9983135971792,19.7883435448066)
(-16.3823688628950,16.4491455906266)
(-20.4809452419789,-12.3712864362550)
(6.74690932111202,-23.9680788274775)
(25.2412979016699,-0.364714324108352)
(7.00083987038421,23.8406809278514)
(-21.3429641108501,12.2718551152612)
(-17.3108625918566,-18.3952135426036)
(13.7040728281452,-22.2955360823068)
(25.4144631422922,7.04831376667135)
(-0.357524252269741,25.9390366916110)
(-25.3884095038922,5.39635961638733)
(-11.4622650701759,-24.4354563905735)
(21.5547104766039,-18.2724627441666)
(24.0054310907590,15.9594985923825)
(-9.10398666494797,27.3464514177487)
(-28.9669586873699,-2.18212131489280)
(-5.18105221314028,-29.2974572604289)
(27.5151794497535,-12.8928288634768)
(19.7168518355370,23.5068376871422)
(-18.2198060921713,25.2340055982967)
(-29.8554478353227,-11.6658929337205)
(3.28894925373707,-32.7142704279879)
(32.4078704150777,-5.67671675585933)
(13.2194659125380,29.7324353050635)
(-26.5531695373704,19.6991986135430)
(-26.7268790878310,-22.2793906568391)
(14.8886799074869,-33.3226122876414)
(36.7596483537931,5.00794966332859)
(4.68918281664300,36.7412243867544)
(-34.9917800854224,13.5604455892012)
(-22.5878851121251,-31.4077348442585)
(24.7037810912605,-30.7178665980534)
(35.8940294910275,16.0664149952968)
(-7.72640991327224,38.9106612467355)
(-41.6620038937017,1.25291221323891)
(-13.0083235107644,-42.4414935655432)
(37.9523498027095,-25.5747414697591)
(34.6820858401098,29.2316305539167)
(-20.3191826303831,40.1618203021748)
(-45.2070922795130,-11.6174097214351)
(0.0529272309632044,-49.7266572553264)
(49.9815590454643,-14.4262433432018)
(28.0017689582394,44.7839534770885)
(-36.7374990142477,38.6940386160032)
(-47.7776184499247,-27.1668772386044)
(14.7886164703715,-55.3400307257266)
(59.1890527384329,-0.339955454679176)
(15.9688244330958,58.4146523161950)
(-54.0123981795232,30.8202869286819)
(-44.9088534394517,-46.1472335996894)
(34.2291858815268,-57.1741926490843)
(65.9319785723229,19.0102195745579)
(-1.86880061994817,70.6901307902378)
(-71.2128760691198,16.5906212799006)
(-35.3091027343490,-66.6379763941453)
(57.0231075319552,-52.3847133931464)
(66.7589403748629,43.2421800685091)
(-25.4492292264238,77.4093900277018)
(-82.2056225277452,-4.91339536234835)
(-15.7343195029424,-80.9240282663597)
(72.8233475569940,-37.0651485137040)
(53.9739012129355,47.8154399451390)
(-5.77271386777018,33.7704102760596)
(56.5485226863601,-8.97094694680877)
(166.331990605137,145.395086809599)
(-16.7385392063134,465.164048701083)
(-614.051899560496,482.411479127338)
(-1118.18947840355,-212.637708944427)
(-765.609938130972,-1281.95072315903)
(533.755711066063,-1713.08395721067)
(1814.80474209190,-826.752812707076)
(1881.59353693777,839.978366404391)
(569.957349210251,1900.09177985268)
(-987.579202608293,1480.51371949913)
(-1482.66318901634,105.568625937055)
(-727.593397139569,-897.995073446076)
(294.095554329784,-789.338347566072)
(590.965763349678,-38.5297448531343)
(152.397125371094,401.785943408300)
(-283.964907335643,192.415813129246)
(-219.663823235542,-195.577522793882)
(113.482313266575,-229.654559362021)
(219.704995365338,43.6139552407824)
(11.3715032062231,198.882482134360)
(-171.560692269591,55.3859372564528)
(-88.8213763885731,-138.132564900094)
(101.675949813319,-110.605778399774)
(122.394648976343,65.4145354554067)
(-30.1956445535856,125.785386910854)
(-120.879989730058,2.76183258251361)
(-31.2449522371738,-108.802060220183)
(91.6951205798645,-54.2888903418439)
(71.7360220058071,70.8161587893191)
(-47.3536320611453,82.7545201008210)
(-87.0623452562743,-23.5118480315991)
(0.946809909834903,-85.7469849985137)
(79.5553444909603,-19.8302664358642)
(37.7411609682176,68.6492161265630)
(-54.3353767167094,51.4037644691387)
(-60.9534923346285,-38.2292184170102)
(20.3185717806083,-66.5660598890011)
(66.3205982215685,1.27298984758994)
(14.8734472140040,59.5437576947501)
(-50.6215050070898,25.0274809449947)
(-32.5104234644157,-44.2374723731822)
(38.0553640127207,-42.6429438572844)
(53.8522151877635,25.9658384422049)
(-7.90975507726644,59.1415503771658)
(-55.9656252632072,9.57538262152677)
(-22.3862197335133,-48.5578892044087)
(40.3589289246879,-32.2945393258398)
(40.9415862391774,30.2823922748803)
(-17.4935055895206,46.4032507641167)
(-47.1964945450143,-4.36291284427121)
(-7.03809918065383,-44.8358885457917)
(40.7725064624923,-17.1767754083073)
(26.4263404005926,34.5038250863361)
(-25.8597175368549,33.5802138852014)
(-37.8896841508058,-16.0930554559786)
(6.05111808837070,-39.7946721576749)
(39.2941006879237,-4.18375885577480)
(13.8082021061930,35.9960033211778)
(-30.5500228405605,21.7446943822247)
(-28.0637477849602,-23.8702343830151)
(15.7497861130307,-32.9125988860158)
(35.1843980846976,6.26642071687834)
(2.88372568091925,34.3112855018399)
(-31.6921578165090,10.5537434882902)
(-17.7066777754250,-28.2096295437491)
(22.5498197002200,-24.6344576559810)
(29.1364236411727,14.3300441663943)
(-6.17170904522939,30.0300996340862)
(-29.6234274260151,0.139974260833205)
(-6.63271014483301,-29.6777978818568)
(27.8813633973212,-15.0710542565540)
(22.8719298631504,21.7908329623143)
(-13.4180063688547,26.7017991935482)
(-27.3794906322989,-6.18062720840342)
(-0.00551218763630962,-27.4487078516269)
(26.5713767263887,-6.78141924087508)
(13.1827141059828,23.2814832656942)
(-18.7697549966564,17.4862463222438)
(-20.8146779539180,-14.7862301870762)
(9.99406391097004,-24.7749440651337)
(27.5867838826277,2.49206594522470)
(5.98658548214683,26.5715469399979)
(-22.6450324943393,12.2922309247443)
(-16.4635492277299,-18.5477130383565)
(14.3765103013753,-20.4298186728777)
(23.8634149312492,8.52778853475234)
(-1.46182099529947,24.9162498535898)
(-23.6005423239885,4.91721740080148)
(-10.2335640386410,-21.2357660662888)
(17.9396721683487,-15.0731636299989)
(18.9632449131550,13.3407973798457)
(-8.14652908330875,21.3692562242758)
(-22.8813660867809,-2.74858131093544)
(-3.66910693132922,-23.3143982357116)
(20.9691910604708,-10.6116464063390)
(15.4594465619275,15.8268495045417)
(-10.6989572015281,17.2538343875228)
(-18.3551757600588,-7.07560165795594)
(2.95193904269887,-20.1827579560962)
(20.6401676316042,-2.97869168884442)
(8.48460482944432,18.1769338210052)
(-14.7950022459427,11.7248912656489)
(-14.3565051607574,-12.2318862055944)
(8.79444457438072,-17.7949756177053)
(19.9960062814302,3.06064839732841)
(2.82715568337436,19.1346056893903)
(-16.9861250058911,6.79770726328165)
(-10.2965219106790,-15.3522074544395)
(12.5734418207909,-14.7460567085098)
(17.9772251975612,7.07981733318198)
(-1.14086931331731,17.7685159595244)
(-15.8500751132933,2.52838665037005)
(-4.97600884296670,-14.8422544749495)
(14.0188108171355,-8.41502605882516)
(12.1838505450505,11.4315896823829)
(-7.55603783421818,14.4932795110240)
(-15.5379632286831,-3.76184664813898)
(-0.186136374711120,-15.9806609429443)
(15.0631971551138,-4.39069840312328)
(7.43884918670398,12.7931058522748)
(-11.0171719993456,9.20494260796540)
(-11.8600151207231,-9.92901341713082)
(6.86957045885217,-15.7172623385004)
(17.6131799991144,1.01583870799719)
(4.42521845644549,15.9074563998768)
(-13.2774875897205,7.25609519423741)
(-9.56823566720070,-11.8663059483590)
(9.70504420107749,-13.1822104765769)
(15.9287489121728,4.98937532196102)
(0.143917893225563,15.6863069844028)
(-14.1634986913117,3.43874377342395)
(-6.23737588760051,-13.2712009071874)
(11.5448650187299,-9.97432450312521)
(12.7554246043217,7.65107498243308)
(-3.72489703666220,12.9724077204251)
(-12.6814292916164,-1.61713351579735)
(-0.635498357091381,-13.7654323563833)
(14.1951651196734,-4.98936776548818)
(9.44606604822464,11.7164379540996)
(-7.94666349502248,11.4963389102942)
(-12.2483106996876,-5.24286240692132)
(2.68165134330827,-13.6001053874470)
(14.4324589282202,-1.33790185756121)
(5.53555465529367,13.0894460199176)
(-10.6978754189482,8.18416651217315)
(-10.2016124059244,-8.73014829441060)
(6.13137025695457,-12.6560599885330)
(14.0763993139554,1.93671811508223)
(2.14773294337418,13.2308805825062)
(-11.6759812846508,4.66890563156766)
(-6.97893822100797,-10.7344045078698)
(8.94176131558195,-10.1452682142709)
(12.3932511901932,5.20321227404602)
(-1.38534290664569,12.3224450078039)
(-11.5644451796763,0.915923436462734)
(-3.09380303239506,-11.6021338728090)
(11.0362471554306,-6.45537864673466)
(9.53587895292506,8.52871958308763)
(-5.37185040731644,10.9019326673830)
(-11.5195075491352,-2.81345074607442)
(-0.0123995953908171,-12.1511221117956)
(11.6607220743294,-3.43743497455709)
(5.95175590589138,9.86461505950855)
(-8.51095083849010,7.41682903178276)
(-9.84004806255388,-7.57101734648312)
(4.48656519334602,-13.0793129821624)
(13.8724330487596,-0.936395647110595)
(5.08584875127618,11.2112699855354)
(-8.42851862519338,6.14168601884358)
(-6.81703307336928,-7.69908448773435)
(6.80696287064199,-9.23085781541564)
(11.4447487920196,3.76475980320878)
(-0.240443393221080,11.5841831285299)
(-11.0201892656209,2.18562930897720)
(-4.83817151742944,-10.8183960809232)
(9.29814035254030,-8.38392923558837)
(10.6810808412835,5.76901544017449)
(-2.52373287080292,10.7613807465797)
(-10.7722014264862,-0.618455588352314)
(-2.06856993441315,-11.5472283589993)
(10.6383262590577,-6.19692293535755)
(8.91366834130178,7.18393783274667)
(-4.12791474809877,8.93485559537378)
(-9.00482300851204,-2.99133314967198)
(1.14767314544187,-10.6046139861187)
(10.9644126739018,-2.88309948554572)
(6.17529174836090,8.31491497364862)
(-5.44224903211281,6.53616440775120)
(-6.35452541974659,-4.77592551762254)
(4.31524343371691,-8.04419906941014)
(9.88249959867722,1.73703837658979)
(1.52887463181529,9.64564041021760)
(-8.42609818077383,3.51775796215111)
(-5.15602605755254,-7.70560639632077)
(6.37998845861704,-7.45252829045929)
(8.94215676429990,3.62068852152602)
(-1.11655633210473,8.71583952632520)
(-8.47254308286578,0.160261125060939)
(-1.91562106721865,-9.10844450250840)
(8.78836296922275,-5.00413829824718)
(7.51360484012923,6.52237791408460)
(-4.04569719822299,8.31423698418381)
(-8.82976563757318,-2.35217451516454)
(0.140547884326156,-9.65500486353318)
(9.32110952021581,-2.81913114729961)
(4.82553402518545,7.76254873722800)
(-6.80209372255819,5.94448017134919)
(-8.16700870864663,-6.09468202917042)
(3.19852431784225,-10.8850023257413)
(11.0421313831882,-1.36643635793911)
(4.18029672792669,8.70939225397702)
(-7.23446730113412,4.91673422814186)
(-6.73326156857683,-6.94757270514152)
(4.56214373690950,-9.73370409341559)
(10.1678131449080,-0.0262939188135599)
(2.66602949719206,7.51778061804618)
(-5.97118433181490,2.27468962487591)
(-2.80547679691000,-7.00165204834306)
(6.90778868831286,-5.92512387976998)
(8.14998124195437,3.87055127007311)
(-1.07401973317806,7.53336620183200)
(-6.88214733865033,-0.429651126677005)
(-0.580631859278496,-7.88366450199931)
(8.15284654063720,-3.38656938130973)
(5.71697088678399,6.47865735758609)
(-4.96972252520803,6.71021879320798)
(-8.50684156401526,-3.86854517006872)
(0.488086695148538,-10.7097616974533)
(9.65211678568484,-4.63043891051633)
(6.96341891519216,5.28621178202525)
(-2.33412848329344,5.48891192851605)
(-4.44613028374829,-2.56301173737320)
(2.47899249737174,-5.78439958737931)
(6.61903131336564,0.419086403789788)
(1.08589635382969,5.81902657549285)
(-5.80996947297149,1.59223692544320)
(-3.75151874979592,-6.22558040635139)
(3.72944244961365,-6.42434472456154)
(5.13505866229285,-0.0793476712272855)
(-0.688372719052624,1.38306743596796)
(-2.45535681481270,-5.33810219862892)
(5.59534592085954,-9.18806717351084)
(13.2020427611992,-1.38311576036158)
(8.27092510709141,9.81682917535558)
(-4.46043184356794,9.51103636883906)
(-8.66760705331896,-2.27613251454263)
(0.707724230987701,-9.65448213050895)
(9.96684898370662,-2.98043615166609)
(5.94339463228668,7.53525155699065)
(-5.43109577722833,6.50703904858972)
(-7.94718465634868,-4.77573667853886)
(1.68086692355042,-10.7079259990956)
(9.76697023368066,-3.97956625320784)
(5.93902606099095,4.60211911659322)
(-2.32986016790813,2.71158715186334)
(-1.72130967469428,-5.55687769413137)
(6.94227630323046,-6.60287270030272)
(10.3711923874841,1.95308209984926)
(3.04489809848847,7.79488580921407)
(-4.47433621647224,2.48296448359619)
(-1.34069530248657,-5.94551271275668)
(7.51390454719531,-5.02690989851556)
(8.94339936422587,3.68292847836159)
(1.18263256355109,7.27663352871244)
(-3.87162275089598,0.975475137044911)
(1.15213269849841,-4.89773579901069)
(7.92165549908462,-0.775877732451659)
(5.02779157653664,7.42312840381261)
(-4.55419517931275,6.91042803259924)
(-7.42888703431975,-2.80001104135313)
(0.567343389105215,-8.80979471209862)
(8.20752914281796,-3.58630875305120)
(5.35227055395102,4.20735096337407)
(-2.36311002452788,2.73702973459395)
(-2.23437705628562,-5.56598479054532)
(6.59316440570234,-7.89155193611898)
(12.0581364381150,-0.134657170633256)
(7.16203952679697,7.30810194598540)
(-0.0561572605055044,5.29402916264455)
(0.810012850277500,-0.709072931279453)
(6.69456704444271,0.356378924186599)
(6.10317825946969,7.68493219820028)
(-2.63151699945756,9.45908836249811)
(-7.82070356402360,1.07164202707321)
(-1.62881472840981,-6.85154610199736)
(7.51967564323774,-3.48662017715069)
(6.55224799964847,5.88043852148912)
(-2.96131377730605,6.88157984711002)
(-6.35068272847541,-2.98167882877020)
(3.18730914402346,-9.88964864493248)
(14.1764756370310,-2.82487395131505)
(12.2345052629340,10.7499531100054)
(-0.421573421767779,14.8891509227028)
(-8.61977355742829,6.44852275527899)
(-5.02004487103232,-2.16213919653005)
(1.61893966964282,-1.28162896260792)
(0.972127103044814,3.69867464493402)
(-4.08652670855343,2.61275256879641)
(-3.60135058167482,-3.53104662782676)
(3.19389886616566,-4.80941691034448)
(6.51136666459388,1.61397691448499)
(1.17766792824303,6.60807653091358)
(-5.08306177745373,2.71481892552995)
(-2.94310113851996,-4.46539411555576)
(4.63901055154542,-4.41396965477069)
(6.77815628241427,2.79992866239117)
(0.708630613296603,6.77775399128808)
(-4.40627352018649,2.25830792401117)
(-1.33576496002180,-3.36365644297407)
(4.59466161766786,-1.45469579247114)
(3.86063743654189,4.88021935830402)
(-2.75263671251748,5.69266426591590)
(-5.36547440008927,-0.619946986754644)
(-0.00905193974856614,-4.80148771678638)
(5.26128541110439,-0.691176055796272)
(2.42791240754127,5.38188504196566)
(-4.33004453738811,4.00114513636120)
(-4.73739641610409,-3.11382004941050)
(2.14316663323580,-5.43142901821422)
(6.18456253553516,0.724638964976402)
(1.02562065773774,6.36157420710137)
(-6.28076756426035,2.68926419197864)
(-5.09110209462112,-6.00193182414772)
(3.71079723234980,-8.20242106214823)
(9.06351961200208,-1.22011588527850)
(5.20685079109373,5.63584884484139)
(-1.14959260380183,4.61566318866700)
(-1.49057253612942,-0.305261795649544)
(2.50066681062091,-0.734399524456358)
(2.89711815273461,3.34488851631508)
(-1.66786953293060,4.43930003153148)
(-4.08593856611355,-0.157792420843941)
(-0.170766377089900,-3.90575165512361)
(4.51637314602031,-1.10951262527348)
(2.98229572236498,4.11905211011352)
(-2.47340290098398,3.90101573306198)
(-3.59136459070928,-1.46811922516848)
(1.37475040701369,-3.86533776559248)
(4.93582092944142,0.412901291803441)
(1.62666414146928,4.97879793816916)
(-3.68370155294332,2.91212313001625)
(-3.02997352973750,-2.77420386053329)
(2.65933301914775,-3.56251553485105)
(4.86103184044993,1.80011206464477)
(0.191658526956907,5.35072489682970)
(-4.48585456514325,1.78129278338317)
(-2.28748808681820,-3.60885739522102)
(3.39831812243463,-2.81571252818797)
(3.96635293009167,2.89753643028980)
(-1.52919481167726,4.87118791006119)
(-4.92817221659972,-0.00543683680547672)
(-1.13467700604256,-4.61200775895364)
(4.26020198792133,-2.18998879754284)
(3.28833155973609,3.58820432974543)
(-2.54508915613369,4.08990224940610)
(-4.52934639739361,-1.43694822214333)
(0.278903102476828,-4.78590364403155)
(4.71909899102187,-1.03373664898891)
(2.23090002833787,4.17196772010638)
(-3.41017048270057,3.08484253837849)
(-3.79558281781181,-2.61693706058168)
(1.57507553579182,-4.41783455264976)
(4.62863971084992,0.301814847768322)
(0.817640157602029,4.42475366875547)
(-4.14484836891200,1.78954623091379)
(-2.90202425807093,-3.64489970360757)
(2.56386326073190,-3.81598173920429)
(3.99850865453300,1.35494344818202)
(-0.697547052093498,3.91879860403638)
(-4.34043572398200,-0.106650782165905)
(-1.28567220172221,-4.72717307078938)
(4.05173381425954,-2.94751985895078)
(3.74790014664524,2.72604067417406)
(-1.81449012409304,3.97305038525638)
(-4.51624170044389,-0.990453646997933)
(-0.558060716110685,-4.83176696343655)
(4.00978473929627,-2.05558715771541)
(2.42774100394635,2.93238531893963)
(-2.75872042986723,2.59794628325392)
(-3.74319503782393,-2.44287468881036)
(0.718730861109162,-4.57923033689116)
(3.59586589852428,-0.878613697565331)
(0.475593268804143,2.49003761582936)
(-3.55978973960570,-0.184261397289566)
(-1.65923999431510,-5.15274445508040)
(4.07545062464382,-4.63902880005745)
(5.30844452158131,1.23471605075314)
(-0.0548426179751519,4.11811222461142)
(-4.31191623342631,-0.338038380491664)
(-1.06041846048911,-5.75552442140122)
(5.24323873484146,-4.10665665576795)
(5.56563151209782,2.51709337615183)
(-0.583088100735517,4.82977998084292)
(-4.44865664713328,-0.178762676754477)
(-0.821525825843981,-4.97206559592797)
(4.47829451369294,-2.62739031632466)
(3.35483438111207,3.06121879492795)
(-2.60035060037686,3.36481289570985)
(-4.57943078607432,-2.40691800261675)
(0.347162758755306,-5.95326238840009)
(4.96713633531062,-2.31808896627832)
(2.68589070926087,2.86859550620447)
(-2.78682184678847,1.87889553708746)
(-3.13173043941284,-3.67030158782338)
(2.16968502571129,-5.40150302398627)
(5.20953176238185,-0.724416443472498)
(1.52370268200727,3.45106252074014)
(-3.44550906720720,1.17225943563460)
(-2.81429863798279,-3.86132006974856)
(1.42741981173794,-4.40586116237564)
(2.01376649439640,-1.02338706560625)
(-1.67377615387021,-1.03230701347611)
(-2.03045724086812,-6.35675512353928)
(4.76879197348098,-9.10129906474532)
(11.1728307038204,-2.78470398918465)
(7.70836861460527,6.71159502268938)
(-3.01389748085622,7.49227499077188)
(-8.22868202123170,-2.29979068196762)
(-1.40629485495893,-11.1563631168664)
(9.19319542926407,-8.86352792796665)
(11.5555236878362,0.726369981653857)
(5.15224602794633,5.89680852825981)
(-0.163342739206748,2.77864866133871)
(1.37782949142244,-1.24898157908167)
(4.64648348531057,0.325596887781989)
(2.92149061854579,4.08129880559935)
(-1.73263338843599,3.14263686973674)
(-2.26360937821105,-1.77792804082969)
(2.11726237900247,-3.62949441730632)
(4.71478339215554,-0.0807464742011518)
(1.78909348887996,2.86620647269339)
(-1.56696725831144,0.242266310356381)
(0.743337540191550,-3.95566564978208)
(6.13361013892426,-2.58643552223176)
(6.68665580963012,3.62774402257734)
(0.870183462932933,6.58554830493400)
(-3.85080319384159,2.43531496623003)
(-1.65651342650631,-2.76343058661592)
(3.28024275831906,-1.83103712048950)
(3.03456334668097,3.12924993823290)
(-2.41070963808854,3.95934612371995)
(-5.16825659471861,-1.51511296719519)
(-0.964760028629374,-6.29725699409301)
(4.77160225974652,-4.35355846238774)
(4.92062748486552,0.949915487666042)
(0.694546906919499,2.22350583663147)
(-0.904422901428739,-1.17892950417531)
(2.18190453680133,-2.96153665049567)
(4.40607667146756,0.0108580893179442)
(1.67365076068827,2.91292281206333)
(-2.00180379273747,0.666767870586196)
(-0.552931415719904,-3.79161685410728)
(4.54455318142575,-3.55906062915433)
(5.93362503719565,1.71761466368416)
(1.22765091865263,4.80947776758231)
(-3.12965125141907,1.35779825595874)
(-1.12277000130122,-3.54796374716241)
(3.90038815174323,-2.68461249844140)
(3.97204792526335,2.58479596556168)
(-1.72538288565584,4.02374844969586)
(-5.27806606021997,-1.51892002911260)
(-1.23344360594851,-7.21082926393741)
(5.45975725999339,-5.67777259052639)
(6.23952049226446,0.624558457446588)
(0.812698461758697,2.86557974130852)
(-2.63734604645983,-1.90377157818919)
(1.12058076799227,-6.97502342315829)
(7.54683862239152,-5.48803666209177)
(9.09816209133943,0.599457751278440)
(5.23575255728744,4.14489103643730)
(1.84177500670656,2.74990422765435)
(2.26323419698206,0.729632541452908)
(3.50891508259749,1.64827688087894)
(2.08552682855464,3.39177410072458)
(-0.484081067073772,2.49937793413753)
(-0.708807136459940,-0.0379012262799321)
(0.922471715769915,-0.739509498533710)
(0.931812349260025,0.280796704741366)
(-0.884797385057378,-0.674118216173965)
(-0.321899623991837,-4.42525618077262)
(4.71988178637961,-6.32898177184375)
(9.87949346075962,-2.42656518775902)
(9.41551926376840,4.34814151372525)
(3.93001737058976,7.38642956149431)
(-0.416070097581323,4.87239801170963)
(-0.129529988628654,1.53412239421820)
(1.71654904629769,1.52208431380145)
(0.999951691316377,3.03831731792709)
(-1.28610182892626,2.14547743565482)
(-1.28056941989283,-0.766667821226474)
(1.25054802149590,-1.88042988682517)
(2.63039350230693,-0.349788470338904)
(1.52531702348045,0.313302875862203)
(1.45206452041937,-1.68472709766251)
(4.96186311342205,-2.66137449079940)
(8.42382592313164,1.22172455003815)
(6.37882863175089,7.12089949832531)
(-0.0735790210906144,8.21863055589125)
(-3.62066078643878,3.20850515698055)
(-0.494145841872174,-1.17645396041456)
(4.00875500143309,0.844486470691083)
