16846979183278761037318402004897.
0.040000000000000001
(8.21268126740120,-0.664648279988786)
(0.546892432372367,7.87871572689395)
(-9.80054624144135,1.37393135214463)
(-5.51690955666445,-10.6993043692836)
(7.17693297131715,-9.41270091774577)
(8.50428204741427,2.59339693540431)
(-2.48669205759632,5.48710851001070)
(-6.54611624440494,-5.08200624790200)
(3.86259324526114,-10.9264119588965)
(12.0844881107192,-1.49141659829528)
(4.78560236851053,8.65690681043390)
(-6.11431828014257,3.85327005596815)
(-3.25845893580024,-7.00853425807464)
(7.60665255160863,-5.54418686596423)
(7.60802935218301,5.60086962138857)
(-3.64640471445991,7.47572260592487)
(-7.51417319163682,-3.33036952583243)
(2.40867689048148,-8.92716542067111)
(9.47967946979527,-0.0300604737831979)
(1.76913656564439,8.45401610156949)
(-7.97322466983108,2.29522976077498)
(-3.63147649660187,-8.23248588975219)
(7.20202478701873,-5.55375480321708)
(5.87532286547506,5.54589033481139)
(-5.74910638815993,5.65902559944092)
(-7.81392008507609,-6.45082881065561)
(4.27019538009464,-10.8567730229008)
(11.0557475056167,0.670072045989137)
(0.459531104323428,9.95099629045240)
(-11.6542031641541,1.07856309936639)
(-6.04466139951366,-13.5811705141019)
(9.43281543389290,-12.5336191084028)
(12.5556803277162,1.31931277442904)
(1.61673280175765,6.55375767782288)
(-3.78017314250843,-2.19940268445461)
(4.34964476515183,-7.46341928872515)
(10.4794992405089,0.678594906383532)
(2.97909445566331,8.43633266813308)
(-6.14188272184709,2.46804313803248)
(-1.92104184054899,-7.26993122069490)
(8.02711132974003,-4.47758838549748)
(6.43323227818723,5.73123670367266)
(-4.14850829885351,5.43079387143829)
(-5.36707322560630,-5.46808896580636)
(5.70279082398559,-8.43470547980323)
(10.7487243912889,2.56669999804984)
(0.404350976561609,10.0815008407889)
(-9.58391357402261,1.43747740085594)
(-3.65202878853017,-10.2116744911441)
(8.29641778357046,-7.19743475207701)
(7.44009387231887,4.06413052157098)
(-3.12030556054171,4.42430213221222)
(-4.41905049409333,-5.95529371477978)
(5.99214578011275,-8.49993517193266)
(9.99350755618143,1.71068319717898)
(0.140490091209606,7.10441455046685)
(-6.76851648841236,-2.44587643961570)
(2.24286488983936,-11.3107981952356)
(13.2733943702557,-3.57684768668845)
(7.53918052084091,9.27285670684901)
(-6.65654588447295,5.86537446274624)
(-5.88301363751041,-9.43062607383265)
(10.0852475433429,-11.9123661564980)
(16.2879106756437,3.72199768603347)
(2.10505561340669,13.4566135415431)
(-10.7520211623093,1.41292505947176)
(-1.62007865008954,-14.4865311931867)
(16.8320897305684,-9.86371910572063)
(18.2891785844523,8.94903342744342)
(2.54751220528617,15.9753491235646)
(-6.89771502952257,5.45286498375713)
(-0.607840046758095,-2.83651407934949)
(5.28661830532594,2.25012748261088)
(-0.862065336703817,7.21452818328255)
(-7.04711379792368,0.00614867823457939)
(-0.191156681442090,-8.33043352403095)
(9.88569778020436,-3.03228954535135)
(6.52924867700179,8.03092532716065)
(-5.08174942715699,6.62700545450762)
(-5.77327273010334,-5.25305162834138)
(5.85945406582838,-8.24941197862257)
(11.0281737918171,2.38581209694081)
(1.92705051367720,9.10386446899688)
(-5.61461076467886,1.49047871463221)
(0.950850718777608,-6.58973324713460)
(9.80408872038736,-0.812663250624637)
(5.03965190895810,9.11829657184005)
(-5.94392121044161,5.83650164373219)
(-4.50920866816730,-5.88623331322841)
(7.56095231523868,-6.50247468254692)
(10.3429153799553,5.47057516395717)
(-1.01747713948647,10.3628603424803)
(-7.72622874870084,0.0255045190277884)
(1.45671345787185,-8.16247502255274)
(11.0116028800308,-0.113553330014133)
(4.22726213209269,10.9248124327821)
(-8.39978308863010,5.84795506959447)
(-5.73116496536445,-8.18303167071806)
(9.00183609178751,-8.62568967133958)
(12.7740164620245,5.61259871125838)
(0.153912291371772,12.0715915726904)
(-7.87926218564728,1.33602374927499)
(1.54985286133084,-7.73052640135647)
(12.1187452059343,0.728086749204600)
(5.39527094411677,13.3371974274767)
(-8.66702089791985,9.57251866694624)
(-8.15301665501888,-4.45012029262199)
(4.81879566183882,-6.28693417407582)
(8.08380981764233,5.78223302365826)
(-3.58082197117208,10.4546225649887)
(-10.1069186820986,-0.683513418774196)
(-0.0909173051388904,-9.10981707225318)
(9.86606672885930,-0.582711988161370)
(2.89753839428448,10.6738231330458)
(-9.62594361076588,5.50717466485845)
(-6.73451744837949,-7.99491879617210)
(7.10485946431560,-7.62000822348487)
(9.08663866783735,6.00757394502759)
(-4.10229351629692,10.1853719913909)
(-10.5869321810397,-2.29559049452824)
(0.533665391101880,-11.1174736400242)
(11.1712735369046,-2.08303490146168)
(4.39322326626423,9.46000146865305)
(-7.47256393634174,4.44736946280321)
(-3.72277878783042,-7.91794692613468)
(9.66816642869086,-5.62613852514419)
(9.67998427363622,8.82322612584143)
(-5.02553314886259,11.8562850786941)
(-11.0321703301221,-1.99974248670921)
(1.31642872305722,-10.3635475782868)
(11.5388774602445,0.363561867461353)
(2.53944883956306,12.3330193512694)
(-11.0574793610765,5.50297417421008)
(-6.89015907684555,-9.20989958854876)
(8.20397374825133,-7.83831199626045)
(9.44091486471801,7.07440619997806)
(-4.95971729968701,10.7294980237815)
(-10.9322719639266,-2.84494812332803)
(1.44636024527717,-10.9825657201084)
(11.5063336378641,-0.118723553855927)
(2.41521180835911,11.6211052653829)
(-10.7441675770635,4.58619055107266)
(-6.03239382853457,-9.61301913529280)
(8.75280761468008,-7.34661847124531)
(8.93848673779705,7.63989029268610)
(-5.91724581842679,10.3105399544249)
(-11.1159851947238,-3.99122688509646)
(2.12514051470422,-11.6123704315180)
(11.8926928779414,0.144364476940298)
(1.91086304031793,11.7581635788243)
(-11.2767015761616,3.82310443161077)
(-5.67563678366406,-10.5909331299731)
(9.51644596964734,-7.51615058814710)
(9.03136183966026,8.01683345486217)
(-6.45055318116059,10.1586771425219)
(-11.2494785854856,-4.82040715252986)
(2.69935302602069,-12.1685992453121)
(12.3069859068012,0.302011701514007)
(1.59804024251283,11.8478331272848)
(-11.6442640570050,3.14611768526632)
(-5.28397564950165,-11.5236546367194)
(10.3636330484182,-7.84387934048441)
(9.52754806139191,8.17966338244167)
(-6.28489515760333,10.1183549413488)
(-10.7928162605271,-5.03360148792953)
(3.38592193176169,-11.9022950361551)
(12.4759697817480,1.02590041139725)
(1.15774227196905,12.2075085909271)
(-11.8407748605352,2.92323906512739)
(-4.89322597280491,-11.4376364907094)
(10.3963649639948,-6.91389791988220)
(8.37623503107080,9.03783938258288)
(-7.90550948115129,9.79666854555366)
(-11.6469393044379,-6.11086367615587)
(3.06815002186908,-12.4875835229477)
(11.3256597862901,0.790714377093206)
(-0.946298691858416,10.6307975360746)
(-12.9904601579457,-0.807968055379360)
(-3.36638765198813,-15.7796161862953)
(14.0614075225113,-9.64963881323973)
(12.3099661646006,8.43238328023946)
(-4.63367392958144,10.3422243471270)
(-8.72184919555996,-4.99540892421665)
(5.71575856180531,-10.4945278669350)
(13.0522777848945,3.63632124174612)
(-0.367356332120352,13.5766433952372)
(-13.0006237039413,1.91952716076527)
(-3.89042504256309,-12.7380582792381)
(12.0363455767968,-6.34280150847962)
(8.32094864926083,10.4514386445559)
(-9.05980275064729,9.59448646579829)
(-11.3140207670329,-7.83949623334398)
(5.47046603029535,-13.1802390556650)
(13.6258246736184,2.41514289498509)
(-0.403846260036966,13.1677810767281)
(-13.5835371927089,1.21118951920525)
(-4.32895145477069,-13.9297215713803)
(11.9575941678671,-7.71180517066474)
(8.64138064226518,8.99287516123545)
(-8.12087082418132,8.35912042643579)
(-10.1797418045211,-8.14501897198668)
(5.47248959557070,-12.8129620502056)
(12.1689448657190,1.49585394891137)
(-1.01113182808233,9.53730493286349)
(-10.4795239107495,-3.18610685662045)
(1.86147802711824,-15.0266615647933)
(16.8697110968447,-4.15766414487588)
(9.04594142418742,13.6957373961209)
(-10.3707059986391,9.86767554280138)
(-10.5464139152027,-9.78603187739582)
(8.52366764356309,-13.5622186062295)
(15.5979112978051,4.42076071162427)
(-0.745155802767918,14.5693257309788)
(-13.5435019547396,0.489652037381614)
(-2.14830540467568,-14.2486609834029)
(13.7762334419478,-5.52278764677714)
(7.34956703249006,11.1972311215773)
(-10.3550688487644,6.82594752821146)
(-8.49295165615802,-12.2748907783731)
(11.7958460271116,-14.0714090184824)
(18.2255376846363,6.05884918004834)
(0.179881595059439,16.9043419777305)
(-13.6441413299404,2.19274240543938)
(-2.18466056935166,-13.0567863337852)
(13.8832889286434,-4.07643285099777)
(7.05368001665667,13.0578853760346)
(-11.3030907560634,8.83543917508734)
(-10.2845300374426,-10.2339480378763)
(8.67148920602731,-12.5237196138011)
(14.0138397855761,5.75283464440124)
(-3.25762926389140,14.0115884851113)
(-14.4279550072782,-1.74940118135616)
(-0.896416949305819,-15.5273492142221)
(14.7749397798709,-4.68712284321953)
(6.59029087358336,12.2248088329029)
(-11.3361967167493,6.57139230200803)
(-8.44852189486572,-12.2520532094355)
(10.7595475718564,-12.4817046840439)
(13.9997185974272,6.38315847617406)
(-4.26802349075565,12.1581919781001)
(-12.5619955204152,-5.81963815414936)
(5.07481908591599,-17.4760809264551)
(20.9608450611766,-1.41795358282637)
(8.43045617739211,18.3573946313221)
(-13.5676371045913,10.6242627719253)
(-10.4965923439736,-11.7842936369211)
(11.4545676943394,-12.5261073152681)
(15.5720333519243,8.88127351889853)
(-5.03890177274603,16.5622113581055)
(-16.3748314326607,-2.41580753652480)
(0.0687202610785924,-16.8754860800868)
(16.8289472096527,-3.35067293033411)
(6.25398044093680,15.1754935218483)
(-13.7344318455304,7.77439086134017)
(-9.91744806058751,-13.0503305603681)
(10.7187049608561,-12.7694225573553)
(13.1718937910946,7.01221855411737)
(-6.11588289551943,11.3935029903223)
(-12.6997792224745,-8.29771036245873)
(7.48009123130803,-18.4877133439764)
(22.5440884007784,0.719743824518543)
(6.55050376523137,20.4905640678257)
(-16.3353765428321,9.25845642868354)
(-10.0430934237808,-14.9061822040140)
(14.3333618316790,-12.9696594983319)
(16.3773855936045,11.2563259791170)
(-7.30717768654127,17.3730944233799)
(-17.5566013174698,-4.96179705896071)
(2.53581816348059,-18.9269697916847)
(19.5165853073755,-1.56382950874154)
(5.01407727832269,17.9727193489078)
(-16.9580750893936,6.64680141551755)
(-9.58505372443159,-17.4378140025676)
(15.5793559187009,-14.7632300071668)
(17.5575816567423,10.0504016755417)
(-6.01171209684994,15.8223841746312)
(-14.8377298356197,-6.59269701465212)
(6.77320535812000,-18.7080701947043)
(23.0593357110193,1.55323791441268)
(5.79196523918585,22.2794042645970)
(-18.2644950783763,9.66748063691709)
(-10.8014769448374,-15.8511391477402)
(14.8553196363103,-12.8728940120472)
(15.6453667948548,12.6803345322612)
(-9.92468859547974,17.3559524414833)
(-19.1487999234187,-7.68703583611670)
(4.03596729594735,-21.6620261591870)
(22.0218481964742,-1.60530420830142)
(5.56381655066660,19.2866399318528)
(-17.6195514451259,6.36195225373830)
(-8.49449885134255,-19.0114964396793)
(18.6452432845090,-14.5698520458076)
(19.6423577763186,13.0148133671499)
(-6.68389724216110,19.2086136412076)
(-16.9557548272546,-4.81391599905373)
(4.69840337054993,-18.1424716244815)
(20.8003797988100,1.36424403205985)
(3.68005455573862,20.3465570834509)
(-18.0005963742727,6.23804747499345)
(-7.36719255079338,-17.5986647150708)
(18.1746096518031,-10.6313320071462)
(15.2328142793648,16.3749105080902)
(-12.7107047247726,18.1789115814617)
(-19.8182281262939,-9.51162560619862)
(6.18461485807484,-21.7051208128829)
(22.6491466349877,1.71077307240601)
(2.07720653657486,21.8519925364637)
(-21.7327512199308,4.50888414628124)
(-8.75722780963579,-22.8709328420445)
(21.0833238097902,-15.6768156465767)
(20.2067548291778,14.5913135559804)
(-8.67980209423329,19.2401888068956)
(-17.5641559258636,-7.60118701041589)
(7.38639881044690,-20.0643480932951)
(23.5505583394421,2.90839710194735)
(3.34911727570063,22.8452128473033)
(-19.7433092458011,6.35239803346480)
(-7.32432039490231,-18.8954149057555)
(19.4247548396536,-10.4050000463090)
(14.8983660428572,17.7115661157044)
(-14.3772834976244,17.7827193461335)
(-19.8835108084496,-11.7047161311673)
(8.16744837824719,-22.8505746370525)
(24.0925817842658,2.21469147114742)
(2.61308466524826,21.4715113513469)
(-18.9674760644811,3.17568212573335)
(-3.32824626946027,-20.7631929002788)
(23.5951902403768,-8.11033224750191)
(15.2297250109970,21.9528138866199)
(-17.0325561850004,19.3453422289489)
(-20.9602431630564,-13.3635884781058)
(10.3334126731064,-23.6625143075761)
(26.1372976472849,4.74496988878251)
(1.46350761360760,24.8314158519732)
(-21.7542046446090,4.03906464284617)
(-4.56398104062725,-21.7191859488760)
(23.8055133883332,-8.11226117390036)
(14.5312712142763,22.9808048644904)
(-18.6352465272233,19.2224296033820)
(-21.1169887625474,-14.5344932622878)
(11.6539892000986,-23.0727777803160)
(25.5792148169511,7.69847339225598)
(-2.64315911601851,26.5064708035964)
(-26.1156545576064,1.44122633168886)
(-5.11873080309313,-26.3896569316004)
(26.3536370165372,-10.4633251893635)
(16.2539170225152,23.5316647954375)
(-18.9683106114922,19.5783083322321)
(-21.0503001973542,-15.6745388124760)
(13.3421530027196,-23.4486031675183)
(26.5461462695253,9.47529551857889)
(-4.27743806196577,28.0940422922067)
(-28.3336208066688,0.358343594917556)
(-5.01467069780344,-28.7514622236895)
(28.1031977745700,-11.0999266746277)
(16.8147922699754,24.5192477362499)
(-19.8376455796476,19.6056189303318)
(-20.9313999737390,-17.0342631629118)
(15.0436612938224,-23.8335697031557)
(27.4917698834592,10.8678016902463)
(-5.09388749327106,28.9466677307551)
(-28.5298485085705,-0.523617495120779)
(-3.07176595430560,-28.7648053258988)
(29.3463838566415,-8.04742702619314)
(14.1047820554947,27.8976651383414)
(-24.4806199618916,18.9301997215809)
(-22.3841027616201,-21.0296811633999)
(17.5311721141239,-25.9160667704918)
(29.1129789033088,12.7530953705123)
(-7.39281336295678,30.6969639282654)
(-31.4838933149982,-2.72534285606283)
(-2.30860688349873,-32.6431437598203)
(32.6773705463048,-8.99762095859833)
(15.5873804837360,29.7961070113318)
(-25.5270690035223,19.7550413045895)
(-22.5459614477104,-22.3384421403153)
(19.4926342418158,-26.2502491543853)
(30.2162082151124,14.8471219206061)
(-8.92062006692653,32.3497499321502)
(-32.9444386562989,-3.61763421882334)
(-1.30095134865242,-33.5320026426886)
(33.6770085615060,-7.10150480404355)
(13.1997283816560,32.1332870949609)
(-29.3839224080892,18.4165050383359)
(-23.1496198411732,-26.2083507147505)
(21.9032313614942,-27.6308482422142)
(30.4999612457435,16.5274329594729)
(-12.1297783960295,31.7562614001509)
(-34.0682692219557,-8.95242217963889)
(3.67605892747642,-38.1358073570378)
(40.1308814005962,-5.29185564615566)
(14.2091522770830,37.2716900610563)
(-32.5187373334212,19.4082254696648)
(-22.9002328131892,-29.7322834741167)
(27.4799160116001,-28.3434821712185)
(34.6009380493687,22.1932273902159)
(-14.5885793892079,38.0822420667601)
(-38.9545212410372,-8.02628166655274)
(2.63323940466027,-40.0765560149671)
(41.5312142944907,-4.08286721881230)
(12.2192676989344,40.8975071957429)
(-37.7807809717865,19.5018544104640)
(-25.3006315327157,-33.9420702340391)
(29.8135523540957,-30.7977439849224)
(36.0096276764481,24.4154000657634)
(-17.8935355821579,39.8890178860791)
(-42.5037347048482,-11.1732527815315)
(4.06883473409089,-44.4142144055254)
(45.0102433919846,-3.79330092154116)
(11.4745450378285,43.7538853644628)
(-41.5817340078286,18.2926681773409)
(-25.1853850658388,-39.0143847470559)
(34.7734350055247,-32.5017785263501)
(38.5295629331182,28.2979819135300)
(-21.3875999240687,42.2844821673284)
(-45.3955001549094,-15.2077624232062)
(8.11289759559169,-48.9972986028080)
(51.2381836488426,-1.24509062437859)
(11.1264275109167,50.2564770404292)
(-47.1838670325978,19.4127821291055)
(-26.6634186205252,-43.7866355908729)
(39.5455468844947,-34.0894617811212)
(40.9144562060818,33.4638620966138)
(-26.3687891097909,46.1248828261375)
(-50.4575008018611,-19.0676318329739)
(10.5946588186122,-54.3465353489673)
(56.2868916569572,0.541932403279956)
(9.28375632443048,55.4521145855861)
(-53.4954621807904,17.7115641966566)
(-26.2367262151983,-51.5666542123515)
(48.0134039718550,-36.0286292658959)
(45.3734045755828,41.2431737667997)
(-32.4631459082891,52.2661855554411)
(-57.1803509651679,-23.4513705119533)
(13.9491946461768,-61.1966113554791)
(63.7078462993833,3.28348014896049)
(7.70945526942969,63.9467012074197)
(-62.5575358273683,18.2489586646362)
(-28.8815968505496,-59.9037265045324)
(55.0358134333304,-39.5971508929985)
(48.9632468922797,47.8122912026217)
(-39.6830442920559,56.5016142559173)
(-63.4730150970118,-31.0678461878178)
(20.4913120798864,-70.0436443608617)
(74.2644923891608,7.56451008377861)
(5.78897849412286,75.0901404329200)
(-73.7905974450550,18.2486710757509)
(-30.5911987218155,-71.2486212606330)
(66.5264423665061,-43.2284867889323)
(54.9544241938019,59.1346188924289)
(-50.0346434580718,65.1028145282326)
(-74.2677273747970,-39.4998929531153)
(26.6687576009389,-82.0849916670276)
(86.9959691394593,11.9248042352051)
(2.97782006931285,88.8122563088530)
(-88.8103752288830,17.6147613901722)
(-32.9738053151572,-86.9741412034745)
(81.9553780861607,-48.6983928266363)
(63.1371090275047,73.7983455308566)
(-63.7461646160934,76.0176153934454)
(-88.0320057551061,-51.6143509895938)
(36.5106240628898,-98.2079568929936)
(104.988816278223,19.5600857274465)
(-2.45066436040584,109.164024583910)
(-112.053301602495,15.8179039753287)
(-36.8096497700371,-111.797931506001)
(105.655750757860,-58.3483896775798)
(76.7517452565707,94.9567360156138)
(-83.1734203666419,92.3457362890736)
(-107.981185014272,-70.0596620920808)
(52.6946985073362,-123.052513168715)
(134.214480062515,31.4351324456283)
(-9.38243072823337,141.267665565443)
(-146.709239967221,13.5050963502674)
(-40.0597414710565,-149.712982399647)
(146.222616205350,-69.6701391191858)
(97.8743562387317,135.312719690169)
(-120.254856237636,122.564921720805)
(-145.667946573164,-102.830080229489)
(81.2762926873785,-168.255931833427)
(188.449646970255,54.2522682559329)
(-22.6632700127177,204.491720695293)
(-216.057981251830,12.6750969027587)
(-51.7190222248571,-222.443842093484)
(222.492062814301,-93.7176426819950)
(137.657832558608,215.832611069165)
(-202.019361648976,183.277446289093)
(-229.872587678544,-179.784236232343)
(148.489092868416,-275.909144935297)
(320.705823921833,108.063849361080)
(-57.1699427383179,363.908272826856)
(-403.815108947652,5.76587393063076)
(-81.5002978601137,-439.264099813913)
(469.787388158113,-173.091069594798)
(284.241983892884,491.783300533723)
(-506.655034657464,415.269199930299)
(-588.270149442589,-531.180686662153)
(546.258603203803,-887.239801169312)
(1394.85509971386,384.546823588281)
(255.679084819617,1970.01498159440)
(-2106.66642553201,1493.63209509842)
(-2872.13931185770,-1234.18012061295)
(-632.300361315500,-3448.99108778916)
(2554.02175733212,-2589.81889301221)
(3437.72523716529,536.620622870800)
(1385.52225064290,2718.29560486046)
(-1122.87080947501,2148.72600479418)
(-1696.54148355882,189.613151425308)
(-608.624869468798,-814.216290164932)
(260.413305726220,-381.105980017384)
(84.7716137429795,187.414540947249)
(-304.608672617048,18.3522994835274)
(-109.229192043331,-351.278116120236)
(298.785088494725,-195.926072094304)
(228.816740302006,225.908001498132)
(-170.777947791047,239.038307738005)
(-247.648502597615,-123.339253078612)
(74.9443188395651,-250.603529184421)
(244.622744903940,29.3361459466041)
(11.2423869353649,232.699972302330)
(-216.097871259136,47.7554897106476)
(-79.5333798081002,-194.755993682367)
(170.184411294270,-105.750992233447)
(127.009950763636,143.492712023421)
(-114.751126871984,143.213245856020)
(-153.656528608060,-85.0850103773237)
(56.0033416230840,-159.016141988983)
(160.237670196165,27.5530226428311)
(0.244693415565015,156.877992306333)
(-148.799718746854,25.9671560162172)
(-48.7025083157679,-137.346973220076)
(123.251147932758,-68.9565542540784)
(86.3838776049495,106.025697147576)
(-86.4548957412338,99.4960227381330)
(-108.430518067453,-66.6285727601824)
(46.8835955880688,-114.836762322199)
(118.584809790250,25.9690454033425)
(-4.48421757616033,117.925051876663)
(-112.977100298043,15.2478494103688)
(-32.6003923544470,-105.628223261136)
(96.3093706852251,-48.4775218379178)
(62.3462438629412,84.4075428883460)
(-71.0529582748133,73.1090731534308)
(-81.9154963042275,-57.6383872654093)
(42.7083368913456,-90.0486657994694)
(95.2330875752432,24.5891725491454)
(-5.88747677896522,94.5208766602968)
(-89.6768962823397,9.27567165023682)
(-21.4061844862875,-84.9247261381944)
(80.3640739633371,-34.1607112795922)
(47.7013805532123,72.6071373844403)
(-61.1717105346725,58.6044150796259)
(-65.8059326677943,-49.0995603646676)
(37.5369861851056,-71.5284879545892)
(76.3703838482377,24.6912769105122)
(-10.3148546321851,78.2693546690812)
(-76.6495534171263,3.30676444946628)
(-15.2086523923172,-73.3693545390737)
(69.1637007572117,-26.6544857651903)
(37.8834130637263,62.8044828585480)
(-54.0581001305024,47.3721900471707)
(-54.5059911524642,-44.3015382073859)
(34.1456149256043,-60.0474331487850)
(64.0569463851830,23.1635635844474)
(-11.7024286319320,65.8768985433425)
(-65.7260603905550,-0.612818841035478)
(-10.1654329397957,-64.1438935290556)
(60.7533116320299,-20.7641890351771)
(30.3474342835415,55.4078200279891)
(-49.0062069465234,38.6336819760748)
(-46.4767492011848,-41.4644545877833)
(31.2975029720636,-53.1278711671252)
(55.7417929770660,19.2869252018011)
(-9.48131579243985,54.0652261324327)
(-52.4580179573398,-3.67557438465678)
(-2.01666107453087,-54.0429064285204)
(55.8080854081216,-11.6716514938041)
(23.5119254570577,53.0959842925273)
(-46.1757788207104,33.0156350619759)
(-39.3170766844891,-38.5037033155026)
(31.0387527832408,-44.4752565537999)
(48.7325616878650,22.5006186796353)
(-13.2596668641430,50.7784520535846)
(-51.0564912076917,-4.79251982033926)
(-3.31731350922001,-50.8719187118505)
(49.5070361801894,-12.1903170660896)
(20.7696795201262,45.6168017364591)
(-40.1615462178125,27.3220524332787)
(-32.4239453503422,-34.9048721674179)
(29.4242293142330,-37.5419582940056)
(42.1237137187680,22.4091437164691)
(-14.4035900379978,44.7824111271519)
(-45.7999149362495,-6.69249520395434)
(-0.909755609747699,-46.0152905389617)
(44.9267818628278,-8.86210476320518)
(16.2976461972871,42.0623601728373)
(-38.3176115840488,22.6368278315286)
(-28.7043889135252,-34.0431805909472)
(28.1016704123878,-34.4531802301117)
(38.1139538918032,20.5770767739599)
(-13.6573323245664,39.3781447289440)
(-40.4527788680677,-7.99800178415501)
(1.38092625824400,-42.0414916217443)
(41.6394393764958,-6.97334489634627)
(14.2788520793645,38.0469680415390)
(-33.9666395940415,18.7925849620415)
(-22.9080658385666,-31.4322472130061)
(28.2343110889135,-28.7716729794346)
(34.2941277212001,21.9661106290041)
(-14.3037903466713,36.7263230468887)
(-37.0524859404905,-7.98871810374178)
(2.53553426653487,-37.5387426050384)
(37.7425917998178,-3.79307278499283)
(10.4305211381449,36.1746089989629)
(-33.3742780294520,16.0426811511385)
(-21.1540700637004,-30.3279258326158)
(26.2052233740687,-26.3861399908930)
(30.4287404731125,20.3803143687545)
(-14.3659915161814,32.3282394696789)
(-33.4370699069016,-9.32015242107620)
(4.03351404891804,-34.8092835542842)
(35.1348228410532,-2.43867504733380)
(8.69488859011650,33.3435900168394)
(-30.6553687770123,13.5306496973291)
(-17.8978784147608,-28.1125277603362)
(24.7782673937975,-22.5018409157532)
(26.2156259539264,20.1191530609004)
(-15.3391321136914,28.5063269208897)
(-30.5051963478168,-10.8395313410503)
(5.40741897197174,-32.2801194038741)
(32.2540407949359,-0.790835754399247)
(5.79651598930850,30.5365348123621)
(-29.2599312276118,9.57211940699464)
(-14.3632397591874,-28.4828564132465)
(25.7130893303041,-20.2628235770508)
(24.5667694704029,20.6045806530310)
(-15.7615026927858,26.6470025994052)
(-28.8473423946812,-11.7320873536596)
(6.10233552098234,-31.2974299372866)
(31.0072192202592,-1.00528289358900)
(5.90668009818139,27.8193612108934)
(-25.7870286637253,7.80331100972867)
(-10.7616346021538,-26.3542611012031)
(25.6237014281456,-16.7841017648725)
(22.3388169304813,21.0805509683359)
(-15.6230554051058,24.6211252999018)
(-25.8691677378539,-11.8800971265579)
(7.87919537424309,-28.2106239048095)
(29.4788780915254,1.84179195851079)
(3.79985951490643,27.8455419148409)
(-25.7639687310783,6.99865221575567)
(-10.0912952433073,-25.3921180550333)
(24.4442805652204,-15.3132279837970)
(20.4757931992554,20.4623186550138)
(-15.2585888089904,22.8963702188311)
(-23.8345808061061,-11.4175786131257)
(8.03559868464727,-25.4429138608665)
(26.8433999297122,3.38871706854470)
(1.58983976260402,26.5404502811861)
(-25.4062704893824,5.60906533121594)
(-9.51185149613450,-24.3666731891565)
(22.3822209479136,-13.8348278234174)
(17.2280996882229,19.1155456785027)
(-16.1198333305598,19.4473964164115)
(-22.2154018138191,-13.4217664467168)
(8.88917957383640,-25.2773633625583)
(25.8474957799453,2.78650410640148)
(1.55293725428800,23.7992591800600)
(-22.6580235476031,3.48544526592568)
(-6.51859080385579,-23.4182883484609)
(22.5456460416123,-11.8740311749879)
(15.9477193047860,18.5224473738256)
(-14.9163573768035,16.8552956757773)
(-18.0286575039456,-13.9317019830057)
(12.2783952887482,-21.9865416101212)
(25.6950560526915,7.01289271250559)
(-0.574665136851442,25.8258268376336)
(-23.9668054316418,3.73711573843929)
(-6.85109781912534,-22.8637692734358)
(21.7352505689185,-10.8040056188581)
(14.6243557462204,18.9904095574875)
(-15.7559570147973,16.8998424722292)
(-18.7999201415814,-13.2754061118309)
(10.2709615525324,-21.3517425483593)
(23.0863977650580,5.80656438834199)
(-1.41229643266950,23.0173697062226)
(-22.5406288169293,1.98155380639168)
(-5.68789498920891,-22.2821916138610)
(20.7515148988651,-9.98012290186479)
(13.0571817249081,17.8358436745357)
(-15.5500708802127,14.8439691943239)
(-17.5219457824755,-13.8441315240704)
(10.1910187570840,-20.8786329573969)
(21.8808133911485,4.72318110853178)
(-0.822179396889433,20.2603229468507)
(-19.3821376797863,0.804445256614291)
(-3.30103315708287,-20.1373886045815)
(19.5193238361465,-7.49658890306130)
(10.3424204412050,16.8172378147556)
(-15.2480255154766,11.1910560496087)
(-13.5252058625774,-15.5058922582117)
(13.8190314725226,-18.3121126375819)
(21.7172898635316,8.69375605970656)
(-3.58175136278080,21.7464821593440)
(-21.1791285920838,-0.554690200380339)
(-2.64716531022180,-21.6776326196021)
(21.1142485436563,-7.11528653243674)
(10.6263764840406,18.8827676359160)
(-17.3855942005982,13.0871867439995)
(-17.3933559955551,-16.0683383120448)
(10.9487842522929,-22.5665292897049)
(23.2140290984586,2.61438402353738)
(2.59205932618493,18.6121314906590)
(-15.0205705845119,2.35119935962987)
(-1.98114431961826,-15.8177029392818)
(16.8047557301197,-5.05387465806207)
(8.08674360476240,14.8264634354366)
(-13.2382781854069,8.47325317419284)
(-9.89279482997107,-14.3764318408151)
(14.1367420740367,-14.9175446596470)
(19.3606724311766,9.28721268185607)
(-3.51166540564569,19.3371268845150)
(-17.6620277328379,-0.868711755293578)
(-0.731173126889547,-18.0188439198714)
(18.6143984540905,-4.41361030027379)
(8.41280031134901,16.7190707178648)
(-14.0633655039383,10.2520608025885)
(-11.6027262521001,-12.8269552761437)
(11.2705285236944,-14.3097048414913)
(16.4549293396213,7.75353406108304)
(-4.28808954671162,16.4585377037389)
(-16.2735321157754,-2.33927308362350)
(0.00187516626086870,-17.0764428865936)
(16.8605768430965,-3.54900372668306)
(6.13280611799708,15.0983212045667)
(-14.1131665460146,7.56059649379812)
(-10.3949668829594,-13.5509028870497)
(10.2314602046807,-13.5940875712691)
(12.8289172424973,5.71843802977485)
(-5.92501687838227,9.65992319487092)
(-11.7316146378791,-10.0983056596807)
(9.19017762007286,-20.0461625563040)
(25.1142780221775,-0.311553595063766)
(9.89547728991723,20.8751361949440)
(-13.6561076212638,11.8837265382939)
(-10.1198558713347,-11.2901905623028)
(11.7693876205793,-11.4454709191978)
(14.7248306962349,9.60551103770047)
(-5.72863849894949,15.6442126886882)
(-15.2419358225207,-3.51318767098891)
(1.56908105721960,-16.0971829576166)
(16.1828553104571,-2.10843633172807)
(4.67176766100867,13.6807750598192)
(-12.2215024279110,4.04353949427613)
(-4.39295748624993,-14.5258971439269)
(16.3205702123824,-9.33587940303833)
(15.0838797789663,13.1241940962099)
(-7.73764778474671,16.7457609589809)
(-16.0817611842912,-4.74103940829597)
(2.95389442423639,-16.8432673748920)
(17.8522394958946,-0.532201691260058)
(4.27057875802446,16.7665384173335)
(-15.2992547161590,6.32869140054309)
(-8.74298963565604,-14.9430032551434)
(13.1283033137481,-12.6124614061269)
(14.7097021265734,8.93676738702482)
(-6.20006026324055,14.1725916259805)
(-15.5136788496686,-5.61795985632378)
(1.50979553947540,-19.2884624824889)
(18.0373842219152,-7.18956237415297)
(11.2214169183092,8.89909814752172)
(-1.90968900845782,4.67807050603354)
(3.44031056756133,-6.42165573853420)
(16.3071962092587,1.17200756754634)
(9.26714323338440,18.8349120521347)
(-12.5604875859417,16.5079091116781)
(-16.9040494727806,-5.97661212895342)
(2.99269998506008,-15.8162162485407)
(15.9867596763508,0.469554413700435)
(2.79136078151462,15.2120482709815)
(-13.4316439045128,4.67932234426541)
(-5.76636762957875,-12.8664190952899)
(12.5298890288817,-8.30496432394182)
(10.9199630029819,10.1707287247493)
(-7.54231894984070,11.3515266811140)
(-11.7817681951517,-6.88701364710669)
(5.39537519708352,-14.4966000011659)
(15.8519799275740,0.409841302202150)
(3.64609801937672,12.2683109918986)
(-8.50486395850038,1.74978276594967)
(1.76208977165411,-11.2765406453438)
(17.5795259407613,-1.32633112473015)
(10.1339263458369,18.4510529588313)
(-12.4088064612247,16.1775258652659)
(-16.2304730283304,-6.25930031472143)
(3.73101623666408,-14.9242827755828)
(15.3592104057046,1.94735633487189)
(1.12834396247750,15.5523468352508)
(-14.3584562287140,3.76724261820847)
(-5.43305150098181,-13.4773645822684)
(12.9665023932007,-7.87836951218309)
(10.8023387069314,10.8838384378908)
(-7.63910663527051,12.0147422579402)
(-11.8122175935186,-5.49566704408506)
(4.24444394918328,-12.2509005702042)
(12.9739667770762,2.16794494255264)
(-0.00134448552761751,12.5252876540515)
(-12.1450678961773,0.899242298808592)
(-2.35293205510621,-13.2693541295613)
(13.4736402856505,-6.11654094110369)
(9.26444707183498,10.3950518744318)
(-7.20802199062830,8.60878711566687)
(-7.25328842554063,-8.02289451480957)
(10.1629290480825,-10.2319396082815)
(15.7159790066048,7.82245599383469)
(-1.61775176628886,17.5694844497850)
(-15.1841509635684,2.64948497736670)
(-3.60429426207892,-13.5267224938956)
(14.1383564585755,-5.37861842493570)
(9.41081939645135,13.3624282707429)
(-9.72597029940546,12.2779971721410)
(-12.3080697011785,-6.30367996422694)
(4.83532125565733,-11.9979685665407)
(12.8284168287723,3.40543490179093)
(-1.01351740534833,13.2199830592774)
(-12.6635651968993,0.811082673094399)
(-1.94737915951661,-12.8547737343621)
(13.7059576295435,-4.42636294058041)
(8.24609466048291,12.7871229467262)
(-9.70602021291604,10.7537902041300)
(-11.0789878387949,-6.96837908371875)
(5.70663872452538,-11.2906801715785)
(12.4838133210759,4.31022102898905)
(-1.87562722776202,13.3741141746743)
(-13.2941674235637,0.553769767869212)
(-2.63994135682826,-13.1022241976539)
(12.6948065410149,-5.23591885452492)
(7.85474129952525,10.9393558656305)
(-8.43797544206380,8.91076420263847)
(-8.83213703299462,-7.17450357341596)
(7.04990253401905,-9.83307792995336)
(12.2139541200857,5.77238000842047)
(-2.58376533575721,13.7846524200518)
(-13.3714342331752,0.687059729749186)
(-2.69521863993072,-12.2361133764630)
(11.5689244368107,-4.16847772303475)
(5.97754157758724,10.9484606270250)
(-9.77771880605597,7.82105424054563)
(-9.30148684922668,-8.27299911332953)
(6.61255458472384,-10.5594033802191)
(11.5358165103891,4.63602320561335)
(-2.54711202505509,11.9578056164866)
(-12.0542935148510,-0.699821988862248)
(-1.15266442860069,-12.1710915488564)
(11.9799091459846,-3.35080693089069)
(5.50318084309818,11.0673241487559)
(-9.78241193390130,7.12292451316207)
(-8.47768355036842,-8.58034766858837)
(7.19447108991531,-9.93101837439819)
(11.1597339620667,5.28805159828138)
(-3.17081802696965,11.7931178515237)
(-12.0400802090084,-1.17641925957668)
(-0.847274259898616,-12.0801276836341)
(11.6973457423670,-2.92642283058229)
(4.75338691206453,10.9204192328988)
(-10.0719675144824,6.37913315702274)
(-8.11162010773084,-9.00860508149239)
(7.36546853002478,-9.68245607806698)
(10.6298843607906,5.46173639455774)
(-3.77629634516800,11.2702338484472)
(-12.0178976988859,-1.91597648205904)
(-0.524677857099005,-12.2884387348223)
(11.5612193954998,-2.78054865089296)
(4.19183417769923,10.6791618970454)
(-10.3639258677865,5.64871811931505)
(-7.90813736543331,-9.61060606089366)
(7.56473105811265,-9.82519913793397)
(10.4364465381147,5.45013594606550)
(-4.24130806906429,11.0513525151862)
(-12.6196411892837,-2.37072522198875)
(-1.27681049725715,-13.1435781421721)
(11.0412814454350,-4.33355518826804)
(4.60305825430832,8.78275434126703)
(-9.10684676671538,4.42156084206051)
(-6.95399144984223,-9.89768115103023)
(7.60512691918851,-10.3614110824866)
(10.7737968659585,3.65976838023330)
(-2.04831719741307,9.11167121702511)
(-9.23081267229625,-2.28034866041501)
(0.735174016840699,-10.8518400037653)
(10.5184100504999,-2.34432646999696)
(3.55316840893793,8.47912191397178)
(-8.14448715087211,3.11844150864770)
(-4.46678781592034,-9.33963337422314)
(8.64388066393819,-7.50216485572281)
(8.87584098167927,6.08800774968421)
(-4.90621470581178,8.66649048200662)
(-10.1019642942741,-4.82532781798440)
(2.38517328685731,-12.7308788171142)
(12.7284759900491,-2.03394314701990)
(4.39917606841277,10.1435304186613)
(-8.91682493326269,4.43406352214440)
(-5.86714349551161,-9.40517227818857)
(7.93860154908841,-8.96145858285146)
(9.92480914581408,4.25806350285636)
(-2.22896764630056,8.30160368007278)
(-7.79263868607195,-2.53637918056962)
(1.82483012495397,-9.10327577954960)
(9.18550495235560,-0.332240906179242)
(0.955753037570952,8.10436712237034)
(-9.11347996776284,0.630950391391225)
(-3.20855072589172,-11.3116711213126)
(10.1248521311446,-7.87074199865709)
(9.51177056635258,5.89592431008669)
(-3.86053057859568,7.87528240061418)
(-8.01092202164964,-4.67587371916147)
(3.51258533041957,-10.6729367327847)
(11.0831858847739,-0.315227968297545)
(1.90060258642424,8.61123710368849)
(-8.40423774399528,0.567374479259385)
(-1.75149119326365,-11.3384498499664)
(11.7566327724759,-6.72684523397784)
(9.84850504194612,7.87357665366207)
(-5.06333093364501,8.94505432374416)
(-9.09421774228892,-5.60272301065779)
(4.47055559099582,-12.5618942883207)
(14.1950895821492,-0.813023289663060)
(5.14153655886254,10.9685071500405)
(-7.47513481616924,4.90547360042364)
(-3.80895788297084,-7.54294832267805)
(8.38658395928223,-5.37553416094518)
(7.48504935806243,7.19370827457934)
(-5.78839611109122,8.25911294997705)
(-9.63918508276501,-5.05141614236616)
(2.51441216800560,-11.6276972254242)
(10.9452435949446,-1.22991323927830)
(1.98842288214740,8.48867688436971)
(-9.43490090678624,0.776800850746981)
(-3.95529826378749,-12.8795983411529)
(11.0972769663501,-11.2642196449214)
(13.8462357349462,2.92031520642652)
(2.48846089954900,8.54300290172602)
(-3.74699207293218,0.0916199256628682)
(3.22055008498396,-5.61169331220657)
(8.81518137892784,1.12394627934645)
(2.17301713652983,7.50782694710440)
(-5.38145432903631,1.46237710519551)
(-0.341138011308098,-7.20313983994910)
(9.36574849149160,-3.46581152784434)
(7.39134878304215,7.11166484836208)
(-3.47267640949114,7.31125905103418)
(-5.74801457499112,-3.05098283587848)
(3.70317156628849,-6.86498194995026)
(8.68599895053525,1.77019394424283)
(0.814051687356827,8.01675093025820)
(-6.79600207463389,1.32838436370895)
(-1.82046525119922,-7.19164412009536)
(6.83280832162991,-3.87148647912951)
(4.55276819553290,4.62944234151540)
(-4.23098220835547,3.08943355882550)
(-3.96210174645856,-6.27618962684411)
(5.32720348478789,-7.87151745044255)
(8.28548771300430,0.311964554764025)
(1.10894953548267,3.27309215752983)
(-1.37303114610257,-4.47557535431797)
(8.33748823369662,-8.01457633186045)
(15.3590516895852,2.94693160245309)
(5.81232255077412,14.4484554526226)
(-8.77084080066838,8.85146504199506)
(-7.77901951587218,-6.26315921213277)
(6.04425778106255,-8.81157221718448)
(10.7535707022740,3.31648465416438)
(-0.0104283494095649,9.53706057683464)
(-7.73623981236100,0.0539301085766414)
(0.0446204113496461,-9.02386098149154)
(9.69650106666565,-3.19550498066456)
(5.11223969651238,6.24319903601031)
(-4.58169413355988,1.63787353881158)
(0.108463794222930,-10.2197643799942)
(15.5445777141720,-7.76930892690411)
(18.5891616672317,9.81172009037419)
(2.90309707619960,19.3485823482579)
(-10.4753615129031,9.00602387532368)
(-5.53055879039048,-4.14770875926917)
(5.32352012710588,-1.90378051220736)
(3.35322762884086,7.47558285375890)
(-6.32137066076226,5.47261835847074)
(-5.33206787556816,-5.20745467080450)
(5.92445431942793,-6.04529952791300)
(8.73902322703677,5.20622928706086)
(-2.18576299366905,10.0125798999574)
(-9.13983281216261,-0.200059035529739)
(-0.308057926726509,-9.32350090078840)
(10.5963124790581,-2.61533848763960)
(6.50583469013725,9.29996385139741)
(-5.49168857890355,7.86976948281122)
(-6.27791862048822,-3.44765440094205)
(4.08035038033615,-5.75571113776105)
(7.42358248119027,3.86791379535222)
(-1.80117376682845,8.26354091990319)
