272049621216375058781451961725.
0.040000000000000001
(-3.90444128866296,5.32537016153857)
(-6.07091894010632,-2.84198970252816)
(1.36596129660137,-6.89963985601371)
(7.15767699271697,-0.572085376505470)
(2.36455547224598,6.77317324530157)
(-6.19006137123458,4.04078721937881)
(-5.97654364095635,-5.03875757722846)
(2.68699343587149,-7.41484096600759)
(7.22440853131787,-0.00232199704191342)
(1.49747248219750,6.00780364678503)
(-5.37253399863420,2.01759082511343)
(-3.00937203628498,-5.33927680029947)
(4.65708701229938,-4.55977333056909)
(5.59804908303200,3.24277174377564)
(-1.94269050784062,6.11720600091809)
(-6.74277827532663,-0.518720821314761)
(-1.60049725245141,-6.84939402018216)
(5.70546341489152,-3.45232480938237)
(4.09621251884901,4.44035073094721)
(-4.09278462522937,4.77454290025476)
(-6.58963115077209,-3.18207687802259)
(0.374153088602571,-7.73390486446030)
(6.44890750922038,-2.33249190276946)
(2.77879023004420,4.68123171149047)
(-4.78336966966474,2.78025379685352)
(-4.75257738159160,-4.92385053285081)
(2.53365757239191,-6.68029528319046)
(5.65001319732493,-0.180571033374350)
(-0.166616014754261,3.94278077518964)
(-5.47793817590534,-1.35413003029753)
(-1.12022450964200,-8.26593377128940)
(7.26439431885653,-5.75940933740899)
(7.23114663696846,3.24685784849383)
(-1.47512068929670,5.59193602900510)
(-5.83576960245820,-2.38137569744940)
(1.18462901581784,-8.72137328927281)
(9.63740695575445,-3.29197421564905)
(6.85487421053057,6.85659584462378)
(-3.74004155345332,7.42230434616056)
(-7.36860289612891,-2.18317978888664)
(0.500528530758872,-7.92687012080092)
(7.65234191475774,-1.81165265391815)
(3.37522482837422,6.56417825629445)
(-5.83153857896501,4.67210087203535)
(-6.54054355765081,-4.22522907815261)
(1.04343247579008,-6.55375389397285)
(3.61357017664131,0.252734571619654)
(-4.12308465228259,3.30235487218705)
(-9.99028979154090,-5.80152248037459)
(-1.99770274212881,-16.5284598983085)
(12.5587535498662,-13.3763793879782)
(15.8226227901649,1.23080271204126)
(4.49939532143702,9.13951031311178)
(-5.15007624099966,1.68774253144129)
(-0.340670614183043,-8.32453777162463)
(10.3203477876387,-5.46206763415153)
(9.99749116130525,6.05920717360842)
(-1.53021055139598,9.03090195257272)
(-7.71570754655096,-1.19545895813325)
(0.286452326856076,-9.88670854384633)
(10.6986200386857,-4.62905337048638)
(8.56631058286067,6.64227249099300)
(-2.47026484577520,7.68465083894242)
(-6.11889033563725,-2.14903975165999)
(2.20424029191325,-7.55520611931003)
(8.96466261771747,-0.525443312695292)
(3.26935889440983,7.76628365159086)
(-6.57224915771994,4.09099445669909)
(-5.60116246639600,-6.56057732735048)
(4.89996580988863,-8.18567775337056)
(8.65912593694369,1.98482141331083)
(-1.46975136051247,8.38048264712854)
(-11.9861313782375,-0.668915410975895)
(-7.17507545006070,-15.5088148314485)
(8.84411170614341,-17.9324989766398)
(17.8972053476725,-5.79570712783847)
(12.4102169581967,5.38425280853739)
(3.65842090942807,4.70807532150481)
(3.58526940498227,-0.798246993076746)
(8.32459376005243,0.480907858466237)
(6.76526275077876,6.71037489264576)
(-0.893252078840458,6.84150524106665)
(-3.42265162928104,-0.910222887208743)
(3.50490102256658,-5.51268980183367)
(9.92212338020101,0.140707896266171)
(6.24136149353997,8.12437570248440)
(-2.40564781131685,7.11192930916173)
(-3.92365536109912,-0.919789513864855)
(2.81897077576924,-4.07740414744851)
(6.93153768127636,1.52084776682167)
(2.30698657672716,6.55075582279140)
(-3.64622498179162,3.26657221888175)
(-2.15827266877422,-2.99142335279134)
(3.40777662785366,-3.01710551344232)
(3.79494079173081,1.45671847604820)
(-0.487849440875887,1.09301827973867)
(0.404680924348491,-4.76419060398038)
(8.90408716623535,-5.35069439934089)
(13.5624953764403,4.68595490942209)
(5.08148825759210,14.4549408648614)
(-8.17613110396708,10.5871691285032)
(-9.89074255994855,-2.98478666753808)
(1.47303112265402,-9.01747972386852)
(9.93148360195993,-0.629004234692947)
(4.26409304244977,9.15844871435222)
(-6.47045319789777,6.18440743757667)
(-6.61026779205574,-4.85933231099800)
(3.46036938355637,-8.14648351396997)
(8.87541497225237,-0.215582667587478)
(3.06757168089794,5.76196084919087)
(-2.74431298444542,0.822349244960260)
(2.45666589259212,-5.77177352207863)
(11.5824250599312,-0.903793064885012)
(9.40423648468522,11.2727739092863)
(-3.98083634393637,14.0161802646073)
(-11.7510194291081,2.51332442030173)
(-4.19981157571567,-8.22520343810337)
(7.11511402623461,-4.58759703056282)
(6.19268702889532,6.20381860469353)
(-4.20450638270166,7.20790898475320)
(-7.26839094730082,-3.01170351238982)
(2.34481264446333,-8.56203075040152)
(10.3960257720679,-0.436538858972790)
(4.56180114322976,9.60169090404193)
(-6.69829908356696,6.51290005103999)
(-6.49749740757852,-5.21807547297831)
(5.06938746547340,-7.89907813651663)
(10.6258271008243,2.91660421333346)
(1.28867341795739,11.3360729914349)
(-9.72643634920096,4.45073612399239)
(-6.28400179520963,-8.32068397203279)
(6.84342192692378,-8.80920432494104)
(10.8927622231213,3.24354786725787)
(0.705037926962250,9.90758130593903)
(-7.83079210014096,1.63624212162387)
(-1.48528118828063,-8.68005202590158)
(10.6507207248772,-4.95272611967126)
(10.6507935604373,8.20596396959122)
(-1.76984028894080,12.3227110995126)
(-9.03723045302071,2.26765621700123)
(-1.76086800059849,-6.59887974394322)
(7.84399106934542,-1.56435898071118)
(4.75808989183359,8.81760633254115)
(-6.37948500582318,8.15645947337498)
(-8.69271081267052,-2.95059700520308)
(1.25879719557994,-8.06359596252099)
(8.41419707957810,0.0675730417542530)
(2.19529170104588,8.60713055356424)
(-7.43580771022469,4.29739305662526)
(-5.23931113134023,-6.23538856866163)
(5.85519489722674,-6.47975121347754)
(8.85263468567217,4.63720274836186)
(-1.51297135278918,10.5824845930480)
(-10.2717508480312,1.95604083628398)
(-4.31492744836702,-8.97723382215025)
(7.80093310170834,-6.21495919274441)
(8.29925645846805,6.09532061378652)
(-3.39188095231488,9.67308357441104)
(-9.75202921279321,-0.696548208296259)
(-1.32292938409495,-9.39948088201363)
(9.16093306066778,-3.37988263861830)
(5.88045042971926,8.28518635335432)
(-6.30669904319205,7.99788816169176)
(-9.11940899462345,-3.91832735830816)
(1.68943555534374,-9.64737268886848)
(9.89381171532840,-0.625892424566371)
(3.14215693735378,9.53376185440798)
(-8.42463647090068,5.45325557062531)
(-7.34570373019975,-6.84405587658374)
(4.87458867496908,-8.88904680347047)
(9.90682855592419,2.46397858238004)
(0.111624409796296,10.1821372706112)
(-9.86667565926403,2.57710532665385)
(-5.00259226424659,-9.04683262057262)
(7.48263432050323,-7.26147791195141)
(8.85190404492459,5.27713667004476)
(-2.99470953359652,9.70077256232023)
(-10.2413111222867,-0.739678354659851)
(-1.87871594193621,-10.3991580676330)
(9.61441486052708,-4.65278231260912)
(6.86692214320460,8.01017870461977)
(-6.22139805483053,8.53205698770622)
(-10.1063738406956,-4.10145606484879)
(1.14651792514341,-11.1258047622469)
(10.7907370088222,-2.01538522790597)
(4.35437555184999,9.61426095413006)
(-8.58316385446382,6.25097516186427)
(-8.56056720816926,-7.20867906253175)
(4.58420790007432,-10.5574578217317)
(11.1722988949708,1.53643008773642)
(0.877990420471492,11.2587079346065)
(-11.7120963462887,3.83802276751651)
(-8.40601388485122,-10.6113913790017)
(6.01330482146373,-11.9716113264620)
(11.2383011888542,0.520319269148706)
(1.43601044597529,7.95115734239128)
(-6.97584582999460,0.331845389605589)
(-0.805571305303837,-8.99275171998299)
(9.98071516977187,-4.36474139364620)
(7.83233223660618,7.96966875077920)
(-5.19421066154417,9.23798594699795)
(-10.0730107662104,-3.11569366874282)
(0.476023865074841,-11.0410659560628)
(10.6482061648952,-2.86555812814108)
(5.09564223680259,8.94661864768184)
(-7.88544945825816,6.33464006041403)
(-8.63175195170165,-7.13476849044677)
(4.31176979854119,-11.4187920873181)
(11.8157594114021,-0.0654691057540450)
(2.81809728589160,9.97029325334249)
(-8.99337479765753,3.74187272571670)
(-5.75280290324643,-9.15231469594575)
(7.55862409398572,-9.00817385478713)
(10.5067807888962,4.08219392357245)
(-1.77400142424686,10.0602995471356)
(-10.7164141965726,-0.787534649117410)
(-2.06808263691808,-12.5326930988437)
(12.0591449627206,-6.96077915977982)
(10.4338455594667,8.77831055904066)
(-5.70310262738902,11.8349273941097)
(-13.7108244467211,-2.94442337204857)
(-2.27818036749049,-15.1558316713257)
(12.2518638175852,-8.36866482211321)
(9.95077417347551,6.35853255389178)
(-3.88153647253630,7.37875235203059)
(-7.45118993319766,-5.66333215571191)
(4.87572393004465,-12.1015763557973)
(14.6785800799167,-1.51641752893559)
(7.44099651816860,10.9884401453725)
(-5.97031726028656,7.81402749115999)
(-6.15326400322237,-4.95149475156806)
(5.65235301094851,-7.38798119741337)
(10.0723103184484,3.86602795957202)
(-0.530665447130946,10.8334394181962)
(-10.3958877015333,1.93481863805818)
(-4.49203673929780,-10.1744010691015)
(8.46089474203908,-7.82113698376418)
(9.23521686379043,4.74238232447150)
(-2.51834727915929,7.86023134121249)
(-7.67704363482928,-3.29238273579388)
(2.89379303793040,-10.9470618713071)
(13.6658330349479,-1.81243453220912)
(7.52612006227693,11.9134420096242)
(-7.83499636084373,10.0800591077055)
(-10.5482460924742,-5.06877223573692)
(2.98767117956901,-11.6120292293530)
(12.4916171821353,-0.334579141996477)
(3.88441145953588,11.5785383497986)
(-9.84294744143394,6.28009775163807)
(-8.36961132970613,-8.12293464356225)
(5.33750842721585,-10.1732127912658)
(9.87396656121937,2.18044262007486)
(-1.52931392878790,8.50346212922886)
(-10.1406410449296,-2.45792255254626)
(-0.328162930578200,-14.5071907155176)
(15.4070581190001,-7.86316901188385)
(13.8756137785220,10.0662754877589)
(-3.83409601976896,14.1346886389396)
(-12.6048087378055,-1.50199600922380)
(0.157079104171798,-13.8665988497684)
(15.4916298647118,-4.48419821934281)
(10.3841085357585,13.1854232991467)
(-8.25115960516120,13.2560218869554)
(-13.5563243893801,-4.45156880776046)
(1.71070909371725,-14.0924272885983)
(14.5715822018424,-1.97587836466363)
(5.96767568374525,13.3204240659881)
(-11.0592328702329,8.74589459355423)
(-11.0092097216882,-8.93691145964558)
(6.00017975541746,-13.4205994062680)
(14.5391040237082,1.79227358998594)
(1.94839584613763,13.7890372558243)
(-12.8485133280448,4.62291306900955)
(-7.85586838592866,-11.9439031909478)
(9.08771265348418,-11.3500111833161)
(12.4141830149563,4.80138596920196)
(-2.42887446024950,11.4107358462816)
(-12.1282230293372,-1.88396198548180)
(-1.02570481513914,-14.7484572225768)
(14.6588707893449,-6.90765553109822)
(10.9545946911452,10.6213569898103)
(-7.28622501717248,11.4115461657046)
(-12.7627714942146,-6.54779877566164)
(3.66585795148772,-16.9635389655967)
(18.7549006804662,-3.90646325087097)
(10.8543911951960,14.3522182286750)
(-8.18645504269177,12.1624037109130)
(-10.7766040247465,-5.75360245230549)
(5.45702298841427,-11.8482353618319)
(14.6617056824274,2.83937747146672)
(1.99119246030062,15.4899242987177)
(-13.9615135606883,6.18635495325403)
(-9.24659800411068,-11.8289030547842)
(9.18746343679373,-11.9536509327100)
(13.7830021028140,5.71413617734293)
(-2.22563065997935,14.5018219421322)
(-14.7893302310337,1.34822913672823)
(-5.59558769306008,-13.7075417887327)
(10.2032494533836,-8.36043437787184)
(7.45091172218319,7.56801140390149)
(-9.71628885705266,6.93923466444124)
(-13.0186595618421,-12.4158240356327)
(6.86406899489937,-22.4148366735108)
(24.2008182558626,-6.08687603035090)
(14.9329563796321,15.8427246573423)
(-7.53752832564963,14.0952087189402)
(-11.4030372128053,-6.47575243472798)
(7.02392262061032,-14.2175647557469)
(18.3612397711795,2.31114085214451)
(4.42759702970368,17.5384852176718)
(-14.2922545795255,7.56522737184876)
(-9.35064263132230,-13.4419845429943)
(12.5191069573631,-14.0204182141209)
(18.7856886077321,7.28268716722306)
(-0.356739800239357,19.0760853286943)
(-16.8750615667436,3.71220072332012)
(-6.42326694068553,-16.1064926579315)
(15.1657091491570,-10.9563926572340)
(15.2897438517557,11.2324671704875)
(-6.58746354341101,16.7094645252981)
(-17.6909147405015,-3.66476943874000)
(-0.633875393829497,-20.3136463131042)
(20.4122302324709,-8.61549308610114)
(15.3463312292120,14.5406765058557)
(-7.39369983793620,15.8946018927825)
(-13.8449707756217,-4.84558751403429)
(4.56375112204719,-15.1800254472631)
(18.5194534778625,0.930340774182170)
(5.42608076708258,18.8046052690800)
(-16.0670976959778,10.3442861137564)
(-13.8057607848077,-13.1917770107227)
(9.37077306763323,-17.5781515948631)
(19.5181680353114,3.10757027863458)
(2.42357320399751,17.5116535010268)
(-15.0539546716090,4.21778806752689)
(-5.65693605068839,-15.8189613551920)
(16.6359455905960,-10.9264144580516)
(17.2654106772844,12.8099914894689)
(-6.33756342322807,19.7484570657944)
(-19.6349285358956,-1.73173044692076)
(-2.20206543304247,-20.6627678388901)
(21.0139847204016,-8.89201330315903)
(16.0197479054774,16.7110251519428)
(-9.73519034995500,18.7876510211007)
(-18.2376363517711,-5.10794902696055)
(2.51926274965653,-18.9019457804227)
(20.6589251716327,-1.96506441418661)
(8.26096626151084,19.9049530961111)
(-16.5159299618073,13.1277491945045)
(-16.3898281325461,-13.0185766284132)
(9.03731340862169,-19.8618757074542)
(22.2631061190589,2.82761564123543)
(3.83110134670533,21.2756121352673)
(-18.4740073354095,8.12213057861029)
(-11.2457315402290,-16.5834086385512)
(14.3451240707428,-15.5427872596112)
(19.3589872007781,9.52197982687505)
(-4.01730542808530,20.2575260814774)
(-20.1955331159093,-0.364053855208108)
(-3.66568193145711,-21.6706806904847)
(21.9051411676668,-10.9183319011422)
(18.4161796899691,17.0767270044338)
(-9.46334873140149,21.3353916889955)
(-20.7017652252773,-4.09294778909816)
(0.859188713726251,-20.9078246662597)
(22.0780913362762,-3.85840105169490)
(10.1635128617878,21.0531841935165)
(-17.6307062795094,15.3404507800147)
(-19.2993140149051,-13.7740811186189)
(8.79096724333047,-23.3501891726577)
(25.6747156709625,1.20427102345492)
(6.61747600031001,23.8277988566370)
(-19.7617331809771,11.3458590521010)
(-14.1639145163425,-16.9036471629494)
(14.4148403832258,-18.0623717589407)
(22.1024764943525,9.62961600534849)
(-3.57771699329764,23.7448178329277)
(-24.1074307974693,1.50722168409269)
(-7.34228372136505,-25.0281396744111)
(23.6397036741048,-16.0544017887820)
(23.9946851550151,16.3905247119790)
(-6.37584786722178,25.7654804965268)
(-22.7283386622025,-0.00197160621336420)
(-2.28460609641394,-20.9898535644436)
(22.0808705145431,-5.59343485567034)
(11.9522997309658,21.8912581968177)
(-18.1053347855199,18.2389823368216)
(-22.2070861134289,-12.6694822398497)
(7.08336098142311,-24.7840358130883)
(26.3685402303325,0.676043841154233)
(6.30355420920651,25.8534768487563)
(-23.4353189843836,12.4297458559016)
(-17.8259102178178,-20.2563379969720)
(15.6498246776279,-23.2688634861308)
(27.2845547632214,8.52604785219002)
(-0.572798580101208,27.9310323903782)
(-26.3967463768243,5.75420505513699)
(-11.2290360651771,-24.9479872165756)
(22.5894913476439,-17.8826212640650)
(24.3611421588466,16.8829739959269)
(-8.87444390752523,27.4897456774018)
(-27.4181235373273,-1.93207018827018)
(-3.45152756071675,-26.9821811294740)
(26.6732376543600,-9.56534209947751)
(16.8056118996143,24.2668107528481)
(-19.0110539646758,22.9644788013786)
(-26.8455120623966,-12.5336207437174)
(5.84017253795800,-29.1935269865391)
(30.2686840044986,-1.45965554075047)
(9.19022015169862,29.3462777805395)
(-26.3218800060198,16.4072323884406)
(-22.6754582529765,-21.6275088349922)
(15.3081543097949,-27.6504012999530)
(30.5018870628333,7.90446864607602)
(-0.779127779806113,31.4135988999403)
(-31.8328423625357,6.11872450771539)
(-14.6613774413449,-31.4242936121269)
(27.1859049823726,-24.6866230088294)
(32.2551105091069,17.9379118198130)
(-7.22490245887494,34.3407798938533)
(-32.9077871023890,0.972584268595667)
(-7.14374528631062,-31.5564104663666)
(30.3555350138529,-14.0673007845466)
(21.9306719682748,26.9388941944730)
(-20.7242578038236,28.6393959431228)
(-33.1959530136001,-13.0233131212694)
(4.51280562733492,-35.8697243817340)
(36.3821803825729,-4.70611963846352)
(13.7847104706155,34.3464038430829)
(-30.2945912321493,21.9460785813902)
(-29.3028009218008,-24.5424314281538)
(16.5756106576514,-35.4240883248359)
(38.9078633361950,6.81906413768853)
(3.06348560067063,39.5153161042992)
(-38.3762143190376,12.6674118350173)
(-22.9465274788328,-35.0821165727769)
(27.6488528586640,-32.7482823312312)
(38.6159236890967,16.6955189023365)
(-6.17064246872037,39.6576487652004)
(-39.1201622792557,1.92286677162295)
(-10.0421424058526,-39.1371421450024)
(37.4185953039978,-20.2635265509411)
(30.4552879641019,31.4359454268596)
(-22.4381184713786,37.7089575948005)
(-42.2140721408654,-12.7233220428785)
(2.16148840217788,-45.0252044703525)
(45.0598414444455,-9.77209072132650)
(21.3572203114961,41.1604365061265)
(-34.5440668654713,30.7721430970562)
(-38.4332172471556,-26.6431884552154)
(16.9037631345016,-44.8612591224316)
(48.6483676816473,4.92842597730397)
(7.63289055875021,48.6500172045041)
(-45.7586209752290,19.3104418204160)
(-30.4349634656732,-40.6515859426455)
(32.3694337540963,-40.7923759820929)
(48.3540245108563,20.8659222918287)
(-8.25850863632300,52.0685611817953)
(-53.1977184101084,4.13212716495973)
(-17.2121615618749,-52.2781919174011)
(47.6201796031402,-31.0279330364626)
(43.1698315810605,38.4296697843713)
(-26.5260887799598,51.8530547857014)
(-57.6886963560601,-13.4036673908341)
(-1.45149959804698,-60.8824852282713)
(59.7027286082597,-17.7643559455450)
(32.9891810498271,53.3848573058597)
(-43.7124751287644,45.2694700709466)
(-55.1418176314071,-32.1656658301646)
(18.2120736703485,-62.8939798561545)
(66.9681405236694,1.76488578128127)
(15.3624053825777,66.2870414827160)
(-61.5518618770941,31.6421469940082)
(-46.8886251714229,-53.2009776846438)
(40.6890677875042,-60.2653409841183)
(69.8769673377239,24.5819193220564)
(-6.77749803228939,75.0249001985843)
(-76.3227760758753,11.8444785142115)
(-31.4000334346616,-73.3107725158731)
(64.6524246482644,-50.5422581517210)
(66.7640027991883,50.7030543632748)
(-33.1859625509390,78.9730482687710)
(-87.0658225617284,-12.7952867655023)
(-10.0210808481542,-89.7607765179482)
(85.9616408160381,-32.9575332745644)
(53.8424588108225,77.0378007665490)
(-64.2412194184189,73.2510035073739)
(-91.3116492552576,-45.6195220393998)
(19.8167914001129,-103.858323368139)
(106.587901460719,-8.94478277728090)
(34.8451903375645,101.347002278996)
(-92.8798674223872,57.8515390679472)
(-81.4888923634014,-80.7835517582136)
(60.6692160592216,-104.545683937339)
(121.203858706356,32.3837395738022)
(-0.819774664761068,128.854314631230)
(-129.588407631808,31.1819897797121)
(-64.6140717235664,-123.916415611865)
(108.965391111636,-98.6822731444710)
(128.980703341747,83.5873666368654)
(-50.2748469697475,151.996475930740)
(-166.957579297124,-11.4628628092426)
(-31.9175535331662,-172.934704123300)
(167.974768275246,-78.0872130693503)
(124.031932747864,151.099478534849)
(-122.337248061495,167.089649261602)
(-204.559849718390,-81.6578714789303)
(29.8819648775415,-233.096017888468)
(250.010992403644,-31.0708091783266)
(99.6410578691887,253.032219976924)
(-238.801491464178,173.596930793245)
(-248.581091479744,-204.920062656973)
(150.997409180999,-321.461252700154)
(390.401205237337,73.3374951222495)
(33.2680813174322,446.694159562450)
(-480.947336983713,162.831755845008)
(-313.769926950835,-506.833571551178)
(534.108610709184,-541.705948882457)
(937.933082776118,457.187406486900)
(-18.7790542304601,1437.52064093351)
(-1641.77218400362,941.683557002339)
(-2099.28489131482,-1022.56454445935)
(-490.558800574339,-2641.66221409583)
(1912.54584575868,-2155.44371499142)
(2875.75519554941,146.753379920777)
(1572.08923229631,2165.10311158352)
(-610.210617167530,2219.03729425506)
(-1679.73398903114,691.769897900834)
(-1102.52048701977,-681.005184853451)
(-5.60209336653560,-813.120607811861)
(396.296924162524,-169.979246540001)
(73.2109248991665,200.578016668989)
(-199.524545863151,1.84771176027474)
(-28.1496160271376,-233.346920747485)
(224.938786052592,-90.9942374214178)
(141.128764694748,185.695990372667)
(-137.743587765495,173.421358295247)
(-192.544172845717,-86.3710325269149)
(33.6470453139436,-197.935763010752)
(190.074225568852,-15.9828586090861)
(59.7617096886508,171.534295073875)
(-144.174667946504,96.1176540957759)
(-123.137566049941,-110.243376165106)
(72.8910420907968,-140.132980496940)
(147.605434593287,34.3700741799445)
(3.58630222834978,145.578778493828)
(-134.395266147114,38.3945127139954)
(-67.8339205087793,-115.887420286435)
(91.9656100900280,-91.0771117574798)
(107.265895189669,63.9171017635068)
(-33.9236258655365,115.380402398550)
(-116.081104876651,-4.60018010489830)
(-23.2763593741146,-110.813661940773)
(99.1560386681968,-49.5317712614494)
(71.5528485323917,80.4253767443846)
(-57.2486419360428,86.2342976569262)
(-94.1727873355826,-33.4711197180733)
(9.42687745116827,-97.6222312281111)
(95.3508330988490,-16.0728441663624)
(40.1133459200870,84.6302739861638)
(-67.5531343523960,57.5110324146629)
(-67.8567955655712,-49.7723710920573)
(33.0548027062930,-75.2370728134956)
(80.9096161958369,14.4651610759442)
(6.88128940930179,81.5762060134047)
(-75.2930524973296,27.4857027069460)
(-44.3859802977325,-64.0691304224795)
(49.9568667656052,-57.6236829398419)
(67.1477526227874,33.1035455977768)
(-14.4257810231231,71.5684598948300)
(-70.7677726307351,3.73409976187436)
(-20.2705844533038,-66.2143331836854)
(58.3288030211558,-35.4244280761781)
(48.2380212881231,46.6095626918187)
(-32.1433611214054,56.9588811201080)
(-61.5878830765882,-16.9775547454839)
(1.55430098144755,-63.1028979916596)
(60.9308378321348,-14.3533228900515)
(29.1269596876456,54.1023912422164)
(-43.8369352096799,40.6604367041677)
(-49.0289936107266,-32.0763744588720)
(18.8227621750939,-54.9502763839444)
(57.1924330672836,3.84866486434848)
(10.6956608751217,54.5810839826560)
(-48.7986447746072,22.5830971001846)
(-32.6113168033537,-41.9235845348347)
(33.0355893337274,-42.1180390443569)
(49.3337080177638,20.6587112614687)
(-6.65551103403578,51.7286144974651)
(-50.1295667018937,5.92232137318273)
(-17.0630515419334,-46.8590107554546)
(41.5379310285149,-28.2111334071805)
(38.1677811911560,32.4805966940305)
(-20.7198404091109,44.3424648282460)
(-46.7064417156093,-8.93854184934274)
(-2.32445491902847,-46.9374284796822)
(44.8867817275644,-13.9614129067243)
(25.0289931972328,39.2718240951309)
(-30.7526037106561,33.4706148273081)
(-39.0406587366155,-21.2205548523260)
(11.0801560011046,-42.6317407657318)
(43.8225487708869,-0.0563685850368714)
(11.1607764211704,41.6835327793300)
(-36.8111697651630,20.7246344484938)
(-28.6355895039603,-30.3027774250142)
(22.0910889269584,-35.0644333885634)
(39.0415143970892,12.2213348275657)
(-2.08347853847045,39.9762769640710)
(-38.7735289178907,7.35517244242263)
(-16.5670047497273,-35.8506793566314)
(30.2483759118724,-25.2494220124501)
(31.5515524652890,22.1508983365341)
(-13.6237300175746,34.9546367541564)
(-37.0610513446618,-5.38103800170602)
(-4.10250594424201,-38.0315004722151)
(35.5445301434094,-14.6880133911831)
(23.2628599825997,29.0342930586025)
(-21.4047847737527,28.2003932115928)
(-31.5142985948282,-14.5552015014148)
(6.89848420833667,-34.5478623144990)
(35.3417546973531,-2.54240921869316)
(11.4772971701121,32.5690978673458)
(-28.1636551519658,18.1926874181425)
(-24.1193406776065,-23.5092710432775)
(16.9533490657037,-29.9749484595503)
(33.3186774538434,7.81429685766372)
(1.09460099356603,32.7665085661978)
(-30.7280154692862,7.84613411599812)
(-14.4219170354648,-28.9692063375754)
(25.2921571070847,-22.3273211273155)
(28.9771453262702,17.7681333642063)
(-8.61947329384171,31.6426333350680)
(-31.4824296249219,-0.716129131789957)
(-6.37030908216881,-30.5653649328673)
(28.2701471339259,-13.8414685410210)
(20.5851931338402,23.5545077682851)
(-17.4806150398152,25.3990337777132)
(-28.9598267752638,-10.8651568885005)
(2.84814088523236,-31.1769869227680)
(30.2325617992580,-5.96362659566121)
(12.8474947400456,26.4062795924897)
(-22.6360179065741,17.5786620536816)
(-23.1245556415932,-19.0766119701229)
(12.0395648214506,-29.3536160141590)
(31.2959462526101,1.11713565755726)
(8.00389818131656,26.9183493087567)
(-21.3404446329518,11.5270405296946)
(-13.2226430465315,-19.2653816535012)
(18.1358034656540,-17.8646441238787)
(23.7647383687301,13.3396753696527)
(-5.68453636669912,26.5853446568820)
(-26.3037781908140,1.26794726372795)
(-7.34608701634168,-25.2577607176019)
(22.8533313420057,-14.0296464550390)
(19.7768735968342,17.4696026603226)
(-10.8771375756674,22.2288003807168)
(-22.6747010383496,-5.85259336981852)
(1.55184454045962,-23.7249599788585)
(24.5829635083529,-4.43085810178266)
(11.3809151474318,22.7227835479377)
(-18.3550767330556,16.7365808349988)
(-20.1744813496181,-13.4995756222823)
(8.39859169912352,-22.8877718604945)
(24.5189916555957,2.21347857160836)
(4.34873959910602,23.9669374701079)
(-21.6745293000602,9.99329195638930)
(-14.8328704491415,-18.5331046098486)
(14.1840695824686,-19.1411404236175)
(21.9366055366004,8.47380168191875)
(-2.65417490807661,22.6908611074773)
(-22.3868984649555,2.56577986368606)
(-7.96122525064570,-21.3732198682873)
(18.5517611773414,-13.4634904208622)
(17.4765673961950,13.9025198914614)
(-9.06022169673111,19.5967224100276)
(-21.0756065107208,-4.43083873188417)
(-1.09158306394344,-21.7781185192271)
(20.1596606029098,-6.84179209655295)
(10.6315826785285,16.9525283928690)
(-14.7501902921471,13.0113083032376)
(-16.8883756456094,-13.0598345672388)
(8.39031942250249,-21.8869673630817)
(23.8772003937727,0.456299639525768)
(6.60732486255918,21.4671792565897)
(-17.9606826163304,10.6669674546917)
(-14.0713147142571,-15.2946096084868)
(11.3689371142697,-18.0206537192785)
(19.9664747887634,5.40243477691346)
(-0.410098560066300,18.9450362848756)
(-18.0683193850465,2.28726758980463)
(-5.77907424369272,-18.8601038676172)
(18.1436846917387,-11.8646764731009)
(17.4883584564944,13.5424289334018)
(-7.39497502347146,19.7819163600420)
(-20.0659875649902,-2.34523001565208)
(-2.39842945762417,-20.0600070558658)
(18.6835967898393,-7.67207197904217)
(11.7955576555893,15.3797081457600)
(-12.1339202366994,14.1212745172468)
(-16.7115935354957,-9.53141777110208)
(5.21058282727980,-19.9547918378770)
(20.9694824417569,-1.35231684371580)
(7.07119106794867,18.6828827447151)
(-15.8193658959864,10.4796171283053)
(-13.8801583112770,-13.6264267407683)
(9.65242559185097,-18.0317789848778)
(19.8723129714898,3.17220514633595)
(2.38939117965222,18.1073295747527)
(-15.9063826253319,5.14692658288773)
(-7.77461339708832,-15.2739002113554)
(13.7748660829955,-12.1028341696502)
(15.7398387490551,9.62122241749893)
(-4.98817487184036,16.8387165020483)
(-17.2069613754918,-1.49713837560341)
(-2.58557011458632,-17.9111148385181)
(16.8130654834346,-7.90869422743859)
(11.8517307187007,13.2118523508050)
(-9.86692367193383,13.4680159096747)
(-15.4763862528840,-7.71822791436443)
(3.80499916353381,-18.6462729600284)
(19.4994479356173,-2.81745139658472)
(8.43387378200226,16.4336919946197)
(-12.7868833828375,10.8298529254152)
(-12.7429888564483,-10.8297896311781)
(8.05092926692217,-16.1372462891318)
(18.3584539405365,2.56335085804773)
(3.01462708004747,17.2263079937962)
(-14.8758034312147,6.32839657576397)
(-8.97971358187654,-13.3184156199687)
(11.0393295173401,-12.3644033654490)
(14.6677216065527,7.02360769294057)
(-3.34782520797674,14.9391488514519)
(-15.3555369009324,-0.896748765354590)
(-2.72115354515582,-16.6409809816546)
(15.9875218521849,-8.30269706490703)
(12.8302283929922,12.1049527869794)
(-7.62744974606239,14.5014428369151)
(-15.2142062030804,-4.30853180794754)
(0.701521263978058,-16.0823364747485)
(15.5565013429615,-3.59509560171062)
(6.68948133096347,13.6672231758173)
(-12.5962333900312,8.94745172794688)
(-12.9901059068585,-11.5078599942272)
(6.88273844506334,-17.6554091399708)
(18.3031020817112,-0.446667174334155)
(5.16730413557796,14.7795681278289)
(-12.3022604399296,6.10706062371658)
(-8.00392879808430,-12.5702717419872)
(11.1904712319521,-12.7163921296331)
(16.0633390171240,6.11571087924336)
(-1.11882734847227,15.7973504697092)
(-15.1218142850718,1.73097973901379)
(-5.40839199859555,-15.4809468263359)
(13.5004518727219,-10.8131808562271)
(13.9406754975977,8.23203472119337)
(-3.91210670987447,13.3550572131769)
(-13.0235342530179,-2.30678474978033)
(-0.228649333340966,-14.6077504649824)
(14.5137292490434,-5.08415033248632)
(8.59810320842888,11.5229370178603)
(-9.28130482318677,9.78316078250026)
(-12.4232305009174,-8.23929119001577)
(3.89352490476399,-16.3608874076151)
(15.8220997108434,-3.53333707418604)
(7.04089010742466,10.2331245925261)
(-7.20323115927097,4.69746179833250)
(-4.01466821467124,-10.0672570582257)
(11.9286498585698,-9.51230262701071)
(15.3442391340228,7.40841728074009)
(-0.947342501194784,15.8681608959746)
(-14.2032300914093,2.41747055339012)
(-5.22213227502480,-14.1423132422592)
(12.7763467442976,-10.1254957960874)
(13.3920670331637,7.89191252896336)
(-3.85342029901153,12.7018990885680)
(-12.7571693552875,-3.13422667463735)
(0.629765999494912,-16.1046695266829)
(17.0821331050498,-6.53465865870653)
(12.3878754417784,12.1064519511064)
(-6.94341666277549,12.7169287732712)
(-13.0030100081584,-5.88732532857452)
(3.11810488263077,-17.3712891950657)
(19.0347992907464,-5.97135374740453)
(13.9132085810704,11.7748270390913)
(-2.50099414129139,12.3252574615776)
(-6.25927269680936,-1.19822717913750)
(5.19953535081831,-6.08573355135874)
(11.2377308510052,4.83645441647937)
(0.790997405877104,13.3784834724369)
(-10.8234427852172,4.96319153456125)
(-5.90927436481261,-8.66032968591720)
(8.15005555327446,-7.39835052160037)
(9.92769862858574,6.33720369449659)
(-3.41614120380880,11.0180869213038)
(-11.5319517438726,-1.43192602428460)
(-1.41430483673458,-13.1662212988889)
(12.9146869635501,-6.95542545073067)
(11.1823805031555,8.11744927326934)
(-3.11508028858622,10.2770071962883)
(-8.32012416232184,-2.63226427664623)
(2.94638407191422,-10.5107389382983)
(13.2857632006671,-1.49474602767840)
(7.25228029398972,10.5588401101178)
(-5.40525987273985,7.58922865052358)
(-4.96231411282454,-5.10762968003910)
(7.95975053020512,-7.05076494872618)
(13.0673157245307,5.99146344942611)
(1.19760066219309,15.0308047511842)
(-11.2898867354425,6.20155827743548)
(-6.55736843550932,-8.11358995435932)
(8.06046174101152,-7.34160290917952)
(10.7930720112172,6.80616224624871)
(-2.32389324735055,12.9420003027907)
(-11.7440073189486,1.80015479797697)
(-3.60891080319028,-10.1864295026620)
(9.79966838278955,-5.56133265689561)
(8.65011298808695,8.27467521080582)
(-4.89999935272606,10.4601489000821)
(-10.3022603232302,-2.08627890537689)
(0.444640527850161,-10.3777418419765)
(11.0233779002235,-2.06974415282209)
(5.54428401547062,10.1288073975310)
(-7.62298949641122,7.77524866171909)
(-8.62608709693736,-5.57170162306956)
(3.95719338281024,-9.87076620826147)
(11.0998861969375,1.14370753754847)
(2.09478855549231,10.5637912237164)
(-9.24641482829577,3.84394561791314)
(-5.32069362912041,-9.16627927729490)
(8.73104254150227,-8.80880843101118)
(12.4719006287874,5.00665061727050)
(0.463575168179613,12.5617454476436)
(-9.80444285077557,3.49229251443412)
(-3.96239407593034,-8.18828319981279)
(8.25558588018097,-5.31091027022207)
(8.12682861596840,7.03378159627581)
(-3.95750002079484,9.71848399681846)
(-9.51710215542936,-1.42998751272939)
(-0.117919238632050,-9.57559436608840)
(9.98052800356899,-2.53083521087518)
(5.55561337191704,8.81718984275842)
(-6.47254773598651,7.08297808155112)
(-7.50552989752162,-5.16784634854710)
(4.46023634569043,-9.11955595960519)
(11.4554291482142,1.85130981759102)
(2.40919074762530,11.7774009820926)
(-9.91772847548962,5.64313474914303)
(-7.48475758017733,-8.11191746374952)
(6.40697132151183,-9.75268408436453)
(11.9300766428456,2.87774613606525)
(1.74857547625025,11.4820790153498)
(-8.73514927014146,4.36113233348416)
(-4.60262933237522,-6.89839120714735)
(6.83168661839213,-5.37670298596654)
(7.76533481197880,5.99536031889769)
(-3.16862459546523,9.51537724892725)
(-9.26572821825819,-0.274659510012272)
(-1.31445357796167,-8.52543263266440)
(8.49374552344941,-2.77811904590284)
(5.13815490984364,8.12992708505127)
(-6.43761301310601,7.45957981669746)
(-8.74712473546782,-4.08372727497238)
(1.85031594515739,-9.32855975641675)
(9.59086340160442,-0.459360686921909)
(2.95247156689444,9.19931516400998)
(-8.05310413609898,5.15625273775632)
(-6.90591424828657,-6.53260271811330)
(4.66889714902135,-8.38434830172148)
(9.34334939752464,2.30037484604665)
(0.180719012623500,9.45023227344724)
(-9.02373705778686,2.34624312861128)
(-4.46525678661970,-8.36691830345100)
(7.03439192907903,-6.69658693576330)
(8.33856114183613,4.77803299674922)
(-2.34693978015709,8.89196939042364)
(-8.92830505268145,-0.356309278188833)
(-1.63288924669640,-8.94446210718469)
(8.43000905624885,-3.98468904752111)
(6.07921125237845,6.97596447726219)
(-5.13689047230973,7.40394042793888)
(-8.34856588698308,-3.35625193346652)
(1.26242746854475,-9.14002542771144)
(9.24603131818449,-1.25870192432583)
(3.57815428720971,8.47054794445997)
(-7.32525832597465,5.44520001948248)
(-7.22655459036368,-5.87881236636727)
(3.67242749313510,-8.70066461517388)
(9.12623213073171,1.02467475275633)
(1.15432197604461,8.67657211721270)
(-8.17904772612457,2.91956616913341)
(-4.97163760095732,-7.46764100754327)
(5.77460275778203,-6.94078902268910)
(7.86618992833432,3.51516400210897)
(-1.72141110936556,8.05474079063431)
(-8.43551374449398,-0.119691396978178)
(-2.13862084267798,-8.59859707141039)
(7.63757813060983,-4.50397896779927)
(6.02894667583087,6.11485084928876)
(-4.83318074750129,7.31980865125463)
(-8.98304542379633,-2.86706034730553)
(-0.459612095390973,-9.54283990454160)
(7.89291313339603,-3.21173712453572)
(3.72809254315018,6.13122400731594)
(-6.37445921657435,4.09372595047994)
(-6.84883097357215,-6.54826659591920)
(3.55615565141942,-10.0196278470418)
(9.92611722007464,-1.06078187159920)
(3.35937756292690,7.35525007895564)
(-6.01640003679608,3.40440435398697)
(-4.38554726915077,-6.21030936242586)
(5.23208572452010,-6.63109666513073)
(7.81384708685419,2.86616678717922)
(-1.06212689214125,7.95348974811731)
(-8.68855459112882,0.717769435928021)
(-4.17355006906260,-8.70428267544430)
(5.68823942575867,-7.32985088961210)
(6.96007541176280,1.75356734124975)
(-0.860551099748529,4.76809685737502)
(-4.99789230014210,-1.91774477411587)
(0.753052127396774,-7.03682104409313)
(6.92148418891294,-2.27293528596422)
(3.42606941940618,4.94808156909750)
(-4.66133642071894,3.11772477377021)
(-4.85563115363721,-5.38324173015259)
(3.41308502812244,-7.69265904623305)
(7.60200336490549,-0.189992815003176)
(1.11336485308010,5.62309638011527)
(-6.30903554291263,0.400191738521322)
(-2.96709161202176,-8.58475012067026)
(7.00929771517209,-7.90621607323532)
(9.36677187622359,1.97393097517257)
(0.692935441631753,7.10739678255465)
(-6.56784346432443,0.456350891458227)
(-2.46792292496913,-8.05013504778158)
(6.17029114291363,-6.57286584351842)
(6.63834320328849,1.26674296505712)
(-0.399666826397376,2.63551647459667)
(-2.38302810746635,-4.50221290019399)
(5.40792664996996,-8.13125659264754)
(12.0075902509551,-0.671302351719424)
(6.96491606098252,8.86130108385163)
(-3.72095800867763,7.67915257084178)
(-6.05270300393429,-1.99459643281241)
(1.62735369498304,-6.31717737849143)
(6.76321247086817,-0.248452657851867)
(1.68952219456610,5.61157053970109)
(-5.24661379106543,1.67693099021055)
(-3.10336413443003,-6.07933723296782)
(4.55887353595147,-5.82079068462515)
(5.34799805686187,1.29085101823953)
(-2.04170391210253,2.48443009502603)
(-4.62858952198628,-6.37992830753222)
(5.22800515484857,-12.6744859447534)
(16.5501454604055,-4.73227597678748)
(13.9408721073875,9.97501796039718)
(-0.308611698934273,13.8003068470848)
(-8.61194788650471,3.19762691207681)
(-2.24923976162150,-6.57109671609515)
(7.28003449092717,-3.16865221780027)
(5.70322446752897,6.09411710319907)
(-3.64139900820138,6.27685979893950)
(-5.94251551837306,-2.89558402762138)
(2.44378358841840,-7.32149391916593)
(8.74327761080127,-0.159523141839565)
(3.19701381689520,7.88036092479696)
(-6.31528624368254,4.67400780985668)
(-6.18481731412189,-5.32484736085002)
(2.76510471819070,-8.11711543686051)
(7.16816608406279,-1.17711489628253)
(1.74728412709874,3.40765005355284)
(-2.88877220651916,-1.86160299775609)
(2.82578824807196,-7.90201215053940)
(11.6834510524874,-2.93725673171675)
(9.71631489693813,8.56103045118930)
(-2.43429510902932,11.0925248634081)
(-9.11209735763877,0.721044600505616)
(-1.83709376835930,-8.43404359759385)
(8.26433126534015,-4.14825543975988)
(6.42968650822673,6.35842916135590)
(-4.44298528693286,7.05197944660183)
(-8.26211662188022,-3.57988366402396)
(0.705108471270293,-10.5794577180394)
(9.75253421000054,-4.53054662259621)
(6.65573968503397,4.97332334833223)
(-2.57116999934323,3.92269219117804)
(-3.07722250540218,-5.39064167224609)
(6.58908919212733,-8.09026121921594)
(12.3651649317160,1.01032592178772)
(5.50610909881412,9.65596302628572)
(-4.59075257372737,6.11267208010118)
(-4.21953512134629,-3.89574354486687)
(4.90285383561801,-5.95266688694337)
(8.84691348477845,2.06622630753555)
(2.13481690909563,7.66346006526756)
(-4.85699450705308,2.63318347668684)
(-1.89390097208053,-5.27329631545848)
(6.22293919688091,-4.58167780813602)
(7.62664293701084,2.93098223982645)
(1.28469091051082,5.77536639026852)
(-2.23341895185057,0.514425329019636)
