134032020307222475497920429.
0.040000000000000001
(0.114212895845189,0.223080430931188)
(-0.208474103303838,0.146388572551895)
(-0.283604977528361,-0.186110279981823)
(-0.0145296041482793,-0.345893703958905)
(0.190601047751647,-0.0728666894813386)
(-0.109144421890204,0.308221695435748)
(-0.765513659574498,0.183168733081210)
(-1.05352295688894,-0.591284950570519)
(-0.435120091825573,-1.33051345307779)
(0.700058357043035,-1.08641267891954)
(1.17594941345515,0.344118882924854)
(0.0378810440635949,1.99116863658371)
(-2.49809199896356,2.36231449964752)
(-5.05185364535418,0.618597864621107)
(-6.02807465381724,-2.75393980901553)
(-4.67112148173376,-6.27632560581656)
(-1.43784127792027,-8.41291190058359)
(2.39271696333795,-8.35615684749789)
(5.40822371786842,-6.27034290647258)
(6.63588868146895,-3.10123984530596)
(5.89358662798799,-0.163352972530959)
(3.88433997305691,1.42648441388836)
(1.87687521534976,1.34208532724951)
(0.946264134016912,0.276187464536375)
(1.21910197161762,-0.554410089375201)
(1.81617679297766,-0.397289563814154)
(1.69021050166027,0.396277485756842)
(0.653472049672181,0.757008405740864)
(-0.425769073922256,0.00727521086503930)
(-0.505683431024519,-1.40835081351487)
(0.554999011403318,-2.34555448100144)
(1.85718069058370,-2.10210519116506)
(2.38753303215803,-1.06610537124082)
(1.98612964990835,-0.209668098328613)
(1.32459371601615,-0.0533078531828718)
(1.02127093766792,-0.277035169221579)
(0.991773734793936,-0.334329660418716)
(0.774159029308856,-0.217447590344538)
(0.322174212150861,-0.386970670326101)
(0.165083900553753,-0.986094139647205)
(0.658396031450330,-1.43539261383162)
(1.29742422743835,-1.07447225310341)
(1.12269902429477,-0.133991754190795)
(-0.0982656123851479,0.278890335523477)
(-1.37331364258680,-0.596241506133261)
(-1.51946978277604,-2.12479412446235)
(-0.700668592640940,-2.87165141370451)
(-0.516160565151193,-2.46692284977956)
(-2.09435221158934,-2.59565979562158)
(-4.08307425298423,-5.51562157157969)
(-3.08012125218905,-11.1794390233995)
(3.22909418063349,-16.0201054792948)
(13.0382346422245,-15.2877174583881)
(20.8010583259395,-7.29838475386456)
(21.3156883119505,4.36769076718623)
(14.0758592733158,13.1489066147146)
(3.86055199944576,14.5372566778312)
(-3.10455827085201,9.42753351805650)
(-3.97479030878407,2.85448762659670)
(-0.850502156027990,-0.514962742031629)
(1.95611803742351,0.0897965160534985)
(1.99959313731346,1.94225224394067)
(0.295698773135830,2.16994292923106)
(-0.581433818512306,0.494756587702309)
(0.518935026474245,-1.09251390382722)
(2.33682775774373,-0.862364747882531)
(2.85761927022386,0.797089594353019)
(1.53910454873293,1.97402606955967)
(-0.237935100502584,1.33712318809701)
(-0.723260431240906,-0.584882582420411)
(0.474425530785471,-2.12977837871812)
(2.23474657619563,-2.22735224972984)
(3.25790034088139,-1.25619082199485)
(3.30593659071122,-0.323558528030594)
(3.11404020094109,0.0265767815557047)
(3.29260535493046,0.236840672764038)
(3.55317969290495,0.965163555069000)
(3.08583064342332,2.10483244343828)
(1.60239193337426,2.71548103539341)
(-0.120947318543742,1.94097137130464)
(-0.796794839180110,-0.0444264753283114)
(0.252913816648996,-2.01776031339268)
(2.46507793013668,-2.64535706452615)
(4.44872611811486,-1.52613049611071)
(5.04695390975176,0.546686614525559)
(4.13929045259800,2.25866273998863)
(2.58255547790410,2.75860429960609)
(1.44604246071185,2.15908347033020)
(1.22958981844493,1.24562189190592)
(1.66463509182217,0.753808232624772)
(2.13900918150825,0.860413235702433)
(2.26875432462513,1.25010439360916)
(2.09962279267446,1.56276330113187)
(1.85240364283616,1.71668420195441)
(1.59013117073113,1.81537716684119)
(1.21310756556436,1.84187863875368)
(0.756778510908301,1.58585328160109)
(0.560060911912840,0.952242473896851)
(0.981818093797383,0.282701617257043)
(1.90026977660526,0.201805469474368)
(2.60356716071444,1.00007776112872)
(2.35854424775980,2.17575188259213)
(1.18348221191311,2.73728995108932)
(-0.00921194718052128,2.11324961019955)
(-0.185516649561789,0.788058346874114)
(0.808259646673056,-0.0615363369815765)
(2.04077083499061,0.337210947392016)
(2.36321831263350,1.60180613623185)
(1.50791021139554,2.57553090458646)
(0.297801075842516,2.46996983325058)
(-0.240570409826654,1.59130845614825)
(0.0869882854446517,0.910974255542618)
(0.550248667367230,0.977721839619317)
(0.402987708292716,1.36362234179773)
(-0.238725567275160,1.22814870726366)
(-0.523938135184708,0.344913653944782)
(0.151942564363215,-0.565742261614091)
(1.40817070642512,-0.574370756444634)
(2.20186259559048,0.456287298158754)
(1.86551860903044,1.69008430006230)
(0.752754254529372,2.13466673761659)
(-0.155519226328383,1.57531061952428)
(-0.213412327416462,0.678494865614235)
(0.368901246155074,0.251247458374032)
(0.890132678646219,0.496987774739458)
(0.897987970138111,0.987344470209134)
(0.509061439784217,1.22129793878257)
(0.107180459063400,1.07627354478580)
(-0.0907392556704098,0.737191178435476)
(-0.103155557658489,0.361410015357235)
(0.0514400759600072,-0.0336690679661547)
(0.463971314825893,-0.381817937191485)
(1.14094510774733,-0.442578221305102)
(1.80744699904131,-0.000920754919484833)
(2.05304585724770,0.828162993057613)
(1.71699870376165,1.61006877765265)
(1.05914512356983,1.96929874443129)
(0.488208610584791,1.91769328574560)
(0.155342477540112,1.75021438829259)
(-0.109388157628493,1.64748008992096)
(-0.464777077748433,1.48231282212961)
(-0.773693296145782,1.06474840009396)
(-0.748348107820391,0.495967771105623)
(-0.354089826638100,0.147477262308559)
(0.0547145683210944,0.248413819481631)
(0.0856245034020804,0.579476475371126)
(-0.245077581441966,0.680254716565795)
(-0.514972538100649,0.361876355214641)
(-0.373837636467074,-0.0751265820619537)
(0.0535125002002513,-0.188812373580770)
(0.317661007054252,0.0916413384752803)
(0.171954634794352,0.393581078998467)
(-0.150546490647296,0.350247465285151)
(-0.235601984902281,0.0287610337630312)
(0.00783000893559106,-0.175662824639898)
(0.251956325745577,-0.0404885968856466)
(0.174233484114332,0.207074348803040)
(-0.125963326878137,0.178009048530169)
(-0.236726874471794,-0.180777222562327)
(0.0592920105139474,-0.496214261323434)
(0.501794115912847,-0.406679914604750)
(0.647048453988949,0.00173957192390680)
(0.387296952734504,0.293588288900280)
(0.0653474623195329,0.199322622792655)
(0.0481934020099312,-0.0795742092054200)
(0.285354091201234,-0.143584109571170)
(0.393266257435410,0.0974169089601068)
(0.154782369382905,0.313674660608800)
(-0.193370243496887,0.179104751069292)
(-0.250400682564818,-0.202185260257042)
(0.0383044438953461,-0.408686676542292)
(0.293978169070760,-0.226179478843053)
(0.167260093593887,0.0682315356900506)
(-0.213327466034450,0.0337068134675533)
(-0.375232027682182,-0.381786923017533)
(-0.0762810482902295,-0.749294330659948)
(0.380323339293697,-0.662782426857141)
(0.493686175546411,-0.234745825683135)
(0.166654220616675,0.0341197081175019)
(-0.181934302069182,-0.129214492880448)
(-0.157101004355505,-0.424956224559949)
(0.0697864161238491,-0.363274659483202)
(-0.0869590543784230,0.0538970237004256)
(-0.897397945806234,0.189700338536068)
(-1.84668050434148,-0.586715925717564)
(-2.01838300236881,-2.15180616758492)
(-0.966920533231693,-3.61364149997084)
(0.843069090925059,-4.07367653832837)
(2.46923649372957,-3.36334982283416)
(3.28512375101089,-2.03205906019539)
(3.30643227941208,-0.728068887026001)
(2.85092905623657,0.272100911711274)
(2.09977509260046,0.950274650536753)
(1.11456993310074,1.19706202544134)
(0.159985094692351,0.818949825043465)
(-0.266511619178855,-0.0763235066566512)
(0.104697846831169,-0.903897941951361)
(0.898872628755280,-1.03625574217826)
(1.34032490621130,-0.454500193364191)
(1.01560114375542,0.168052035027736)
(0.321682959901300,0.152517871350268)
(0.0343371515710162,-0.445991829883371)
(0.427607340856528,-0.901375740958576)
(0.938122407381626,-0.657182897763888)
(0.790695252846476,-0.0114224797901321)
(-0.0892598821655439,0.149940816886113)
(-0.899072167874752,-0.691917815269323)
(-0.733453580962741,-2.08186019272930)
(0.514974650684341,-2.98113657262525)
(2.05733876217769,-2.71896020448960)
(2.94025752961837,-1.52335316551657)
(2.79899079432565,-0.195059417992475)
(1.95148868087289,0.592994462835922)
(0.959295058189467,0.651856982181293)
(0.247915971415574,0.145175519034140)
(0.0513399630114533,-0.626430246692684)
(0.421466397713665,-1.26525577291502)
(1.08816051082488,-1.36137538598517)
(1.44066886119333,-0.850226368781871)
(0.991081453912443,-0.317989947333125)
(0.0466497867871451,-0.656707030325891)
(-0.256093376822562,-2.10332046710169)
(1.04617028744997,-3.63053504660472)
(3.53269309014747,-3.62427145140486)
(5.38284883900475,-1.48289111837980)
(4.92559163763021,1.46511081598758)
(2.37268522373241,2.92581690485593)
(-0.135010037157979,1.77934262129129)
(-0.457270118188690,-0.736216000487838)
(1.47522919574627,-2.14174234415895)
(3.59813255759915,-1.12067892459010)
(3.78990719894214,1.23479527514000)
(1.95689016611105,2.62799668512085)
(-0.0290714230822574,1.92427497257863)
(-0.396037729390943,0.176409333756222)
(0.731720832643915,-0.696458063516419)
(1.69745970098449,-0.0232186879114806)
(1.29088724173663,1.04832187963385)
(0.0524060716567578,1.03921647035945)
(-0.510552843784838,-0.121737449907130)
(0.226713318112981,-1.10774665722937)
(1.29260430638973,-0.855417761002848)
(1.34652290823072,0.141066235789697)
(0.344907026301294,0.447281291530138)
(-0.370118891347824,-0.525472286760978)
(0.297904595210116,-1.71715796507218)
(1.77080118791643,-1.62000218415323)
(2.31942737260394,-0.137305159646210)
(1.04476147929819,1.09216494350982)
(-0.919589415884629,0.402146891418332)
(-1.43022719992938,-1.99103201262893)
(0.434406443338443,-4.01568878142474)
(3.32508685339373,-3.76380567153954)
(4.89727235072846,-1.39269158525304)
(4.07394505404531,1.06371978554269)
(1.96605694474829,1.71091751576771)
(0.619164035322359,0.513130846955506)
(1.01872912946733,-0.945028812089243)
(2.38444659868343,-1.18556336706282)
(3.24563310324530,-0.159637308658707)
(2.94603859187485,1.04460580892653)
(2.02790022728275,1.50424134834917)
(1.36385673282708,1.26919163186997)
(1.20598060063164,0.983132116497664)
(1.15242259539303,1.00583101540688)
(0.834195956928477,1.09995726777977)
(0.382575950291866,0.892211835303912)
(0.185085209935942,0.402929837623073)
(0.357726902989920,-0.00166023043108631)
(0.620907074673601,-0.0837467084070333)
(0.674928206779453,0.00366042431117613)
(0.554742731980555,-0.0402651880584963)
(0.534857818664540,-0.270113265948647)
(0.747632248196278,-0.443894815030691)
(1.00329809156718,-0.345738199852552)
(1.01116905297230,-0.0674476881731369)
(0.718228600350177,0.0752898099379961)
(0.381660451871059,-0.125245947282774)
(0.319804115371883,-0.552805084540052)
(0.607517164007521,-0.863468187300421)
(0.981771021279489,-0.783437022346802)
(1.01395492943323,-0.372766278421525)
(0.442727795430428,-0.0820833221024626)
(-0.509975944324802,-0.522636191679191)
(-1.07801562862286,-1.99065266239691)
(-0.348237321663493,-4.01632548020283)
(1.99329316093759,-5.38893799288496)
(5.12838569318091,-4.88786094544658)
(7.41553670615233,-2.29759517370879)
(7.52403885977011,1.19631016798154)
(5.50418509415096,3.76616293934634)
(2.76995982784380,4.32469941509894)
(0.918712029891436,3.29142606571426)
(0.469640928384796,2.02049818541960)
(0.705635007305951,1.48885143181995)
(0.657962021900058,1.56672477339332)
(0.106237550061477,1.49875532112553)
(-0.422083262786917,0.889899517798776)
(-0.444110548436125,0.0468514057919677)
(-0.0382163202999446,-0.558262131231272)
(0.466045152551201,-0.842175307770594)
(1.00822260424758,-0.937578859212336)
(1.66240807509190,-0.684880981041343)
(2.02926367375959,0.238189151464472)
(1.25553323356729,1.47583009094925)
(-0.867538297393449,1.65265178336839)
(-2.91239802884629,-0.476116747303201)
(-2.56476208010581,-4.25372157369672)
(1.04177509190482,-6.92093770825840)
(5.79581127401705,-5.91614849162171)
(8.05941946556919,-1.69073494235301)
(6.21672016390348,2.17225728785680)
(2.68827080737766,2.30986934577789)
(1.80068924379463,-0.741465386325450)
(5.20705920281366,-2.64896695057240)
(9.62620870519581,0.365429561495647)
(9.73864952942217,7.18392179229599)
(3.68517874518493,12.2419233989342)
(-4.52511085424123,10.7850731542483)
(-8.53040033804440,3.72475388463389)
(-5.71449922363963,-3.03804918574198)
(0.354059037704409,-4.30617320097106)
(3.67921582450480,-0.476491068307138)
(1.83081249290844,3.37563938082052)
(-2.07797367596894,3.05425034739303)
(-3.26468016133849,-0.578302008004901)
(-0.550522262191218,-3.11086335848034)
(2.70532464000933,-1.77955717483463)
(2.74092839028269,1.55205523882384)
(-0.285504391714643,2.79596517471969)
(-2.64882231351796,0.454115841135845)
(-1.49538911083848,-2.71865963881392)
(1.83279270840983,-3.00865623797768)
(3.37972666890997,-0.108758678578104)
(1.18098666440280,2.46862354369696)
(-2.39570434253881,1.36769414078850)
(-3.20721242008625,-2.78565699528704)
(0.134255670215967,-5.98667986944302)
(4.79425590168296,-5.11494914184622)
(6.78285418321591,-1.09196981158540)
(5.00761900658513,2.37303621235050)
(1.95142602792321,2.75547060144728)
(0.631897161856352,0.942435396809245)
(1.53131230295369,-0.390001611761063)
(2.75375297628350,0.0688851170923622)
(2.68334306839949,1.24626987742991)
(1.74083934695272,1.54646342895880)
(1.37861746751397,0.935089829967149)
(1.96862999510472,0.711675008392460)
(2.36730405716401,1.56430725731773)
(1.55421273134436,2.58077064393756)
(0.0612037993214478,2.45555064710667)
(-0.693850799028978,1.21240799781461)
(-0.237582008040099,0.141129538891857)
(0.427266420296750,0.0529662643198994)
(0.317724440991316,0.219395286693625)
(-0.0203039873252748,-0.504146513344055)
(0.856760068808218,-1.79738180277563)
(3.14289024473887,-1.85495542715994)
(4.92894924792369,0.411952625117428)
(4.09063593763319,3.58312238940630)
(0.915223419273372,4.83016833165218)
(-1.78990752029346,2.98825169870113)
(-1.59655578152823,0.0582639537877840)
(0.814934651976072,-0.848992097811637)
(2.35133149690677,1.02652375613422)
(1.00854394215344,3.21475684910613)
(-1.80340975289284,2.85337494876298)
(-2.86809501121592,0.0337081730113187)
(-0.909735985377994,-2.25321506110183)
(1.87576040323214,-1.56999730768519)
(2.33563371036219,1.11494104736162)
(0.0199137645287935,2.52752059597074)
(-2.28933284454559,0.883938143125733)
(-1.80850535213147,-2.04290730131210)
(1.02819054039279,-2.99249695609232)
(3.10314595198123,-0.986355955004058)
(2.23264339926496,1.59503839255546)
(-0.380107453351602,1.81514785923865)
(-1.64823110594223,-0.486092475400659)
(-0.166439846888139,-2.68770167811338)
(2.37887622766964,-2.53907211439254)
(3.44852074788199,-0.613480775675709)
(2.64789489073891,0.760269074630512)
(1.84413738624037,0.546847869400650)
(2.45020962634153,0.158761974516049)
(3.44108917825026,1.33638252824135)
(2.68225911332976,3.54614172047653)
(-0.0888131298606091,4.33500366590010)
(-2.48642321919957,2.36220667280038)
(-2.11143047710963,-0.650802887972033)
(0.498270019036311,-1.65789462704505)
(2.29451566701173,0.185769191182950)
(1.21238336942276,2.45582754315713)
(-1.38533139348161,2.27379627718098)
(-2.31518488705706,-0.268554210582033)
(-0.396112288704728,-2.20324124453671)
(2.09480582824650,-1.26130747927265)
(2.14939660005317,1.34367172780047)
(-0.297430259640872,2.33025497310542)
(-2.20940863108010,0.328452993483707)
(-1.08392464388996,-2.37530920417183)
(1.96238554878124,-2.51387521398119)
(3.43250833351783,0.214902935648786)
(1.60894039068914,2.70145158066251)
(-1.35103587733594,2.09490984398221)
(-1.96287739074447,-0.779295221312990)
(0.404825280636036,-2.39823148944692)
(2.76046266640102,-0.793887145594960)
(2.11258043413281,2.03871326180116)
(-0.858606136748819,2.53658442081846)
(-2.56062420622812,-0.0730995831222442)
(-0.839824696025264,-2.73987660074142)
(2.31537038929723,-2.22257671657424)
(3.06583197003120,0.933639204931873)
(0.347032121695528,2.91813441767022)
(-2.73273505505915,1.16081905987328)
(-2.49437043415613,-2.53220306599883)
(0.942459563269431,-4.02018875377542)
(3.74824040761062,-1.68282184646856)
(2.86866554043889,1.67875103976522)
(-0.418095473488711,2.16440952825915)
(-2.09159066408660,-0.648994929282676)
(-0.177091233162647,-3.32698825053966)
(3.02569198165655,-2.76869776706523)
(3.88066119148858,0.148393567324972)
(1.84861527071037,1.85199183085002)
(-0.0245755511331153,0.608943348602505)
(0.894423631519567,-1.34562228633166)
(3.36981634853828,-0.743639879914679)
(3.77271826608699,2.37609341585376)
(0.751055519229003,4.42881369529708)
(-2.74170620289984,2.63643895939628)
(-2.79108255274604,-1.32539979057317)
(0.675279544453281,-3.03979585267507)
(3.55831156366166,-0.580517998000272)
(2.37081631997292,3.04770996236230)
(-1.53169088919939,3.39112545571012)
(-3.48112690669491,-0.0944788280833865)
(-1.10216038168512,-3.30326147999818)
(2.74566906649380,-2.39370146025945)
(3.35895220503711,1.50843903648322)
(-0.0824896574500625,3.58715670064001)
(-3.42456115905848,1.17421397706771)
(-2.54275267062378,-2.91568330871600)
(1.56397663181474,-3.72662344351075)
(3.87295819703832,-0.239071196954104)
(1.45063196640232,3.25023473556436)
(-2.83612855707088,2.29791189005420)
(-3.68894484314620,-2.16412648460371)
(0.112786810534965,-4.79703684935033)
(4.03907696965698,-2.34466359039248)
(3.23944534202382,2.22039777747738)
(-1.40210603316645,3.15502224524304)
(-4.11389250500403,-0.978552649334615)
(-1.24471522033271,-5.29015720799086)
(4.02459403412556,-4.36912508800172)
(5.27971859357319,0.930579668035587)
(0.745664617062001,4.15826676466807)
(-4.15003140401831,0.992278925314624)
(-3.04442156367996,-5.17623795353204)
(3.50153984043733,-6.87403095277210)
(8.17894939297679,-1.46737865771861)
(5.40454860093002,5.29772384134911)
(-1.83006359722970,5.77753427802527)
(-5.17838123884858,-0.462984670236064)
(-0.777925847075935,-5.88161009579269)
(5.97130252602479,-3.81472662363791)
(6.69407980739268,3.43220311285698)
(0.149507124067105,7.13346677782772)
(-6.02600111957671,2.60697724511296)
(-4.37582090501523,-4.90756359249559)
(3.21242112209092,-6.32721324479352)
(7.48212123393278,0.240464499881079)
(2.94056375079079,6.88456130502075)
(-5.19119700918152,5.27544767072442)
(-6.98459069370266,-3.01662628439885)
(0.0632015578551273,-8.00284070269108)
(7.52015501828985,-3.30815214776603)
(5.95775619471858,5.64528854659977)
(-3.27801399239599,7.71717912655687)
(-9.03597065024686,-0.326753045053109)
(-3.68067626252530,-9.17051659852301)
(7.03398693383192,-7.69556910879688)
(10.1150966044646,3.20698401495888)
(1.01146561189510,10.7730253454264)
(-10.0041443778182,5.34078017532839)
(-9.42357347003840,-7.33392106556468)
(2.93236867626943,-11.9525749832542)
(12.5547656168373,-1.89533105891578)
(7.00406002107373,11.8281704468774)
(-8.52951354903973,12.7467573684605)
(-16.2532896716027,-1.15720331260941)
(-6.83910905630130,-13.8691889495936)
(8.33269486138814,-9.93425572671312)
(9.83721504075892,6.04211873721847)
(-5.73894273558672,13.3946352750996)
(-19.5327770250935,0.339782829520050)
(-11.9945203633290,-19.3281586985043)
(11.4863065938793,-20.1469706249199)
(23.0065335015819,3.75694095333590)
(4.02363317288773,27.0961715244014)
(-28.6755787971843,19.6221308582078)
(-36.7628059939314,-15.9457511098587)
(-4.52088183290150,-39.3508716365213)
(34.7738935259393,-14.1174523316646)
(25.8553456251960,45.4311845320443)
(-48.7220608323022,75.5001448836401)
(-137.431259648105,20.4890660902450)
(-156.303163874595,-106.168500435069)
(-64.5362752385022,-221.333570128753)
(92.8667602654524,-238.675875467279)
(218.910762718328,-141.984315482908)
(244.339862436853,3.65439794536884)
(178.541573443928,111.298481079782)
(87.4590549883000,142.906565611489)
(27.0816619246602,125.696927738812)
(0.729081936143656,107.215695054078)
(-23.2377731027749,102.786143238133)
(-62.0245539182214,89.4354957608185)
(-95.0564575614418,45.1447144535684)
(-89.7467908226405,-16.1630621377924)
(-43.1867431562223,-54.2465611536477)
(9.14963875923056,-44.5834750833932)
(27.4908355523635,-4.80852786271935)
(6.63148289293887,23.4819491481218)
(-22.2121592383130,16.7392071425948)
(-26.4711702084427,-10.1305310700087)
(-4.84426990387122,-24.4875577767131)
(16.2233277666142,-12.2609497970028)
(14.5641750604682,9.90458030846281)
(-4.40018043346698,16.7434002229845)
(-17.0583783279380,3.01648817790466)
(-9.77712150329147,-13.1406785260005)
(7.13863961592546,-13.0439385866766)
(13.6266043749986,1.58707835632748)
(3.49518784371810,12.7131972707412)
(-9.94079114900013,8.04319575196278)
(-10.8664134475798,-5.52017524106413)
(0.736210785110985,-11.5146569795987)
(10.4520517498798,-3.63275513547434)
(7.23455410574890,7.87672178976138)
(-4.12015713241777,9.37552865315786)
(-9.75781909148134,-0.126025252558286)
(-3.50463349240957,-8.78268371950989)
(6.53990046214421,-6.61122991926760)
(8.45564391607378,3.04715864245167)
(0.640949707534156,8.37702672095166)
(-7.07344886587576,3.45395673016076)
(-5.72157555717710,-5.29445196633268)
(2.40398929275400,-7.53932188085067)
(7.33527403757153,-1.47012286550894)
(3.83322767095425,4.73745753111178)
(-2.67038567397673,3.46376810095546)
(-3.33380588397617,-3.09140587531536)
(3.01824044049044,-6.01658452592905)
(8.56457429175969,-0.915141030491218)
(6.22403066564056,6.63161079130666)
(-1.62032506591060,7.87435463940073)
(-5.97140126966759,1.51632078159993)
(-2.04292685693949,-4.73643425235169)
(5.05741924850653,-3.44429274987182)
(6.51947414052855,3.71396663844762)
(0.342836805320678,8.04790366558753)
(-6.37962171286773,4.23514174997484)
(-5.94772402946699,-3.46017751731508)
(0.930798419132571,-6.36498228484440)
(6.19895979825209,-1.59489656076331)
(4.04303812659749,4.82392401209130)
(-2.48704742751548,5.31968010769488)
(-5.45316830564649,-0.374999729415102)
(-1.51841500401230,-5.29455214254970)
(4.39939521402912,-3.76296994265092)
(5.33831016318190,2.01397926844246)
(0.611428670616572,4.96409485472621)
(-3.69168635256661,1.78758056196126)
(-2.29203339396058,-3.26607209429029)
(2.95094726757682,-3.79522297036795)
(5.48699302885935,0.949386457293754)
(2.09595475573781,5.27013668112338)
(-3.28218810317061,3.99460870095534)
(-4.38693905296078,-1.33467492669977)
(-0.142772552258870,-4.43711818300038)
(4.20098482082295,-1.87263439957745)
(3.49247731577445,2.96442922984892)
(-1.19808310455370,4.10428499051218)
(-4.04965297992180,0.210420502058204)
(-1.59712983543821,-3.94676503839696)
(3.16532416016363,-3.36166353184494)
(4.51411947126214,1.19612074859166)
(0.905535719700519,4.22447701182744)
(-3.27620278607754,2.16709367935597)
(-3.09896261897157,-2.39531174717318)
(1.01539247163485,-3.99491641738880)
(3.94259187694381,-0.902323424724792)
(2.12942547810434,2.88408836563127)
(-2.15181736328421,2.56519386094628)
(-3.62164559774989,-1.66687045821329)
(-0.359494706726771,-4.92507616987608)
(3.97479984753321,-3.52388157899748)
(4.62112337156922,0.702684239621154)
(1.37607980540696,2.78102943042037)
(-1.37494800946862,0.647771450277783)
(-0.139277811227937,-2.49180699723825)
(3.43136362221009,-2.25114889292798)
(4.64459962148405,1.48198301292005)
(1.58154286990376,4.37067365380724)
(-2.48368334064254,2.90298031691865)
(-2.98359466457970,-1.31866847491568)
(0.467552624496565,-3.46629118451883)
(3.63768304588476,-1.25026576437473)
(2.77520207415641,2.39891700796081)
(-0.924516834475890,2.92607040654675)
(-2.83738589275410,-0.350658181141356)
(-0.530956992141335,-3.45652002554433)
(3.30050848319403,-2.58671792295140)
(4.08700185436695,1.30111036045971)
(0.869666168531743,3.63698826028752)
(-2.56894132127016,1.70762561465156)
(-2.24606840676772,-2.13561512746834)
(1.28830552127545,-3.34037506023500)
(3.67721200037842,-0.606280971252995)
(2.01374314483883,2.60545424866721)
(-1.68878391457640,2.25940787511609)
(-2.92397311962674,-1.42210661323982)
(-0.0588999021639476,-4.23227316172408)
(3.76157461099393,-2.96086458940565)
(4.36068950213440,0.884201963744991)
(1.38706759353531,2.97058481305862)
(-1.46091535104090,1.26884030878098)
(-0.960239847146346,-1.72588239077752)
(1.87017964163472,-2.20191147822751)
(3.20824109387561,0.325665779684755)
(1.19379976898350,2.52949590753287)
(-1.78999854141796,1.42337328275656)
(-2.02882593040901,-1.93873196920212)
(0.991255619206462,-3.68088904522210)
(3.90415137751664,-1.74088881021535)
(3.43202861986248,1.65289266897483)
(0.243120860262709,2.60079548734079)
(-1.86407734967261,0.0946202831810970)
(-0.414060047691985,-2.86917564906215)
(2.94159823280828,-2.84178803311584)
(4.47038146819587,0.138267784458225)
(2.68221590950301,2.79021109376304)
(-0.180011224347913,2.51738242892193)
(-1.02923906588322,0.248543615276445)
(0.458622253393266,-1.03101829886970)
(1.80253402677344,-0.0189906128136800)
(1.03224287028816,1.50241531680778)
(-0.857721667627765,1.14379059855402)
(-1.27835001097042,-0.971565616137235)
(0.595244624183647,-2.33446301326508)
(2.70395692728544,-1.19611297825260)
(2.59361659995457,1.21701902249897)
(0.404788816314482,2.15853498983271)
(-1.32250198631351,0.667748503036334)
(-0.752659993590508,-1.34794938227985)
(1.08001940573767,-1.54370164026910)
(1.68776336763166,-0.0327240794248420)
(0.322601235872020,0.841535469894966)
(-1.04838622956735,-0.448925443794889)
(-0.221116932287611,-2.56462152358689)
(2.37655348523284,-2.84116202084525)
(4.01881120009319,-0.582537694221247)
(2.89886829734592,1.95006870525361)
(0.337035909023851,2.14207254356873)
(-0.746385581728936,0.118861976860553)
(0.701217248484686,-1.42152307378564)
(2.63176877134333,-0.465156014136251)
(2.39664947034241,1.88827096852123)
(-0.0300223904884888,2.75574051372351)
(-1.99311421340101,0.957141651151543)
(-1.33060041600949,-1.54700417170021)
(1.04918519756623,-1.99129928245019)
(2.28045053910201,-0.0873865022466841)
(0.974112724256389,1.69507278631093)
(-1.17727329508153,1.14877481257820)
(-1.52773372111199,-1.02859970097056)
(0.281212192350903,-2.15203512786492)
(1.90374053040431,-0.872814068616326)
(1.17722902449996,1.14670079079694)
(-1.21129986324940,1.22917187504035)
(-2.50590279611859,-1.08891516029298)
(-1.13672841359881,-3.49626981990980)
(1.49140438270465,-3.64016077698737)
(2.77026940341819,-1.80096696393972)
(1.96289819121788,-0.316084025335943)
(0.815558964676333,-0.606310604120745)
(1.08477800064753,-1.57157258825987)
(2.22185600516235,-1.31487621599972)
(2.21921425008370,0.106786468150532)
(0.550048640134209,0.569874197451526)
(-0.680700973252197,-1.25344755608180)
(0.835837535007419,-3.66065843041163)
(4.38990759273594,-3.44557059261223)
(6.38941964548354,0.245997373723207)
(4.19672124910843,4.33327076993597)
(-0.600251948374758,4.77422951582111)
(-3.49904305892119,1.02923820379748)
(-1.84537813393792,-3.10846539459984)
(2.22717363858491,-3.51360672874112)
(4.10884968897852,-0.213517597951581)
(1.79621188858328,2.69392610124050)
(-1.93365133888958,1.63768099182708)
(-2.67496856233385,-2.47089748178685)
(0.724039479117893,-5.31806764323441)
(5.01092915450710,-3.96261702897487)
(6.22410718432129,0.123209552363681)
(3.88446923202121,2.99623035438205)
(1.02642427225913,2.65970576495406)
(0.401892665641930,0.835067119707530)
(1.50716245921608,0.355629103923280)
(1.76917435315282,1.62365880818252)
(0.101526250770975,2.40889330959063)
(-1.67571753072152,0.991010868091881)
(-1.23396929742756,-1.42811135968331)
(1.14005782070344,-2.09655144780708)
(2.66707301975723,-0.172086992780667)
(1.38698064625929,2.05242728329414)
(-1.37382636112418,1.77464468299763)
(-2.46081835834471,-0.953704506836071)
(-0.606820973456098,-3.21661492276339)
(2.05032029746312,-2.66389503577738)
(2.51412897998864,-0.298587875535448)
(0.523045311818023,0.741502103638348)
(-1.12225986585794,-1.01696469482611)
(0.0744446997616418,-3.54671906294611)
(3.24826636518439,-3.67431632401598)
(5.08950652821068,-0.849425289635779)
(3.66930999940118,2.15111583148460)
(0.644715939635467,2.42067902851350)
(-0.746198714073422,0.218996661919848)
(0.533791430584111,-1.52214622363682)
(2.28296176169611,-0.813589365376753)
(1.94523428343156,1.05479837727822)
(-0.151194240000168,1.27118495873473)
(-1.19797558642149,-0.826808668531308)
(0.487144034150837,-2.72584403120984)
(3.06876886940923,-1.75933432763309)
(3.10776827480576,1.37910612386736)
(-0.278257597855783,2.97891470611477)
(-3.92524975916184,0.404481814179587)
(-3.78761244507608,-4.68062475009592)
(0.653555482646008,-7.76970072069646)
(5.70470793296787,-6.17267996631094)
(7.30590608655292,-1.73369582029621)
(5.12914596382558,1.34014240556289)
(2.47210726611930,0.980110589130278)
(2.33569902679041,-0.939433322815423)
(4.27728712515211,-1.23292414441223)
(5.43327234521771,0.857675646499730)
(4.13390290865913,3.12157230804713)
(1.70877765704956,3.31902039419076)
(0.559693099293352,1.81876126723577)
(1.15267783789866,0.812735922861438)
(1.70150670581569,1.34904938935938)
(0.776694022473837,2.05782494074899)
(-0.642394874847800,1.17515901519512)
(-0.424225239863639,-0.807745197681810)
(1.67414906599076,-1.45046402555412)
(3.18059649415598,0.496580100125104)
(1.72114306166703,3.02581255765276)
(-1.75129297090458,2.82164015345996)
(-3.50006688567566,-0.697302999795906)
(-1.23024476405045,-4.12446005974696)
(2.76889270049501,-3.64126009354565)
(3.65993992244098,0.259176293345662)
(-0.386260329385996,2.50800887200347)
(-5.22429586312228,-1.30651755907200)
(-4.24139272593368,-9.48092971783659)
(4.70502269958725,-14.6863284345928)
(16.1012332518560,-10.6254276579611)
(21.0940170036712,1.56271970380353)
(15.4280931762432,13.6992876762260)
(3.30435298683378,17.5987318910213)
(-6.50842531917744,11.9811200271389)
(-8.33947458677076,2.82096489413613)
(-3.72301295549051,-2.64611888050739)
(1.35507056978376,-2.06886445472130)
(2.53215694772341,1.30415375302029)
(0.333406476562227,2.99598872143465)
(-1.79571649403779,1.67047416984388)
(-1.64118945194753,-0.610408120774946)
(-0.0125478431498444,-1.49346234612578)
(1.03058874269560,-0.864454777868199)
(0.801899770621386,-0.317215898210498)
(0.431751070129726,-0.849369287081699)
(1.09714767790022,-1.74531596568139)
(2.49995248156421,-1.72204985286268)
(3.36745238246153,-0.625952844349099)
(3.12140567761226,0.446020882230580)
(2.55717247942936,0.605397876854767)
(2.75410041562949,0.305737693831094)
(3.63038244415261,0.755497032253063)
(3.92841010179177,2.34993168003820)
(2.66275847283997,4.01539411230700)
(0.346760495914348,4.25594725782356)
(-1.40059209395883,2.72893399323342)
(-1.42221769838822,0.623164280601730)
(-0.0733065257230218,-0.509235297633075)
(1.26934571887684,-0.166348541571580)
(1.57688328416825,0.864294574124672)
(0.955932117088184,1.48717688758306)
(0.214133410873985,1.31859047722271)
(-0.0882367057365707,0.750698128626313)
(-0.0210533914988638,0.253122930279156)
(0.137165855062570,-0.136377901132871)
(0.421477223528261,-0.600589584283220)
(1.11296923319957,-1.02667650559826)
(2.20972519127317,-0.931489308532208)
(3.15470536839729,0.0207565437816303)
(3.23526558989169,1.50945026118516)
(2.27379486073937,2.68839953324432)
(0.865968369619637,2.88892264533942)
(-0.116021947904405,2.19702023590902)
(-0.273261122553755,1.32465786464209)
(0.0523304298565274,0.915975170427722)
(0.225407229109214,0.988710573211276)
(-0.00820418074486147,1.04643492507916)
(-0.311947764740184,0.699398879835408)
(-0.202956477489456,0.119305033776643)
(0.349630478482689,-0.156401665262586)
(0.838693781016057,0.143997514604665)
(0.767405466444278,0.662385352488140)
(0.244213932220653,0.761009094033997)
(-0.0746045909388720,0.253412254395540)
(0.282036215458271,-0.307324136074340)
(0.969123018529071,-0.208664311928382)
(1.09462574452313,0.514392542519408)
(0.262745985087017,0.895902610329012)
(-0.700915986638601,-0.00590691112592258)
(-0.317283261297976,-1.86726358522132)
(1.99931198350192,-2.97215883805007)
(4.93778047245627,-1.64786836637230)
(6.08174250319713,1.95105777001706)
(4.02935046830871,5.55027078474283)
(-0.123816481119422,6.51789907265231)
(-3.51446840898441,4.18248996567686)
(-3.93850305096343,0.482457930646323)
(-1.71994954548769,-1.76204465296767)
(0.767072912209091,-1.33346111197687)
(1.41400360383189,0.522250068648902)
(0.222603910587742,1.59299779913771)
(-1.06395481044028,0.927802003280259)
(-0.968889716298113,-0.460115936339001)
(0.257338441525541,-0.953685804326206)
(1.15645999515212,-0.130715867922400)
(0.795779948708012,0.930602553426231)
(-0.266985676374898,1.00349330608794)
(-0.755731319827901,0.0829116613346232)
(-0.164615772431321,-0.735664053620384)
(0.761498102147242,-0.593265258795417)
(1.00308577685861,0.195484003591176)
(0.458455121033446,0.636373868969281)
(-0.0407369435884033,0.290768878165486)
(0.180616372193963,-0.250165015020405)
(0.812239729305318,-0.166584325312361)
(0.976360476385746,0.541705008655619)
(0.343117905493428,1.04355740617447)
(-0.432286043798668,0.698227764043775)
(-0.481622040534173,-0.142992903620342)
(0.230979100267921,-0.530109075603377)
(0.849514242436031,-0.0331761459795693)
(0.624900326062331,0.748731375885915)
(-0.214372312632964,0.888169289485553)
(-0.740247904033342,0.203231741611806)
(-0.404820416619060,-0.554631736978629)
(0.353195163869778,-0.591105982642934)
(0.657697558020106,0.0314941298727426)
(0.213121276325763,0.522632719096275)
(-0.407272630860635,0.315199789106182)
(-0.489531581859041,-0.308835158836544)
(-0.0111419963177522,-0.620215935683789)
(0.397631021493467,-0.329062902948087)
(0.250948495294184,0.117029429702806)
(-0.234196553239482,0.126981425157569)
(-0.459050676702563,-0.322996762665888)
(-0.187541869407291,-0.717349295559720)
(0.214942067707048,-0.670187178236647)
(0.292466423176192,-0.368785050311743)
(0.0662009372295538,-0.267766941059023)
(-0.0540968035294637,-0.478556638239647)
(0.146102535441329,-0.654000773016036)
(0.394427062449599,-0.490820669749162)
(0.309762079241172,-0.162882651148700)
(-0.0641746972961757,-0.102426811119207)
(-0.291606695529497,-0.416997173857215)
(-0.116019991703647,-0.723813152783408)
(0.184837165736123,-0.642441214330213)
(0.150901733682723,-0.305070173445592)
(-0.249596409683275,-0.190134948547552)
(-0.580468728848879,-0.474450686639064)
(-0.566132743367709,-0.786006421686946)
(-0.546022220672870,-0.766024210172428)
(-1.03626689963370,-0.741018623261590)
(-1.83550601513089,-1.50696760764572)
(-1.86999356826731,-3.26898268490844)
(-0.243088434901443,-4.97044318911989)
(2.54451703106851,-5.02954012659087)
(4.68702893724224,-2.92945073255711)
(4.63705753446309,0.0370661696377760)
(2.59968494461781,1.82240262726492)
(0.343282234046927,1.49034355134791)
(-0.517023703269817,-0.0420366738922257)
(0.0528635930087717,-1.12450469888472)
(0.823890321990444,-1.06282983976676)
(0.842884488394723,-0.540084984815072)
(0.359174893091435,-0.485251848182946)
(0.173954524020358,-0.902490054865304)
(0.410071795458218,-1.08799613815387)
(0.363345480024979,-0.834915032105531)
(-0.351654819478305,-0.930609674880489)
(-0.912244340883118,-2.13459352705213)
(-0.0278353313313659,-3.85290519027205)
(2.35336250529019,-4.34771727169777)
(4.47154314507709,-2.58923954546391)
(4.33658714894820,0.276007305787408)
(1.94417277113654,1.74920212584513)
(-0.413890360139994,0.509311831072822)
(-0.373395865845189,-2.04276501566103)
(1.97872704590408,-3.08234782599346)
(4.05777384305232,-1.30217821688345)
(3.41846900738596,1.61718222910078)
(0.344720693907153,2.65772168381497)
(-2.36751933349459,0.549678092729301)
(-2.21299323733542,-2.94641334766418)
(0.593516420439068,-4.85391828079934)
(3.53384360029392,-3.89018178070744)
(4.41936548401514,-1.43519388984277)
(3.34974493395746,0.230035433459837)
(2.08417367212644,0.278439975294160)
(1.85135425252245,-0.239712620439472)
(2.17041263783914,-0.0522190150348498)
(1.82171121587302,0.747977262088791)
(0.549259833341025,0.990667092176726)
(-0.614977926669515,0.0297132766800680)
(-0.688063835631816,-1.41786233817604)
(0.0268274362057658,-2.21568569553804)
(0.391370175379646,-2.30884068602434)
(0.0450186217489702,-2.84560575962556)
(0.166243156365619,-4.64456870384377)
(2.29320914049969,-6.77756682326195)
(6.38550940354641,-7.04665111012480)
(10.2970568035027,-4.06132358578997)
(11.3956978760863,1.18915995244794)
(8.80562327233496,5.91404804053563)
(4.12043470747107,7.71150210422128)
(0.0178123026030294,6.29713530730409)
(-1.78750236817238,3.32538114725480)
(-1.43126115340897,0.783437368590514)
(-0.179000139977641,-0.408638025259572)
(0.862050891910218,-0.538280364241037)
(1.38516622902020,-0.306187527660445)
(1.62705371545011,-0.0980902442312666)
(1.81264579558045,0.118765291497156)
(1.89867473797272,0.476835893550166)
(1.69711538922165,0.926346214743609)
(1.12948991378277,1.20776717074572)
(0.388405679114104,1.03815446728144)
(-0.116207039689782,0.384392128635702)
(-0.0733554692069364,-0.383842972593103)
(0.327665178158437,-0.727180724448333)
(0.381378013852728,-0.555107772934222)
(-0.436225924236592,-0.658959217967688)
(-1.51626095509797,-2.20474289892105)
(-1.05671087638296,-5.34095020909753)
(2.47100232795438,-8.21905026689547)
(8.33734309153549,-7.88729395574878)
(13.1724061768537,-2.87590961356499)
(13.2486236428240,4.78179730138852)
(7.81770674561805,10.4508782848912)
(0.306763290472566,10.5131718923947)
(-4.22587960766573,5.57180499156783)
(-3.35625099755647,0.0389622004089785)
(0.719688259768325,-1.77750775152768)
(3.47693484289408,0.563201279927234)
(2.41043646747388,3.66216139955028)
(-0.862952374088773,3.96058748489590)
(-2.71771150030726,1.24376929752193)
(-1.44504648345535,-1.55344477229971)
(1.17965866022599,-1.77402946911772)
(2.16136160902136,0.138415610714330)
(0.687818621141366,1.40174668620257)
(-1.10664619765186,0.181887150660239)
(-0.705730455179005,-2.36398539404844)
(1.91919526722676,-3.49441014577195)
(4.35511343303695,-2.00204731698990)
(4.51828572144699,0.532510872246337)
(2.90168935584207,1.66865684247751)
(1.78795355458090,0.875222335033634)
(2.47926908423429,-0.0534086399643626)
(3.82371149010279,0.698803561938929)
(3.70041972701478,2.73061524948734)
(1.63989289975541,3.87312027997804)
(-0.523100799988795,2.75432988927620)
(-0.712948717795719,0.448452747315452)
(1.03277229724241,-0.706597591549775)
(2.64245830128360,0.274871930968438)
(2.38606689305559,2.00336460160193)
