690422639823936254540302269422.
0.040000000000000001
(0.171230526313792,15.7340817192794)
(-15.2810965783366,2.87543810803817)
(-6.11772203103501,-14.8394139471468)
(13.2160128679185,-9.57886767699864)
(12.1991646311208,10.8684993839010)
(-8.62669856776319,14.7442265368222)
(-17.9952513708066,-5.00726864551833)
(-1.39266397129457,-19.6050908537466)
(16.8898639609901,-7.92889724184351)
(10.6811911114197,11.8291900507056)
(-8.82052295559025,10.4026699681104)
(-11.1729700146135,-8.15827629622267)
(6.39235832459705,-13.8237489565177)
(15.5085188491732,2.49796588883617)
(1.28459663157631,15.2008392118201)
(-14.5188960793612,4.23135416289927)
(-7.57162852730178,-13.5169889884107)
(10.8962567327092,-10.5717411867784)
(11.5043666982319,7.98939320869619)
(-7.09118153516387,12.0791569693028)
(-15.3031940187570,-6.25919137096987)
(1.54819593326997,-19.3272546343496)
(19.3328060392811,-5.91284812033110)
(11.0910118872011,15.2558306451168)
(-11.4782594352435,12.9805649476045)
(-15.0166916072485,-9.10758475810052)
(5.16823956712045,-17.7839132992839)
(18.1353842343518,-0.507449851263304)
(4.49999304077503,15.8503149877351)
(-14.2919963423154,6.37969458141835)
(-9.28137961735143,-13.8467903823771)
(11.4232676091477,-13.3549070808386)
(15.3725329954373,6.99796947129756)
(-3.85455950162951,15.3152494261843)
(-16.4367497518457,-1.88115537003442)
(-2.33836786052827,-18.3602331624572)
(17.2632446344762,-8.35867896394739)
(12.0731961336201,13.3182157141287)
(-10.5262774037590,13.3950255728422)
(-16.1195366472937,-8.83252630614723)
(4.26693523659368,-19.8274394819623)
(20.0343121872682,-2.69794436760410)
(7.27007805652005,16.8478126844248)
(-14.9009781256599,9.30050631944653)
(-13.2641094990084,-14.0642955779172)
(9.41654818082194,-18.5535580227162)
(19.2935772389643,1.50524687040542)
(3.06779911716818,15.2095571692259)
(-12.8833092556387,2.98556506009563)
(-4.26960507321138,-14.2442592711767)
(13.8164178235032,-8.90216913225582)
(11.6204286253099,9.83694871173897)
(-7.70668217625484,10.8680400921070)
(-12.4815612527216,-9.00513604927232)
(7.35459824214369,-18.5664479481178)
(22.6185321539198,-0.470941866413229)
(8.78914144048395,20.1946766256472)
(-15.3407704612997,12.7290458212834)
(-14.7837956377350,-12.1514260079969)
(8.77685843409806,-17.6034523896754)
(19.1187800324082,3.80634215472448)
(0.247623331566850,18.7021469959856)
(-19.2608876454352,3.50322637319996)
(-9.61630385687963,-19.7412313128862)
(15.0339875982386,-16.8796401516947)
(18.3961954894021,6.60336259480272)
(-2.71565028841801,14.5218560720633)
(-14.1548229709681,-4.39831477386058)
(2.60390506447558,-19.5712057453104)
(21.8288984276494,-6.10232955017971)
(13.2501204099552,16.4071710764570)
(-10.9260916270546,13.6380564401803)
(-14.1308915641828,-10.6343325953271)
(8.81452541089823,-19.8026047356581)
(23.6534933217138,0.0712151216873684)
(8.66033471970186,19.3288833562965)
(-12.8853648760715,10.0919384501550)
(-8.96784622128652,-11.8197131572909)
(12.4071885080960,-12.2772622923375)
(16.7388777891488,8.35805023989706)
(-2.86771607032549,16.6040252355467)
(-15.1400494485083,-1.29360340309449)
(0.130550020862497,-17.4753208157340)
(19.8170146981657,-5.85304328538780)
(12.8819696552370,16.5463466076717)
(-10.9752452882864,15.1127398225191)
(-15.3517653134021,-8.65454465822208)
(6.81322629153809,-18.5894922038847)
(21.6666267453710,0.722356427175857)
(6.16872781775907,19.6829390564591)
(-16.0309222650162,8.78470332839049)
(-10.4564951139783,-15.6545465975778)
(14.9319881556596,-15.9618732836322)
(21.2320030500785,8.88835685239817)
(-1.78128197328219,20.8544348144601)
(-19.1058276609440,0.725364177040140)
(-3.26935639341127,-21.7891230677284)
(23.5147109385658,-12.3716616489430)
(22.3134876518720,16.0694576068337)
(-4.20800241491588,22.8521112275462)
(-16.5831799750295,0.615349615190020)
(1.37603794068471,-14.8244484848570)
(19.0983385949134,-0.0833550960637375)
(7.54235547482571,20.4395271863763)
(-15.7404228160754,13.3351612734055)
(-14.2156158505220,-11.3897749134496)
(10.3369504161522,-15.5375221616713)
(19.8316558298894,7.79118783779522)
(-1.34340140877371,22.6306701350588)
(-21.4425514851990,5.14512950559971)
(-9.48362961177352,-19.1745958377856)
(17.0504154234760,-13.8919868360272)
(18.4762917745391,12.7277387779092)
(-6.63880852792855,20.2191429190635)
(-19.4504597646755,-2.29882246112663)
(-0.445682080642643,-19.7196819717877)
(20.7734548030519,-5.08510140492543)
(11.2474895267937,18.9587180244820)
(-14.4918941746004,15.1407239063782)
(-16.8115003340837,-10.9235745893448)
(7.89809978948735,-19.3868254923375)
(21.7279284301014,2.29693199391705)
(4.02317450467316,20.0498441984055)
(-16.4474030182328,6.22718176998738)
(-6.18953474495966,-16.8800946914297)
(20.1333988339473,-11.0631549515362)
(21.0318692390083,17.9336437727246)
(-7.85554335849737,27.4517750084143)
(-25.5282796371547,2.51524902678328)
(-7.03753290759542,-20.6029193294357)
(18.6797495560966,-8.75593888029173)
(12.7002274764431,18.1452620729462)
(-14.8816475811224,17.9046896635418)
(-20.9083153431679,-9.39955010303847)
(4.41202025521313,-21.8083077943648)
(22.4437090668344,-0.140700331668807)
(5.54590317818970,22.3608627680073)
(-20.2876533385084,11.0277018919010)
(-15.2261774489934,-16.8639257071800)
(13.1512459349421,-18.4864775796850)
(21.3532131838283,8.72514731022164)
(-3.22258370406577,22.9940571774553)
(-22.8073750922496,2.34459543514251)
(-7.23980516424384,-21.5347620668382)
(19.5999903366874,-11.9342384414321)
(16.4370675625974,16.3653449264846)
(-11.8427287314465,19.7343182789266)
(-21.5719050599853,-7.11311733836717)
(2.46821619796349,-22.7852172693140)
(23.3761859840518,-2.86965470380913)
(8.76914415972937,22.2425776986006)
(-19.1872903417749,13.8745890401477)
(-17.5824456862218,-15.3232661715732)
(11.2149540443373,-20.5325875440854)
(22.9245952239399,6.35187999282325)
(-0.648939632236079,24.0098593723383)
(-23.4162838163241,5.08790353022459)
(-10.3008597433186,-21.5590671176909)
(18.7017547259826,-15.0017537829269)
(19.0182625066244,14.7708418564869)
(-9.96694771226352,21.9633944454777)
(-23.7317058467529,-4.65943874741465)
(-0.984015975967837,-24.2771519590591)
(23.3906662087214,-6.64522244026437)
(11.7798358147093,21.2128739530596)
(-18.1804489402605,16.3054757176515)
(-20.4222062962934,-14.1593417274733)
(8.75876111516494,-23.5433281518374)
(24.7270895355314,2.65028419764917)
(2.92498277142784,24.2762590681164)
(-23.2437138575339,8.02138706844499)
(-13.5157950629325,-21.3363364665270)
(17.3660214181853,-18.7898877497843)
(22.1363654120491,11.8009009129486)
(-6.45589902050147,23.5311898230560)
(-24.4567043984480,-1.55574249107101)
(-4.20662973766989,-24.8613464781381)
(23.1388868402714,-10.5490781251517)
(15.5192068142104,19.3376066115854)
(-15.3056122418854,18.7884679517051)
(-21.8520384644110,-11.3334705944176)
(5.93563231570480,-24.6118853545787)
(25.1649327473583,-0.636107872154552)
(6.16586322156051,23.4613637564748)
(-21.6035248138500,10.2911596365456)
(-14.9274839587545,-19.8979406153953)
(16.2734179132094,-20.2417377270912)
(23.9007422529026,10.3168427336429)
(-4.16805143318137,25.0224565949243)
(-25.1089190999412,1.25819389918904)
(-7.05933092454353,-24.4442836348888)
(21.6311661180021,-12.7709661047433)
(16.2747679721158,17.4094801729325)
(-14.5294809904573,18.1436108595742)
(-21.6236745112706,-12.7250634712336)
(8.21834813930830,-26.9907043866590)
(30.2018125264926,-0.331991967145127)
(9.50893023665104,28.6479420843506)
(-24.2488719634562,16.1724713922995)
(-20.8468998786025,-19.4544727344566)
(14.1245496852317,-24.7381222898151)
(27.2779066474526,7.80003128550320)
(-1.36583857238735,28.0688276424171)
(-27.8186230277657,4.85273430836720)
(-11.4073268404792,-26.3347550810040)
(22.7491410091276,-17.5584948245847)
(22.0110360138786,17.8818148520293)
(-12.9833735829162,25.4980422672712)
(-28.9309305358544,-6.88149977779393)
(-1.46594691122392,-30.1398270942111)
(27.2023835262530,-9.04279153106862)
(12.8249980677217,23.3949015785951)
(-22.6430200661059,16.1270888728142)
(-23.9552206987142,-21.4562930512865)
(13.0799432011305,-33.0258612368633)
(34.6639349799608,-0.673622714328223)
(10.3024775235066,28.0122856594219)
(-21.6667879561742,12.3217353863246)
(-13.3862356665858,-20.5326872910348)
(19.7726576125962,-18.5910964849304)
(24.3493619711154,14.6251155479581)
(-7.75921230391800,26.3717884914388)
(-26.6680901559564,-2.76966897333454)
(-2.20466644197112,-28.0543237438553)
(28.4021905537681,-9.62625703350820)
(17.3394456032042,25.0471042200296)
(-19.5290613190827,22.5624391331225)
(-26.0706238063083,-14.0281463953175)
(7.91343361611794,-28.9857102254859)
(30.2216473308990,0.797585955877446)
(5.89381154825931,29.6544315905843)
(-28.6890696817544,12.5100346661219)
(-20.7892232597526,-25.9002028718627)
(18.1807736837226,-28.3091730631133)
(29.9709791554618,7.87151072106452)
(-1.59664761634342,26.8914053287696)
(-26.2802362103371,0.235565775275728)
(-4.93915140596733,-29.8098491576520)
(30.1517016341627,-15.4601811660291)
(24.9173981800630,22.7915890695985)
(-13.2374863868375,27.4496907549680)
(-26.6630534252443,-7.67568602696324)
(3.96386462717180,-28.0494554741445)
(30.1010896063419,-2.48399465877724)
(10.4550405100283,28.8203449390068)
(-25.0238824215042,16.5097432302167)
(-21.2564575579380,-21.2705332738137)
(16.5523599895095,-26.4050788697022)
(30.2554457068790,9.38350403043194)
(-1.71439185186743,31.0665369269651)
(-30.5223267676058,4.75907318031764)
(-11.6866878533992,-29.6839194130598)
(26.2079489589530,-19.5633944754701)
(25.1117674562200,19.4242353913855)
(-13.0281494906173,26.9957727360896)
(-28.8511652126649,-8.79445787437109)
(2.99211596340859,-32.5967785933369)
(34.1481785602106,-6.76543023790864)
(16.4738449989169,30.1271020034600)
(-23.5899202138635,21.9663110316439)
(-25.0734296806504,-18.5705289399214)
(13.8600177776191,-29.0683068650020)
(32.7533637025951,6.72156864988045)
(1.77414204681269,33.5256446991956)
(-31.9673144537710,9.40316356971050)
(-16.5446232401267,-29.3398554714438)
(24.6598511275181,-23.5368925780644)
(28.4619905990276,17.7446428191170)
(-10.9361124507922,30.7553166943696)
(-32.6575124384246,-4.89354687993201)
(-2.74086270714802,-34.4524075741418)
(33.1551363077514,-12.0797069659442)
(19.6365009207392,28.2184654977759)
(-22.9516409916332,24.4104985264650)
(-29.3276213327952,-18.0895492598707)
(10.3947743847688,-34.3912768042192)
(35.3019448512004,0.105219089429795)
(7.50840737766664,31.6863502928269)
(-29.1605023102867,11.2089746391949)
(-16.7134742375084,-29.5529399299650)
(26.8457649581450,-26.4895582858164)
(34.4004654791523,17.4109714620900)
(-6.65296287974824,35.5197578518473)
(-33.8551864394199,-0.0464226749562552)
(-5.29947028346366,-34.5391513374809)
(35.1083158587210,-14.0990963497140)
(24.2776043796062,30.8088675010519)
(-22.7551850322026,31.1545386279222)
(-34.8237715061375,-14.6643070928706)
(6.51466866248498,-37.4702653601186)
(38.1560271098001,-2.91484258952226)
(11.8263222504217,35.6186353236321)
(-31.7582669700925,18.6990879284598)
(-25.2934838744731,-27.7764149101618)
(21.4948303609264,-32.2327928520211)
(36.5457853316853,12.3213392605582)
(-3.55437833934193,37.1760344027707)
(-37.1621383834671,3.67700856595925)
(-12.4597717366409,-36.9458978237387)
(32.4114210074183,-22.5638609493748)
(28.3212446403000,23.5372704470814)
(-17.1805608468585,28.5650363409004)
(-30.7442255026071,-15.9862160219545)
(12.3207334129414,-39.2203839062451)
(46.9309557680699,-0.313896091932474)
(16.8767999583670,45.4515764636739)
(-36.6675177070188,28.6261712549966)
(-34.8595620454825,-27.4740932338272)
(19.1328073782011,-39.7503876342138)
(43.4983210331300,9.21996754187422)
(1.39507051647441,44.0789876643980)
(-42.7224575272221,10.8664799117373)
(-20.8973572317462,-40.5989041225054)
(34.6739653323114,-32.2554271976092)
(40.4428125278248,23.3152601071347)
(-11.2983459022208,42.1265875024125)
(-41.0789318297013,-3.06252962336578)
(-4.08420189129176,-41.6587900566939)
(41.5124316408533,-14.0247048570257)
(24.4655205511154,36.8653142047669)
(-29.5919809383468,31.7476366742388)
(-37.4034889144442,-22.5606623721565)
(13.6021676119926,-43.2432588802869)
(45.6106618624506,1.07555019047579)
(10.2096916268665,41.8144846042765)
(-36.7723427376393,16.2061422892972)
(-21.4251412949493,-35.3858900458777)
(33.3888387865799,-31.4312701345563)
(42.3826862172675,24.1655222147737)
(-10.2349352497060,46.6542141304579)
(-44.8595103186185,0.827356420708884)
(-8.36013492041264,-43.4120486225397)
(43.1351934829926,-17.6466532673035)
(29.4600800900650,39.0826547920784)
(-29.8602573934689,39.0692419069037)
(-44.3003084229532,-19.1153525845525)
(8.80913439037925,-47.1627997342133)
(48.4042119760438,-2.14479476700242)
(13.5034059040234,46.7591749984859)
(-42.5549065107472,23.7556432461840)
(-33.2278780164672,-36.7528045305064)
(28.1043133989952,-42.1726918635755)
(47.9078371024528,16.0503779785451)
(-3.92886492875527,48.6314951743149)
(-47.2534652923083,5.52510924683090)
(-14.7527859762808,-46.5255814071313)
(43.7577826661719,-26.4036883777092)
(37.4346939840940,35.7061829991912)
(-24.9931802213609,43.8012788696897)
(-47.2941685935398,-15.6898572255442)
(6.15545755217037,-51.4194765662332)
(53.9485480106680,-7.13506826285345)
(21.8283342048054,50.4075854118339)
(-42.1395969748452,32.7081992314080)
(-39.9224675004938,-33.9081174030194)
(25.7177033755997,-47.2416696562965)
(54.0874566772213,13.9809187212080)
(0.776660058460126,56.2098918805086)
(-53.0841005198873,14.1144534203570)
(-24.6477677696827,-48.1978599973762)
(42.6706716364050,-34.7425349825920)
(44.8353322462252,34.3183908241270)
(-22.6035677797696,52.4293669923106)
(-56.3082942876806,-9.56597780099497)
(-3.64089427890161,-57.2265808280986)
(55.1511216378109,-16.9744306789307)
(29.2819639528450,49.7181757156151)
(-42.1649031886449,39.5519602771177)
(-48.7924204806278,-33.2724746598765)
(21.3307414562512,-57.1917232660096)
(61.6855302184569,5.69852674415506)
(10.1069813936833,60.0491918447840)
(-54.7833477449059,22.6889046534071)
(-33.3576441271078,-49.0170407596819)
(41.4896526768269,-44.4191107244241)
(53.9868019357837,29.8880582035559)
(-16.0729796567320,59.0579491665609)
(-60.7555374847959,-3.16558463733719)
(-9.73407109653415,-61.5207835327591)
(59.7330620514552,-24.8268363531494)
(40.0564357847717,52.2810841378224)
(-40.3074859182455,51.3675254465800)
(-58.4811406044951,-27.4331299191895)
(14.2250713143694,-63.6192226707580)
(66.4392671272090,-0.855068321560060)
(16.9154393638551,64.8952443900453)
(-59.2832455727362,31.5866045410435)
(-44.6147126561483,-51.0604640391701)
(39.6523421689543,-56.2677992307745)
(64.3658719661768,24.6760111581773)
(-9.01799338985604,67.2467174727863)
(-67.3190488148223,4.78522126475814)
(-18.8523772406582,-67.0381065354448)
(63.6872324922146,-35.8527249378023)
(52.8182973610427,53.1743613133489)
(-37.0720154531627,64.1810210651322)
(-69.2895978703104,-20.7309153512499)
(5.85131031906817,-71.8044348084321)
(72.8773317721088,-9.99037991517522)
(27.4112770905906,69.9887944346466)
(-61.9342044138164,43.7395841268586)
(-57.1044229726614,-50.3431103152173)
(36.3853844901202,-67.7488793581634)
(75.3392569058916,19.8600350333231)
(-1.54415867831948,78.5115310954129)
(-77.0711731766646,16.7037864279399)
(-34.0244929652420,-71.8888130313980)
(62.9968030507563,-50.2868380020743)
(64.3694070580168,50.0668959174780)
(-33.9951011633976,74.8473560440864)
(-81.4463208712655,-16.0609651192391)
(-3.31612182703916,-84.0498523793265)
(81.7127699299524,-23.3202769799969)
(41.9267930657798,74.3062215271086)
(-63.2959659452081,57.9452661270679)
(-71.8206366412747,-49.3723733895358)
(31.6560316349179,-82.9460060437195)
(88.8541683189171,10.7904767559960)
(10.0952730052964,88.7805089655958)
(-84.9433284135203,29.3661877612427)
(-48.5641954073766,-78.2539684788290)
(66.1749085720867,-67.8687852392943)
(83.3637233265514,47.4385910545913)
(-25.5283208134866,91.7133331414547)
(-94.3772358774611,-4.41137141970017)
(-16.1411556008226,-94.0562773543337)
(89.9168330022707,-37.7779249066961)
(58.9606491474958,79.7097699043738)
(-64.0760944703615,76.5618985281960)
(-89.7605674629790,-45.3653235270949)
(24.2616574280368,-99.1192761804551)
(103.744270212179,0.668750390634170)
(23.8602651450186,102.287647016058)
(-95.0938354042327,47.2462812475070)
(-68.7470008177438,-82.9967608592478)
(65.8019181808814,-87.6081452205093)
(101.848053531272,43.9303861795733)
(-19.4897341549971,110.262436415007)
(-113.464283676901,6.02413349643069)
(-32.7229356142411,-111.345064667185)
(102.129159195460,-59.4728598932505)
(82.8524805151433,85.6261341409452)
(-64.5879529986185,100.711880944871)
(-113.916532100077,-41.0917224744405)
(14.5410492082492,-122.862991984685)
(125.392671625351,-14.9997305114210)
(44.7019520624469,120.024420504462)
(-108.025538351922,72.1052825839644)
(-97.0264888911093,-90.3332665561644)
(65.8968876461575,-118.306383862015)
(132.222254350633,35.4108134936299)
(-3.27400500579335,136.773337033581)
(-134.407373721805,26.9390682615735)
(-56.0465526355428,-127.740568442642)
(115.358808635928,-85.6140363415920)
(113.423346609354,94.6206546768686)
(-66.1977729624701,135.318414550263)
(-149.348982652827,-33.1838887118899)
(-2.24668778476253,-155.577884772109)
(153.697392490103,-38.8700444263315)
(74.7948115721796,143.171909906766)
(-124.391840828284,107.867517745759)
(-136.479895382056,-98.1024038411898)
(64.9896556309405,-158.828397031370)
(172.850650518838,26.7332854022523)
(14.0724862510016,177.639343805119)
(-173.369828692749,55.5312689853117)
(-96.3001590919636,-159.662417710578)
(135.947316448815,-133.894346921227)
(165.246104455017,103.349681226343)
(-64.0826963042179,188.748203244305)
(-203.586208238900,-19.4373292915161)
(-29.2547747187683,-207.826479295938)
(199.859959250270,-78.6083321637312)
(125.045730211442,180.755705586180)
(-152.126201431676,167.538486851220)
(-205.176238181271,-113.011533869999)
(62.6865197228640,-233.469532264996)
(247.323153342848,5.30383769146164)
(52.6983916388943,246.745596169772)
(-235.139898601714,109.050137344930)
(-164.970141291553,-212.599111109688)
(175.626613997143,-218.549631796140)
(263.533717483491,123.406346938208)
(-59.8962899934691,294.829832326327)
(-311.062961255994,10.4721793544519)
(-85.1204910925725,-311.529679086546)
(294.563516712376,-161.085726525288)
(234.024136939936,259.440515642366)
(-206.984227629775,299.883154923542)
(-355.122383549625,-138.228085026013)
(54.7134268196833,-395.602747608734)
(417.279599038446,-40.3689732139293)
(142.898884159662,417.354821290715)
(-393.688279677606,248.633310986165)
(-352.549333524563,-344.569186191375)
(269.563361850849,-449.057193533211)
(532.747227831478,168.994667520122)
(-43.7350217740023,597.352524187416)
(-636.387575396418,102.921001439620)
(-267.322130708461,-645.995342059519)
(619.982439745011,-449.629820277405)
(643.263764305561,542.951148346564)
(-410.935831196432,821.572154331985)
(-974.877184284932,-261.454362766195)
(118.066093109965,-1181.21492604146)
(1553.19004681680,-159.870220104425)
(892.430088912158,1976.30952017297)
(-1915.18837114895,2230.01298817350)
(-3680.60054272848,-723.979117368857)
(-1607.24062713633,-4165.36984988253)
(2856.24979460714,-4049.18482721556)
(5136.08200466877,80.8920241253314)
(2731.75274027427,4165.06083665364)
(-1798.84765034029,4150.29141079577)
(-3814.77292900311,548.695305654250)
(-1866.42409740336,-2471.13646589391)
(1119.78445215616,-2100.45190710620)
(1787.71826026807,258.475058897452)
(172.371604308661,1406.65058703770)
(-1109.88243757272,404.207122248360)
(-562.501192246113,-862.585991854160)
(628.266598535960,-665.161777640863)
(712.145762015195,408.969968047772)
(-211.873242607398,714.667125685339)
(-682.487876165848,-37.6180048967505)
(-112.190350143299,-621.162880409591)
(537.225530895656,-234.809270160937)
(329.349760905580,437.534924864428)
(-327.885687856916,395.645932141249)
(-433.917345319460,-214.231466900580)
(102.236660348678,-445.879961908125)
(433.827012751421,-3.62889564540876)
(98.9470134766004,400.210509284099)
(-349.094097574121,179.695567954185)
(-244.187673448472,-285.073401010333)
(210.927919332293,-291.343069720181)
(318.019718149163,130.251378995265)
(-50.8440133960492,322.926131586249)
(-311.561045356056,20.3626043716978)
(-84.3929534983647,-290.772516757635)
(259.553138878629,-145.426545884034)
(199.951580186019,212.436078063567)
(-151.337351906727,238.237985128964)
(-256.319595311879,-86.3317388244023)
(24.6111242408178,-258.889459558654)
(250.074563010681,-33.7186644312663)
(88.3642229131850,229.073674583913)
(-196.050457297083,135.110984221233)
(-171.010859678403,-155.108546763646)
(109.484926594079,-196.780619897285)
(212.284483844085,59.6503469434328)
(-7.69605636065096,215.132834123097)
(-205.123177024956,41.6075818836614)
(-85.2674594570878,-185.203656661748)
(157.232543805560,-122.969959559750)
(153.141169288723,121.371815729565)
(-79.9454470785311,172.818261312964)
(-181.692042152803,-37.2021618609509)
(-4.93690170141395,-181.736521898326)
(172.866650188850,-46.4310924680684)
(84.6606099200486,153.545588961681)
(-125.549879942034,115.122579357268)
(-136.549212042912,-93.4889425418160)
(59.5936771242692,-150.896024879776)
(158.386547455373,23.3101828270134)
(14.1462107907469,156.931011689967)
(-146.327338983434,49.1977584143692)
(-79.7779112984859,-128.825092789572)
(105.623011806414,-105.772654749928)
(125.829156092265,76.7383504073400)
(-44.1187916751542,137.624312019830)
(-141.102916715965,-11.1125183797777)
(-20.8858736191551,-137.888226046152)
(127.937670953889,-51.8240099855165)
(79.6599323077513,110.264444197963)
(-86.3910715056302,101.171550093923)
(-115.570786912895,-59.6513927809090)
(31.6009004022718,-124.077620935839)
(126.593888909097,2.23853298564096)
(26.9979275098082,121.920119217841)
(-110.501913089472,53.5528313704123)
(-76.2904796829525,-94.0127055389884)
(73.0721727565781,-94.9448779458097)
(108.077914914177,48.0686557323305)
(-21.1245044467193,114.261925618292)
(-114.135104445612,5.35925357643747)
(-30.8531465838833,-108.825826740241)
(97.8030940300328,-55.0319623364572)
(75.6279080766397,80.7180615797096)
(-59.6712951756051,90.4516341151096)
(-99.8508969329155,-37.1596017065367)
(13.5269795216759,-104.772095988809)
(104.282952637948,-11.2025441074065)
(34.9736305971670,97.4056377322630)
(-85.3797576096655,55.5757273155590)
(-72.8027611365291,-69.7725219980738)
(50.5124525756625,-86.5108089277711)
(94.8640548365273,28.0344694880007)
(-4.95562187001294,96.7952053485516)
(-93.7566890358706,16.6462362352564)
(-37.0604164372911,-86.8659551215269)
(75.1152389854874,-55.9559716481760)
(70.6550581568652,58.6512808000012)
(-40.6072220860429,79.8500645736075)
(-85.7992424401025,-22.9736344255701)
(3.84265526438084,-89.9650542938593)
(89.6013343899502,-18.2436863869425)
(40.2180135387833,81.7908465912972)
(-68.0283188052201,57.8736431718520)
(-70.5685241611953,-51.7315701626007)
(33.9237901203272,-79.5880995070356)
(84.5739677148727,14.3711545744782)
(5.64539323971776,84.5955807679754)
(-80.2716333816725,24.6224187002823)
(-42.4554876198453,-72.1214076669005)
(59.3325975295384,-58.3107849561248)
(69.6017293558271,42.5100992138638)
(-24.7718663426628,75.3903871586409)
(-77.7969506760302,-7.84484216355957)
(-9.72718015334684,-77.8103551921991)
(73.1624865909985,-28.2307793000836)
(44.3368890630611,62.8234968388345)
(-49.8314402474716,55.6940620204921)
(-64.1839092230143,-36.7262106708185)
(21.9119880683566,-71.5101198369734)
(75.2470895416751,3.85079021798768)
(14.6969590971630,72.7684084051543)
(-65.7472927780752,30.2303821302373)
(-43.1456233671070,-57.0880013590602)
(46.3421958765189,-55.1784470138189)
(65.0128779540054,31.8390206230832)
(-14.8404739998270,70.0613458012692)
(-70.3390391211853,1.89537505832354)
(-17.5799736714268,-67.3507711300699)
(61.1740193400429,-32.4665811235725)
(45.5014422694971,51.4168006200018)
(-39.1056538382419,55.4609397846982)
(-62.4848710875837,-25.3409751859335)
(10.0968865444513,-66.5231286008322)
(66.4716972791485,-5.95178717113515)
(20.8417505703960,62.3654607137153)
(-55.7894979755294,33.9173235836162)
(-46.1261317648620,-46.8798534527596)
(34.1047771726377,-56.5694837944376)
(62.2368585856780,18.2498992121692)
(-2.96370699843160,62.5135815842996)
(-60.2075196135229,10.0710293093396)
(-22.6543804276249,-56.6939676850351)
(50.0840425407653,-35.3868079690778)
(45.7334997544755,39.7094420414696)
(-28.0307199013953,52.3876636364805)
(-57.0908188545017,-16.3054170674011)
(2.88276176835534,-60.2352877384576)
(59.2469027047793,-12.2192063293247)
(25.6806323844514,53.4213346195018)
(-45.6974658706628,35.9647769070926)
(-45.2980378826952,-37.3881723078207)
(25.9694415359544,-54.2484410913570)
(59.2079159935466,10.6488276873957)
(4.66879062054971,58.0123703790473)
(-53.4254217117315,16.8020907524877)
(-27.1505194840495,-48.2100568726306)
(41.2294329276556,-37.3971415909056)
(45.9101240727977,31.2119172688530)
(-19.8400721862108,51.2321608363620)
(-54.6066520317328,-8.23637351825136)
(-5.08155829673822,-56.1437002624142)
(53.0249624310523,-19.8012971456150)
(31.9000555567217,44.5579227889220)
(-34.5869286810020,39.1900554986087)
(-44.4153853595608,-25.8175952631018)
(16.0999644197765,-49.8125505442406)
(52.9917341239021,3.41322122774387)
(9.84036656056308,51.3951442628016)
(-46.5746819153029,20.7657976106099)
(-30.0551304773677,-40.7421630732635)
(33.0391118216856,-38.8932133499620)
(45.6309547593021,22.4498336677454)
(-10.7729360448798,48.6412870019171)
(-48.9871567225175,0.198994624767368)
(-11.0088571364198,-47.6474454834322)
(43.6188567875597,-21.7419618732125)
(30.6067138668488,36.8851932143693)
(-29.4070324816174,37.2553766184291)
(-43.4599316679216,-21.3137370015389)
(10.3881602788350,-48.7207087243667)
(49.7105160028904,-2.91153421375983)
(14.6244801248802,45.8699492534742)
(-40.6740233746436,23.2737259573186)
(-31.5929943387605,-35.4743415007428)
(27.4001506798885,-40.3296549361999)
(45.8432095437478,15.5732278659797)
(-3.82600245978257,46.3281043494296)
(-44.8817879340696,5.44498010348175)
(-14.6575406267179,-43.5618395498088)
(39.8102882336562,-25.3890959194254)
(34.7264651317419,31.8023785210037)
(-22.0613811967965,40.3208016417541)
(-43.8410635709605,-12.6530081399073)
(2.01462497545624,-46.2825801804834)
(45.0894923368058,-10.2379661058741)
(20.5500026741614,39.2767430772765)
(-32.3614417175970,26.8807360663656)
(-32.0266363292159,-26.7738058509175)
(20.1071003888323,-38.1806970524579)
(42.8892163833167,10.1759277251200)
(0.870523424297329,43.6032544445629)
(-41.6049217778369,10.5868617649059)
(-19.7290273717494,-38.3547653785973)
(32.5629472090037,-28.7363760101066)
(35.3351457376268,23.8519476240372)
(-14.7995569170649,38.5176480699868)
(-40.4193069962305,-6.62932451247577)
(-2.59493033744135,-41.7433816893276)
(40.0069679351177,-13.1675161024004)
(22.0154626889527,34.5693052202556)
(-28.3752602000808,27.9400893320908)
(-33.4045919509305,-22.5481304010533)
(14.5784483059804,-39.0037089829076)
(41.6694974616392,3.97110355517468)
(6.01697507877158,40.4537860917359)
(-38.1551900885624,14.3415352923102)
(-23.6342565028404,-35.0431822844645)
(27.5060155982806,-33.3834972013123)
(38.4240857150160,15.6347870631418)
(-5.34112812390601,37.2963746330885)
(-35.3921863861396,0.470743309793362)
(-6.25106337682254,-36.1797428640086)
(35.7920865430445,-15.6033771869591)
(25.1584161958269,30.2945305968007)
(-22.0913862840860,30.7513226826462)
(-33.6785572069178,-14.8075963791029)
(7.54006543744260,-36.4424517225792)
(37.7296350854744,-1.44398126639975)
(10.4714865889702,35.8725793636091)
(-32.3464540736881,17.9524655460070)
(-25.2325360470438,-28.0357639927394)
(20.8697906774875,-32.4127273887717)
(36.2020879672338,10.5900761033849)
(-1.03166533209212,35.2322607315577)
(-32.7444808202655,5.46347532387634)
(-11.1691295421959,-31.1336973919463)
(28.6242013465632,-17.9819451722290)
(24.2722198906395,23.6723707854074)
(-17.5661336775064,28.7831704784824)
(-32.3943210727372,-10.7849726609773)
(2.22620686254108,-34.3970312081726)
(32.6984759096278,-6.61310579459976)
(12.6518601635394,28.7642877130620)
(-26.0202042733990,17.0898724983456)
(-23.4004225041774,-23.0177167997732)
(15.7781701089668,-29.4850470963943)
(30.3264359312164,6.77668432811454)
(-2.05346591179996,28.3392771276245)
(-30.4235358796642,0.801859587192808)
(-9.97569872303484,-33.9447269462008)
(28.5772344561926,-23.0800455406945)
(27.3072566690386,15.1550641453890)
(-8.32039894502967,20.5634394563191)
(-18.0723217580813,-13.9240984356863)
(17.6477886906594,-29.7835616210800)
(44.1426996821707,5.64512029727100)
(15.3140375723430,44.8275471734895)
(-32.9018903068632,29.3337139135782)
(-33.1659233604878,-20.7702963801248)
(12.8810851332813,-34.5601301694058)
(36.5759397611900,4.82948627762841)
(4.55442997330933,36.0160593015827)
(-32.7007870991600,12.2647366461473)
(-18.5645494494388,-29.2123247442888)
(24.4831462658737,-25.4521938320616)
(30.7392796690742,16.4962623448964)
(-8.10283688444289,31.7521870169555)
(-31.3360134101651,-2.52918203555676)
(-3.00486967666929,-32.8261005792534)
(33.2101773909784,-11.9951047522596)
(21.3923618187116,28.4265101815071)
(-20.9030426645166,26.7126933027254)
(-29.6284995724347,-14.7023743177705)
(8.08647834228699,-33.2558975604466)
(34.9263222471910,-1.67293119765755)
(11.1150494376495,31.3009440229419)
(-25.7662527761395,16.0376698493160)
(-19.3159513471778,-22.8013628258188)
(19.6670008672115,-25.2929777299873)
(31.0006884367830,11.8216931020510)
(-2.12208319397458,31.2521821302834)
(-28.2002336336696,3.81310862087057)
(-7.40398758861317,-27.2911010038490)
(27.3994047260695,-13.7461993250150)
(21.8950708225125,23.4845928468781)
(-15.9314022002577,26.8657598255595)
(-28.3747324590730,-9.06347094188136)
(3.17025282474872,-29.6063691023130)
(30.0330697199016,-4.16123864900956)
(11.4867300923382,27.1771219637552)
(-22.8709680253316,15.8838606006253)
(-19.2617959650565,-20.2657896354680)
(17.1950171027303,-24.9156419987235)
(30.3992967888759,9.82594722694990)
(-0.307917878247519,31.0967993373601)
(-28.2753398669221,6.46056563774248)
(-11.0613533779574,-26.3344091726281)
(24.6378380876225,-17.2730185185383)
(24.1105646104799,19.4491458419944)
(-11.6409572537625,27.5310505039612)
(-27.8807065231806,-5.14824086391444)
(-0.186168028897439,-28.4425320296221)
(28.5923524072950,-7.14778143045523)
(14.5656573362031,25.3950706041053)
(-20.0448694152848,19.1075270061721)
(-21.6858368503365,-15.8848239668596)
(11.9776162440540,-25.3427837711260)
(28.7821105347219,5.31739100756724)
(2.65722378638806,28.6619730399119)
(-26.1577314567101,8.43328906985611)
(-13.0421686040620,-24.4992746098611)
(22.2642262988504,-19.4661203211801)
(25.7605434980016,16.1310268958217)
(-8.03896869163097,27.9429430151758)
(-27.5266692923061,-2.23604174759308)
(-2.69620104933596,-28.5836139738563)
(29.2326031037767,-11.0035198383589)
(20.5752178832144,24.2101291335632)
(-14.7985979786581,24.9170551122552)
(-23.6746672844187,-7.87607978565244)
(5.22220262869207,-23.0284217251907)
(25.3999115011129,1.74047371835383)
(5.14659164975277,26.5650462210187)
(-23.8862793927741,11.9599165702356)
(-16.2330908266419,-20.0293657896698)
(16.8570434595632,-20.0556439356769)
(24.6388177981738,12.2248016712253)
(-4.99895262045277,27.4312515811425)
(-26.8442747520714,2.25848079798268)
(-7.70532768377393,-24.8310349241069)
(22.8474996557791,-12.6775899302113)
(18.0372500782230,19.6143440860597)
(-14.4594015448199,22.2523660237478)
(-24.5515312809122,-8.87554460723809)
(3.42640335941517,-26.1241285398540)
(26.9515405372694,-3.14282633556723)
(10.5311339453162,25.1094743560476)
(-20.4078334208089,16.1676690138384)
(-19.0327789537356,-15.3509705241790)
(11.3531376609763,-20.9976385517082)
(23.3199679621787,7.04941981050317)
(-1.36132414440389,24.7578833457911)
(-24.1569005679012,4.60103357494182)
(-9.69198908719055,-22.2225315646510)
(19.7130858004164,-14.2809500470739)
(18.6872290601191,16.1453328599819)
(-11.2032415570021,22.1187211451019)
(-23.9571323907476,-5.61682811902585)
(0.0151903409274036,-24.4790803019049)
(23.8589248548462,-5.61337332582638)
(11.0417013913685,21.8455834174585)
(-18.5828287237899,15.6966853162029)
(-19.4571440599875,-14.5352930152691)
(9.70679865562387,-22.4271057801715)
(24.1595646870362,4.01316405215067)
(1.91247870077879,24.1571204401321)
(-22.7316617743662,7.29072125595790)
(-12.0855816020456,-20.4326288199629)
(17.1897445273287,-16.4636626812704)
(20.0201797647848,12.8374776246773)
(-7.78853559756636,22.3086625804972)
(-23.4039439278440,-2.49655946112466)
(-2.96837537602589,-23.3548781020347)
(21.9273084249806,-8.33484720019996)
(13.0413804588595,19.2649009132512)
(-15.8278234530354,16.9882297382231)
(-20.3271229951992,-11.5575518021517)
(6.25976434757822,-22.5369611401710)
(22.9938782654666,0.651036814172061)
(4.38297760465307,22.1679603218474)
(-20.7214336828204,9.12521002778671)
(-13.9245864650479,-18.0474265725805)
(13.6600683435539,-17.5681798127044)
(19.0204257347704,9.12694294090188)
(-6.01888201198433,19.8561116807216)
(-22.0624871812059,-2.79934350147079)
(-3.09558187326767,-24.1648765468334)
(22.8756844670923,-10.6788040004854)
(16.3591495975736,18.1436536438920)
(-13.0261706779489,19.0937099680215)
(-20.9750776348993,-8.81256401868755)
(4.00129304183538,-22.8739843984542)
(23.2974729743626,-1.91035534614887)
(7.40165821523946,21.6970444372033)
(-19.2349064289903,11.8746426114243)
(-16.0628613023999,-16.0865615661219)
(11.4732619205036,-19.4487447085485)
(20.7739516818219,6.30418067808362)
(-2.23514662288394,20.9220759757605)
(-21.6684569774264,1.58940451885013)
(-7.13654360271227,-21.9832493259019)
(19.4138457957832,-13.3590559759276)
(17.4113891515103,14.5491333948392)
(-10.0516465670272,19.2841090809702)
(-21.0451509539671,-6.04769897332177)
(0.834979237303498,-22.3845612575341)
(21.4732125891561,-4.81953709602333)
(8.84624540598304,19.2132151223410)
(-17.6916699605582,12.2361652798303)
(-17.1193435130638,-15.5425636246495)
(10.1794853132494,-21.7106151593801)
(22.7425299334995,3.36381727838223)
(1.30762813728722,21.5822313814965)
(-21.7198947818811,5.06494524179395)
(-11.4943582667720,-21.5315026027342)
(16.6267495810868,-18.6277907186621)
(20.9539774993286,8.52653027820583)
(-3.31509553155695,18.8095772758234)
(-17.9852150073941,-1.81447775629620)
(-1.06366235913399,-19.8984007772463)
(20.0749295410650,-6.90369958772948)
(11.7531708343339,16.9074436302136)
(-13.8009130171954,14.2142347766315)
(-17.3872219965545,-11.5543056362865)
(6.75071552986337,-21.4139040052042)
(22.1162611564041,-0.650575107019645)
(5.95858953912585,18.8707782873979)
(-16.2178814442945,7.83989432236889)
(-10.3139050677415,-15.7876596492622)
(13.9771320659080,-14.9598104214574)
(18.4852939593630,9.27474959075906)
(-4.48984551646403,19.5370624760641)
(-20.3989237945412,-0.327906411582553)
(-5.51827186838326,-20.6382996892539)
(17.0578811862973,-11.6286052759002)
(13.4716779668021,11.2919355322260)
(-8.96007416316513,12.1664165421508)
(-13.9331077520966,-9.70423913036793)
(6.99568475480748,-19.1537697452761)
(21.1904210938055,-0.321434915943719)
(5.82908373059326,18.1541539330317)
(-16.0045580890983,7.25753047761462)
(-10.3255936605352,-16.9976873144435)
(15.1887964063403,-17.3820251816922)
(22.2282960566193,7.55491463479770)
(0.102018808302037,20.8424012697459)
(-17.9355257674830,3.21282290421095)
(-5.38701856366497,-17.7970156763399)
(17.3486692777178,-10.2193561754641)
(14.7064389410610,13.5375283894475)
(-9.34548560572499,16.1443811334973)
(-17.5388769761059,-7.05299904811728)
(3.29741753460144,-20.7622656947612)
(21.8498709579152,-3.84103112798457)
(10.1327250583285,18.2942689009061)
(-13.8904206148016,12.5163983732049)
(-14.0296153962659,-11.6219148858719)
(8.86982663457320,-17.0236071530527)
(18.7919296755490,3.93618899858141)
(0.208404918560252,18.0753695189736)
(-18.1360535572599,2.74969733962460)
(-7.55612593928945,-19.2664176407417)
(16.5172348923236,-14.7509253824568)
(18.2784936034429,9.16941909391690)
(-3.76057206389635,16.3007499885156)
(-15.1198715972586,-3.08558366812023)
(1.29580378828607,-17.9770529107153)
(19.2952776931433,-5.03114208241586)
(10.5015743996936,15.4351490092917)
(-11.4963692700292,11.3103409017818)
(-12.2950462296395,-11.2079076757291)
(9.70163572529592,-17.0249382314479)
(20.4130974454832,3.31653105665778)
(2.81952810099595,18.4737975785473)
(-16.1430970206906,4.52856911558696)
(-6.69082991055906,-17.5430640154106)
(17.5144933207277,-13.5068089565300)
(19.5709485454111,11.3204790738451)
(-4.12343566488345,19.4334094192697)
(-17.6590649101712,-1.72377333105471)
(-0.0436785288447477,-20.0235700112996)
(22.4337454698795,-7.09841834582185)
(15.6447171111286,18.3972765628193)
(-10.7215838758175,18.7149821327182)
(-17.7912879784262,-6.05077561425494)
(3.75699111710371,-18.4156232324750)
(20.0300272961660,-0.493509175129235)
(5.81565889437325,19.1720330955970)
(-17.0996560290596,9.46822681685869)
(-13.3215661132638,-15.7468509582560)
(12.1111827088245,-18.6991799869283)
(21.2062747374269,4.84710275970766)
(0.520700258822000,18.9637003997483)
(-18.3967676418183,1.59051804684623)
(-6.08595566877185,-22.4363216017898)
(21.4689151730611,-18.3765042898603)
(27.3768710554318,7.95508030482635)
(7.53883095052536,21.1132700994329)
(-6.94442634140996,9.06128363274735)
(1.08848928294909,-2.62590528512066)
(11.0648368678236,6.12550396989436)
(0.709812586213798,18.6474626059206)
(-16.8928829149016,10.0093353026356)
