20167521863315855715464294057.
0.040000000000000001
(-0.502754647664175,11.1656877299992)
(-11.7073047103071,1.59897975986421)
(-5.82108109478253,-12.1609529446272)
(9.26180329871603,-10.7955573714159)
(12.6812352947237,3.96231245479644)
(-0.180258385787007,11.6604897107454)
(-11.1758415402408,1.77139216404248)
(-4.85220364204493,-11.4949797410899)
(9.75901456402484,-9.13584956871314)
(11.7395051198186,5.80676085824913)
(-2.21304799541200,12.3029030512817)
(-12.8402428986668,0.864248412374059)
(-5.19289383108751,-12.8363856272385)
(10.1901265145072,-9.66728421966810)
(11.7217334383335,6.06307843359066)
(-3.03290623026484,12.3192442517416)
(-13.6736541668954,0.0590698871172456)
(-5.32623114256144,-13.8959811971515)
(10.3755446026572,-10.1603766119217)
(11.2543887264759,5.97042699856290)
(-4.36984887024179,11.5107632145226)
(-14.8514362311291,-2.26624093106671)
(-5.00457891845370,-17.2391100605350)
(12.5626459981587,-13.0782914141088)
(14.3538498018338,4.62235815620283)
(-1.83344945816512,11.6286331416963)
(-13.6554198236381,-2.00441868192749)
(-4.39235781577040,-18.4007268307129)
(14.7268180388775,-16.0102543512841)
(20.1122314906445,1.85645515612922)
(7.24970407010532,12.6652229726124)
(-4.93637622512605,5.52659010343872)
(-1.34459872111863,-5.60817135892657)
(9.24261629690716,-3.40445807615489)
(8.54222823485706,8.18912981097241)
(-4.13464282046590,10.7130868005612)
(-10.9620055515359,-1.26224489813670)
(-1.71691315227897,-11.7339736911182)
(10.8654767170756,-6.10493046879443)
(8.82691758942725,7.48830420385309)
(-5.24115645803867,9.18274358434362)
(-11.2887940659698,-4.44927049706867)
(0.0754542166796527,-15.0391174034642)
(14.0268328087120,-7.92415136738993)
(11.9947053096577,7.17655490531133)
(-2.35680486533579,9.62426327300463)
(-8.27445421020827,-3.20098711188445)
(2.80540746904728,-12.2081861860843)
(14.9995625522647,-3.58275336810772)
(10.2344754567796,11.4013264005523)
(-6.06351877123387,11.8298388563472)
(-12.0715518884810,-3.54172720762478)
(0.189296064044774,-14.2473705581127)
(13.7659222723592,-6.42114668708399)
(10.4637637233197,8.09221613001994)
(-3.83670528168133,8.61412648634602)
(-7.75627655294422,-5.19904508867296)
(5.18064031170133,-12.9205562526278)
(17.1459912609321,-2.31963200417694)
(10.9822851083348,13.0516107464517)
(-5.51250055226986,12.5712550848248)
(-10.2737593634345,-2.60620667237549)
(2.23535174947892,-11.1813557984311)
(13.4360108642570,-1.64440394535500)
(7.02300113040898,11.6225410989225)
(-7.85808987270121,8.88489224181289)
(-9.53118401666472,-6.68044353797791)
(5.22589797995140,-13.1287004723951)
(16.0551160887869,-0.849988406044827)
(7.54842149148989,13.2612755697249)
(-8.52825421210294,9.16752477291156)
(-9.14453506644628,-7.77579579923692)
(7.56275388203755,-13.5419986097654)
(18.8539612601750,1.17317037964911)
(8.53304313944366,17.3390961553137)
(-10.3018545210225,13.3319457834140)
(-12.8779824823964,-5.24822733854184)
(3.27330913352662,-13.1729946089782)
(15.0622023808684,-0.343208118257500)
(5.94194739094038,14.4356062452446)
(-11.1807892693432,9.79960506501478)
(-12.0618598850786,-8.36502695820761)
(5.01586355672414,-15.1443295030813)
(16.8391914598586,-1.32999690137520)
(7.61634401407644,13.8124237487002)
(-9.12281939955840,9.50440021269660)
(-9.62133263810130,-7.59233325047263)
(6.80344170563817,-12.8881189792161)
(16.8628100386519,1.54838625193243)
(6.01337149550287,15.7884100323334)
(-11.0587222127970,9.89864909585291)
(-10.8585464144331,-8.16987922545527)
(6.22115697955861,-13.6714372011507)
(16.6668795280535,0.503698195185144)
(6.80192231618889,14.3103573522411)
(-8.43550528220068,9.06375774229330)
(-7.13443018135289,-6.34435007447927)
(8.28073241462671,-8.47724519531845)
(14.4480098896355,6.88115390242231)
(0.513399631878971,18.1549993760488)
(-15.6993849446338,8.27282480463165)
(-12.0905625191161,-10.7210172765033)
(6.66761345559456,-13.7618634931260)
(15.1822801656506,2.53255407626318)
(2.40219582547225,15.1197773715348)
(-13.2484878114683,6.56048125080357)
(-9.82132830883793,-10.9610642604633)
(7.61523305003925,-13.1889105293693)
(14.7365391013771,2.01284072594908)
(2.80696254368879,12.1945314912951)
(-9.01827135247629,2.99662908842067)
(-1.70105523081078,-10.7167173759637)
(15.1702855606160,-6.02234434096931)
(15.7930019576255,14.0688812285602)
(-4.82236380242969,22.6798698977478)
(-21.5678194542985,6.01915836141000)
(-12.4588965804513,-15.9815925975029)
(10.7427419191420,-15.3973983855794)
(17.5641640920028,5.88616935863477)
(-0.106274996660004,18.5014760565578)
(-17.1929164890486,5.53243711872185)
(-10.0019141565961,-14.6347025911296)
(11.3419479072003,-14.0171231844621)
(17.2985759805605,6.28429245295316)
(0.0121755868194042,17.9520471633887)
(-16.0061176975147,5.05269850984172)
(-8.31016237054920,-13.8616596657068)
(12.0871329122585,-11.8888282256837)
(16.2026152926754,8.45121679248218)
(-2.22077891956962,18.6585972539860)
(-17.7713442904471,4.15740316743341)
(-8.80542673297200,-15.1463718898575)
(12.2221387470299,-12.5273469088551)
(16.0278643317107,8.23341839400024)
(-2.64221026326608,18.0688302948049)
(-17.6650751042886,3.20270737831952)
(-8.04883227991268,-15.6067902110042)
(12.7152710813951,-12.1113755349417)
(15.5466282545130,8.68659904298879)
(-3.48384121222711,17.5378287196245)
(-17.6209023221883,1.94491734879193)
(-6.92428995131259,-16.2633342239286)
(13.7020635153727,-11.4925525008316)
(15.3160570757201,9.66980879706133)
(-4.46170823144940,17.5661541860831)
(-17.9824490943834,1.01863758879879)
(-6.25713560522071,-16.8921568151421)
(14.3478908623717,-11.0855511704588)
(14.9472813771799,10.3130801170228)
(-5.34390589859956,17.2484212480966)
(-18.0391489423370,-0.127280197118575)
(-5.17856393840856,-17.4996334797076)
(15.3438893649110,-10.3778175452384)
(14.6955075731097,11.4617373376904)
(-6.44380146167823,17.4656348594514)
(-18.6215738728175,-0.927722513580239)
(-4.75825796666096,-18.1189324110084)
(15.8142926408752,-10.0418860431270)
(14.2423286169533,12.0871564477409)
(-7.47860391078420,17.2993301811546)
(-19.1723518187529,-1.86830369715886)
(-4.60187913347056,-18.8897493452433)
(15.8520724042708,-10.3067091540981)
(13.7489698326172,11.5030628796390)
(-7.58893960145623,15.7683835413539)
(-17.8370442845148,-3.45247650971225)
(-2.37284745516694,-18.9447683372325)
(17.0639965567814,-8.68952020035854)
(12.9378178098544,12.9641857698819)
(-9.12501214710483,15.3133348164825)
(-17.9198252627145,-5.37433709789171)
(-0.504011684868073,-20.1913514666863)
(19.2203805800983,-7.97182601721857)
(13.6775800534534,14.7330198819370)
(-9.62562428350377,16.4477863865921)
(-18.2607029946484,-5.18086578779213)
(-0.166062618782260,-19.8196982942710)
(19.2555527489554,-6.76685000382341)
(12.5120424302870,15.8842873307687)
(-11.3516036749764,16.3195984467414)
(-19.0941106244129,-6.41228975318982)
(0.279461840675769,-20.7257120129899)
(19.8336060852874,-6.47065778267886)
(12.0370548273553,16.6960978767227)
(-12.7348704566175,16.3992399722663)
(-20.3652523318047,-7.40182278321003)
(-0.326095050312781,-22.2111643004397)
(19.7237638933582,-8.06879276394027)
(12.4376281204837,14.8580114485578)
(-11.3103879944429,14.5630828725494)
(-17.9074485068610,-8.21470978150390)
(1.94943734478076,-21.3361143689154)
(20.4700604399061,-6.41940344323408)
(11.9413931723900,15.5448204017380)
(-11.2498076464499,13.8923555076274)
(-16.2575468185464,-8.58831368976444)
(3.86788276746679,-19.7449545858783)
(20.4101786667066,-3.54305528054652)
(9.60012429580706,17.1793565112246)
(-13.6114336835633,12.8811300077989)
(-16.3976838438773,-10.8004051520191)
(5.59723359336394,-20.6195910794950)
(21.7345517905647,-2.43077405154239)
(9.22823296182144,18.6291930753264)
(-14.7209386861442,13.1828703115491)
(-16.9020848076002,-11.1547603635986)
(5.29257033570044,-20.4601809425179)
(20.2778121691905,-2.30475983104349)
(7.03693141175230,16.6878616279699)
(-14.8334674461236,8.65736899053845)
(-12.6763838817461,-15.4244511576087)
(12.3962920695353,-20.4837142177017)
(25.7634943940133,2.97916434535477)
(7.42959518828758,24.1485265748217)
(-19.0487569144909,13.9178366637870)
(-18.1937122073190,-14.2951100314285)
(8.38415429672571,-22.3586341654120)
(23.9237738169615,0.0928602183848136)
(7.28917686356830,21.3576550142291)
(-17.8339256844852,11.7545527052839)
(-16.1027574222613,-15.1147625952449)
(10.0936597165320,-21.5115564157987)
(24.0283896411784,1.54174302283764)
(6.18069961803114,21.6172436783168)
(-18.2186091161446,10.3713904258319)
(-14.4635737674393,-16.4539410661482)
(12.7250020726815,-20.8128994651261)
(25.3661041183211,4.23010852025920)
(5.27421858341314,24.3090493661605)
(-20.1447792315454,11.5214247304419)
(-15.8415340617421,-16.4073729191015)
(11.8885263594205,-20.5919552675303)
(23.9758454411900,4.72661015352885)
(3.09030131176955,23.9325404882384)
(-21.9638691624891,9.64525640864224)
(-16.2541752873026,-18.9564146754163)
(12.5966822231433,-22.7310139634889)
(25.0850529810008,2.96475923803487)
(4.94661550364088,22.0734647780156)
(-18.4389005218278,8.51153340724099)
(-11.7001440405424,-17.3840441602255)
(15.3835051281797,-17.8254225069669)
(23.6541841934697,8.76615400562627)
(0.0774578860795601,25.0841026425636)
(-23.2178553051314,7.41754419410406)
(-13.6846523145547,-20.4127530228849)
(15.6352121333247,-19.8898856949048)
(23.8299639213217,8.13721408177504)
(-0.639797724949644,24.1864721948143)
(-23.3866952052901,5.29615076705936)
(-12.0108902385285,-22.4565447188062)
(18.2517727744297,-20.0916019115516)
(25.3900259051426,9.59417988527002)
(-0.671166821533420,25.4982080281735)
(-23.6502519573807,5.51208918673710)
(-11.4278219603422,-22.3511452230748)
(18.8925503706487,-18.9214156853315)
(24.6787639503803,11.2344282340844)
(-2.54323663302999,25.9290128995543)
(-24.9418212398335,4.31870657792459)
(-11.1366561734981,-23.6929380293897)
(19.7694178133128,-19.0590398053346)
(24.7098770084624,11.7694880957029)
(-3.13223003711656,25.7537659887874)
(-24.7574853601547,3.48785957786688)
(-10.0357401561782,-23.6216274243753)
(19.9793936803340,-17.5162014134450)
(22.6933487149918,12.8805594393840)
(-5.85062212205595,24.1044554919409)
(-25.0141857847521,-0.442389396195918)
(-6.75497519380710,-26.4908535202498)
(24.2228392654233,-16.7120855836327)
(24.4064414812275,16.3247693229422)
(-7.36331791170556,26.8318637612609)
(-27.4114037765550,-0.362951731874650)
(-7.76133648296743,-28.0596510115840)
(24.6148842125288,-18.1143739495363)
(25.1312206785778,15.3668717832567)
(-6.21848716668856,25.6426559361380)
(-24.8510734939669,-1.26647765060825)
(-4.14179687306422,-26.8953457017712)
(26.9636132756959,-14.2809753628557)
(24.3244556090667,19.8399544724753)
(-9.27333092238759,28.0506188576005)
(-27.5212965764677,-1.30625955233534)
(-5.27244518933881,-27.4294412185465)
(26.0333608841179,-14.0121279635219)
(22.3007591934633,19.7357386627034)
(-11.1725500645266,25.8995776445770)
(-26.8398487004962,-4.62814390574675)
(-1.82557275179144,-28.8106689160665)
(29.2257941010055,-11.7458732908685)
(22.2221705605556,23.6674891273367)
(-14.1502250680336,27.9865788711832)
(-29.6672640989592,-5.51839230386313)
(-2.50572632172240,-30.6766785380302)
(29.7493511228548,-12.4583690373730)
(22.1063416655168,23.8383469616582)
(-14.9109194777525,27.4865875954717)
(-29.6029413391145,-6.82790133770423)
(-1.24673926560761,-31.2809219728544)
(30.6983324489136,-11.6178565514175)
(21.6006433993427,24.7710713126792)
(-15.7749845329648,26.9987099622740)
(-28.9528405745877,-7.97504231723186)
(0.655436142359430,-30.8464828710455)
(31.3680396985559,-9.09302602513753)
(19.5456024084612,27.0289644786756)
(-18.8412505862638,26.5845185998628)
(-30.1140655105608,-10.3822364899571)
(1.81672721922105,-32.3501436975774)
(32.3649815422958,-8.39641753517783)
(18.4738038978722,28.0047749037242)
(-20.6750368510612,25.4964564823441)
(-30.0409742671612,-12.9374136564421)
(4.04888853628577,-33.5741225039037)
(34.1409800854938,-7.14022728557748)
(17.8725442795087,29.6201793434454)
(-22.2175297472534,25.0034577728607)
(-29.7145148060699,-14.8773196580395)
(6.45641358717107,-33.9834926382629)
(35.7541403194020,-4.80364929696902)
(16.4679788419631,32.3664099067016)
(-25.2994230282196,25.2338665133175)
(-31.4191080781574,-16.9926077229968)
(6.87732799632977,-35.7624685975761)
(36.0839174384095,-5.00251669945526)
(15.0879716891495,31.7605190038083)
(-26.5970812994747,21.8980025327454)
(-29.3241509242204,-22.0489613883709)
(13.0285845192260,-38.7243066123523)
(43.2815556836732,-3.28633581719442)
(19.8360099286230,37.1501638515640)
(-25.2498345372767,28.2468448776737)
(-30.4334899273326,-16.2350275374926)
(9.91776986853570,-33.6862431423295)
(38.0151551540940,0.0269978977110351)
(13.6931845079266,37.0684096910112)
(-29.3072650982881,24.9300786927228)
(-30.7957115848075,-19.6951375131565)
(11.0928644816557,-34.2632171297077)
(37.0087947208401,1.53629228958529)
(9.91154171437781,36.8064555246531)
(-32.2975878595516,20.9069956008525)
(-29.6787331743756,-24.7629454857681)
(15.0541341666315,-36.1623579962861)
(39.4894268152202,3.26546417384098)
(8.98783507889278,38.4936279869036)
(-33.9954043084896,19.7364837823896)
(-28.9533855201171,-27.1783240086434)
(17.4092251891957,-36.4810932692963)
(39.9741374369295,4.95675659761364)
(6.83739651365603,38.4469622663207)
(-34.9091772226097,15.9185025739742)
(-24.9021710719104,-31.3891399900904)
(24.6172988167835,-35.7417831923342)
(44.3418136658162,11.3948091915098)
(4.92691462925931,45.5158898065023)
(-40.2984406733297,18.5037451630067)
(-28.5818894780687,-33.0447174950616)
(24.1580681481969,-37.5831737907563)
(44.4008839610828,11.4758575101019)
(3.47645011746111,45.6285899853893)
(-41.5870727945105,16.6366758484407)
(-27.2729665349999,-35.3295670483314)
(26.9936625951399,-37.1480934339099)
(45.0808376117386,14.5705735006836)
(0.748536584598916,47.6593721142582)
(-44.5415905345478,15.0877936018330)
(-26.9917701532608,-38.2615215912668)
(29.5294329576609,-37.4735204664016)
(45.7640447712570,17.1571110186672)
(-1.98920674995177,49.3228158392787)
(-47.5319456319750,13.1229275005224)
(-26.6745957083366,-41.7131200914989)
(32.2522495112745,-38.4250532485089)
(46.9317666681272,19.0317184877251)
(-3.74793906526302,50.4181279141874)
(-49.1289907227664,11.2283370889743)
(-25.1790016829406,-44.1101524002250)
(35.0883567558842,-37.7163784909369)
(46.9004755958122,22.0803430484439)
(-7.19037723794738,51.2407825837955)
(-51.5353004689563,7.71931156948666)
(-22.8820201956739,-48.2773244389734)
(39.8253453179552,-37.6721908206118)
(48.6461058065017,25.8685410392447)
(-9.80644750979252,53.4785658878499)
(-53.9330984984970,5.39844263667643)
(-20.7149998518883,-51.7474857762693)
(44.7306390634535,-37.0110664906808)
(50.6885588798161,30.7225777677281)
(-12.5567706414779,57.3839413555080)
(-57.4467163213954,5.00968403882777)
(-20.8903172146297,-53.7370228733898)
(46.3657201301656,-36.2022044068359)
(49.5148172684886,33.7784848224025)
(-17.0933291208817,57.7891315936157)
(-60.3871367246003,0.720026784746478)
(-18.4543052391864,-58.3407318116342)
(51.1773886053760,-35.8257180294570)
(50.5561113751264,38.0802748217230)
(-20.8552501075289,59.8203405679881)
(-63.3829738869021,-2.46057647654303)
(-16.1417131540290,-62.2948628874329)
(55.9139163043881,-34.7755511536340)
(51.1946318607839,43.1785778567427)
(-25.5109514741803,62.3709686124804)
(-67.4281450947938,-5.73979215853821)
(-14.5953302459306,-66.8609457380974)
(60.2944432491142,-34.5365864903064)
(51.8225591634604,47.4121472857295)
(-29.7638488897728,64.0631866330058)
(-70.5638392720129,-9.56654733972531)
(-11.9495203149005,-71.2284749004399)
(65.2466693760315,-33.3847521210023)
(52.0872617187753,52.5323960912658)
(-34.8284499884105,65.8383019489240)
(-74.0175520165923,-14.0275652587045)
(-8.81516528856132,-76.0477922926329)
(70.7830736086159,-31.8621633865355)
(52.1613263238226,58.4327635789749)
(-40.8278912783957,67.8497895824063)
(-78.3280444806414,-19.1361676606958)
(-5.93723208544333,-81.8751628480196)
(76.3702912840297,-31.2803206196216)
(52.3305217647164,63.0678101006305)
(-45.9324522441465,67.8130976658837)
(-79.7180810260868,-26.2203822929769)
(1.78583823416776,-87.4742065850242)
(86.4676742107219,-26.8049809472560)
(53.7819560208444,74.2273587742731)
(-54.0277987039881,73.9016838806855)
(-86.7935227793017,-30.1918722330425)
(3.71010372332052,-93.4382025942221)
(92.2612376449424,-25.0278116398270)
(52.8006999391641,81.5320403669634)
(-62.5402546172961,75.7143467930376)
(-92.0897010149028,-37.8306486101337)
(8.89357626164871,-101.034810381759)
(100.831550807565,-22.3655071575850)
(52.4297005438295,90.7463461207875)
(-72.1491722669872,78.2009925238388)
(-97.9972723418022,-46.5816418437603)
(15.2344688260292,-109.731253121672)
(111.020733488917,-18.9665310181173)
(51.8438007646909,101.853594771869)
(-84.0407613001714,81.1334079492415)
(-105.820904510410,-57.7393677156253)
(22.4583586808866,-122.155779274569)
(124.801712221066,-17.9222003043360)
(55.6701994605232,113.089805415770)
(-91.8916235471249,86.1311748388275)
(-110.078093007316,-64.9527216197179)
(31.5930747915586,-127.897912116901)
(135.851156639934,-8.37315971309126)
(50.6233385064230,130.149719649168)
(-111.080939365408,89.3645453679376)
(-121.040010370236,-81.1480233915427)
(42.3883809061856,-143.257396071826)
(153.197181736160,-2.59004280593053)
(49.5731234720754,149.011265152313)
(-130.748584714300,94.2185668227778)
(-132.677975210745,-99.2184753050260)
(56.1696136867945,-160.666372423391)
(174.485737846057,5.59295571644673)
(47.6292816903302,172.962318412042)
(-156.135634303705,99.9245382351110)
(-147.467733318056,-123.185902097226)
(74.7325575121432,-183.970525333069)
(203.578290370112,15.8404810283177)
(46.7351375411084,204.819586850431)
(-188.432436043497,108.820206266651)
(-166.830452270396,-153.350769185044)
(99.1207617834274,-213.776828282060)
(241.970345824337,30.5520868153320)
(44.4825200765536,248.394227037077)
(-233.407252887595,120.365496684225)
(-192.818646334984,-196.140140688889)
(135.700842322608,-254.780463268827)
(297.752544743905,55.3971648541184)
(38.0781832950569,315.957076642672)
(-306.076755540270,137.850169136966)
(-236.248223429790,-265.417847797360)
(193.558282516551,-323.646701377780)
(390.642487644020,93.6211349959632)
(29.4546397394760,429.107401071437)
(-430.989045785771,168.676952239941)
(-313.638870288431,-390.203751875948)
(304.095463119410,-453.568421239675)
(577.456889797598,169.081772131517)
(16.3489895894795,666.704698333663)
(-703.358867093917,238.346317038357)
(-485.137278771302,-695.862212004039)
(650.004216232397,-802.587657911854)
(1268.64092451319,452.112783782678)
(163.057915987146,1787.73226286061)
(-1907.62160782622,1337.98570112423)
(-2672.92296062496,-1053.80005101140)
(-821.493935447954,-3234.10377398465)
(2272.53400976670,-2846.52145424928)
(3735.78539013075,52.9272511782787)
(2166.55695756987,2875.45861902040)
(-887.324375919925,3133.62750594948)
(-2596.01543639387,945.468008001410)
(-1765.99467956962,-1309.98102656781)
(201.940883483763,-1640.80479714897)
(1153.63910081402,-349.401420231908)
(509.482332039697,748.328934637876)
(-498.722868619855,554.458874313584)
(-591.793406094541,-305.260602344687)
(111.870170157002,-599.387582233780)
(553.919615473851,-67.4773108328285)
(211.344777335725,465.960448798431)
(-352.572032501726,314.774108193899)
(-377.389228389614,-225.079794968165)
(94.7704021823920,-399.039408024003)
(383.489777246824,-27.0813252119507)
(132.343780531232,337.038986360694)
(-266.362809656841,214.840183756916)
(-269.772862620512,-179.668173488285)
(86.2355780781428,-295.543064850116)
(293.360901553102,-5.79391011402442)
(89.2966417249206,265.674829499834)
(-216.824327009793,157.630785673762)
(-206.305300635400,-153.221513754639)
(81.2269152767948,-233.444578161890)
(237.961622151248,6.76801541446781)
(62.9652461557496,220.068116278081)
(-183.683161900436,120.982224476855)
(-163.956152948126,-134.803538091362)
(77.5534136886796,-190.982195886420)
(199.741168135283,15.3800189802821)
(44.9948260845250,188.242918687361)
(-159.575838247116,95.7314142392999)
(-133.522028384772,-120.118870023610)
(73.6986386378082,-158.601019667461)
(169.364967802201,22.2271393525405)
(29.2412546612961,163.357957743090)
(-142.615390013298,73.9472727509228)
(-109.305853850671,-112.214168108412)
(74.1227145712611,-135.690427558423)
(150.148774642666,28.4126695756339)
(19.9337686366130,147.746789997609)
(-129.322519548887,61.9938495848700)
(-93.3444755009704,-101.704541895920)
(69.4614336166744,-115.764783781878)
(129.871517064743,32.1792995664164)
(9.08741918266578,131.981355652107)
(-119.902512510779,48.3998956076967)
(-79.9786156981640,-96.7768272805967)
(67.1832197875062,-102.289854638781)
(115.399443628719,33.4289442209213)
(2.57706263382713,118.132550629842)
(-109.771276705208,37.2495265387258)
(-66.9823975428508,-91.7858742635829)
(66.4851683242264,-89.6663354066037)
(103.739731071670,35.9878115006222)
(-3.09254580809684,107.837499814849)
(-101.917918559973,28.7929022702047)
(-56.9273120392201,-87.1751766073283)
(65.0186346482533,-79.1589349284867)
(93.3069900982187,37.5177798279490)
(-7.92532076304013,98.2514729262255)
(-94.7175268981164,20.8956558689029)
(-47.4988724080208,-83.5488737546076)
(64.6982249515286,-70.0074397825458)
(85.1561388876750,39.4561044196399)
(-11.6695773107640,91.0084472955560)
(-88.6986337660744,15.1740099136306)
(-40.0734960051446,-79.6902586592008)
(63.6169290166107,-61.9787207691394)
(77.7046929987765,40.8716637842086)
(-14.8420062966963,84.6815051380453)
(-83.4864435513249,10.7464262057775)
(-34.4103559152971,-75.5637545281629)
(61.0240045821824,-54.8955264722934)
(69.4892451530837,40.8337370862927)
(-18.2651183317309,76.7130681077553)
(-77.8645898695316,4.26291455134833)
(-26.8951225260375,-73.5615557616654)
(61.9054341087820,-48.5740171400924)
(64.9240272170208,42.6777413836113)
(-20.0671853586360,72.7649646728969)
(-73.5912553100422,1.73563133442636)
(-22.5065710420008,-69.6605106159319)
(59.9422873938672,-42.5786747977736)
(58.8526922758265,43.2755878949204)
(-22.4384525747848,67.8087905036861)
(-69.7276900763145,-1.46064029847133)
(-18.5215387963307,-66.4985419214203)
(57.8638856837093,-37.4314273562251)
(52.9390735601495,43.2294740041737)
(-24.7510963118134,62.4203679055266)
(-65.9762594778472,-5.32495982395234)
(-14.2771756711309,-64.4758795593564)
(56.9710666493667,-33.3698132709644)
(48.9207198204307,43.0430011887657)
(-25.4002353814252,58.1898826428955)
(-61.6430680995528,-7.25980221822909)
(-10.6832240090894,-60.6365478125677)
(54.5850916760815,-28.2117153727028)
(43.0501899311625,42.9768747264308)
(-27.7475992422965,52.9809340800140)
(-58.1473667298216,-11.1411292757967)
(-6.42723002863897,-58.9580158751963)
(54.2225951291269,-24.1950691068608)
(39.3647578167714,43.5808786406371)
(-29.2257775615651,49.7555942031953)
(-55.5980302085794,-13.2452060925935)
(-4.02471307461228,-56.9772588352482)
(52.5442574636400,-21.3586111002506)
(35.6428903763005,42.5395455879750)
(-29.7769118189200,45.3810963724108)
(-51.8450217396239,-15.7941573370129)
(-0.439360654143020,-55.0034915436974)
(52.1215318931187,-18.1713613881880)
(33.1942528157257,42.4697972202247)
(-29.5156042857793,42.7587623195969)
(-48.3171197819187,-16.1595857399981)
(1.70439982810227,-51.1601505650636)
(49.4104295610867,-14.1310771745668)
(28.3258785066979,41.8970035190648)
(-31.0042392704782,38.3905841989638)
(-45.2115264078762,-18.9316837217528)
(4.95242791277837,-49.4141992923083)
(48.7814830667492,-10.9164442818184)
(25.3658926553736,42.0871478839535)
(-31.7950318435747,35.7187292203586)
(-42.7839122353972,-20.2565869419662)
(6.90173937018323,-47.2669332062268)
(47.1722292053974,-8.24160045747262)
(22.1070270385503,41.4492340772743)
(-32.4487230478114,32.3860833617324)
(-40.0595619538403,-22.0994114295820)
(9.39241921186695,-45.6018270179107)
(46.5270777655780,-5.75426894329412)
(19.9791886693444,41.3957137692814)
(-32.5426222188958,30.4974978439303)
(-37.9809675309118,-22.2801668534482)
(10.1299324636568,-43.0620641917704)
(43.8876852664680,-3.80282488194911)
(16.6756065623243,39.6133580113436)
(-32.4250332535123,26.5934622700604)
(-34.5554958300110,-23.7406713053772)
(12.4335062833918,-40.5507911883907)
(42.0116493686271,-0.992415570950545)
(12.9576006594986,38.4647885576993)
(-33.1245289209171,22.0007057547432)
(-30.7402278556890,-27.2266944779078)
(17.5270942848917,-39.8363840136626)
(44.7373077430877,2.56726355792550)
(13.1031170691309,41.8406345786948)
(-33.6736457274228,24.4439597334452)
(-31.6553201090287,-24.5101454929878)
(14.7396129307590,-37.0471322389719)
(40.0281818093713,3.04190649242239)
(9.39196162453009,38.7563021960613)
(-33.6280294329653,20.2640330430918)
(-28.9692201388552,-26.0044100503286)
(16.1412420098904,-35.3217532851426)
(38.2053114033285,4.67401655323090)
(6.61761344353241,37.4441028341345)
(-34.1255012048472,17.1092072567006)
(-27.2376575282159,-27.8599865602886)
(17.3060909931479,-35.1708270049666)
(37.6062677995474,4.34955254378400)
(6.57833893342149,34.9302502027996)
(-31.0777099583493,14.4706651784529)
(-22.3588694840188,-27.1276321177291)
(19.9681115599089,-30.8242282557167)
(36.0695249092703,8.64736954673937)
(3.23312129589509,35.9641023326294)
(-32.7046259721794,13.0881304624996)
(-21.9505093338636,-27.7850789193909)
(19.7892702737937,-29.8072309442669)
(33.9205026709200,9.04074288592287)
(1.12721545022224,33.7689092141034)
(-32.1175862334377,9.71970197811465)
(-19.0813555911584,-29.2569654136549)
(21.9907529470672,-28.6771225115564)
(33.9033258747891,10.3854342457312)
(0.602724308580777,33.3128502340801)
(-30.8666413716986,8.58258769839962)
(-16.5776540469247,-28.5433575251836)
(23.0595999112910,-25.8583873004635)
(32.3611168441588,12.7983052143123)
(-1.65228260596800,33.3562578227046)
(-31.4858900386815,7.29112690433673)
(-15.7990539003620,-28.8524462440710)
(23.1499049346107,-24.8718963347563)
(31.0835759322178,13.2061672001047)
(-2.56929031678178,32.1545814724580)
(-30.5776676541022,6.02405172384422)
(-14.2633801652555,-28.2406441751840)
(22.9559392004648,-23.0216037765798)
(29.0634551703184,13.7019833638723)
(-3.83642789290756,30.3566738767315)
(-29.2888973454005,4.20617636298405)
(-12.0647551047133,-27.4882703522556)
(22.9049239805884,-20.3836748711186)
(26.2293374256198,14.9104207136238)
(-6.55375947506514,28.3697552725473)
(-29.2303509210242,0.993633397844202)
(-10.0843127172384,-28.9368740383117)
(23.9243288690741,-19.9997798257900)
(25.5583836913706,14.4249214381217)
(-6.30263398292533,25.5744495325846)
(-25.5800455260204,-1.81559498023574)
(-4.27830186889259,-28.1870527697065)
(27.9140137844338,-15.1156066331120)
(25.3084576941349,20.3154358095670)
(-9.44565209322840,29.1472264704076)
(-28.6872639907082,-0.937011401067905)
(-6.14584773691400,-28.1972486743828)
(26.4306006990730,-14.9070258280474)
(23.5219112814606,20.2158461981110)
(-10.9072104514295,28.2564796504803)
(-29.2402714111606,-1.84528971024058)
(-6.59409816538977,-28.2963644731727)
(24.9449236412628,-14.9345289240346)
(21.5090842021678,18.7046059005110)
(-11.4965560555245,25.2254516276246)
(-27.5104049484033,-4.36735104861360)
(-4.11825692196863,-28.5417805447671)
(25.9029016825620,-13.5989471904068)
(20.7108829831718,19.3943901963852)
(-12.2308145006523,24.3631246766993)
(-26.9367384244781,-5.43759682698724)
(-3.22195492095024,-28.3988527525227)
(25.4744189775730,-12.9341630109224)
(19.1992998943673,18.6264265795059)
(-12.7183931773474,21.6467341978098)
(-24.9859287825772,-8.33080935936040)
(0.279518986116954,-29.4887772377837)
(28.6991627414037,-12.1100792357853)
(21.5702890419219,20.2368305739285)
(-10.6101966392286,23.7518984646644)
(-23.3414997983341,-4.91456616310597)
(-0.151279098686449,-24.8051806942588)
(25.1516739274853,-8.22472623299673)
(16.3309902850613,20.9651806406097)
(-14.6970521293676,21.2313586924605)
(-24.8463772150837,-8.56666988323781)
(0.0369734703643252,-27.8783902874028)
(25.9274613041714,-10.9822518291376)
(18.3159269503432,17.8723205313726)
(-10.3272755805672,19.0332408875939)
(-19.0748930119228,-7.44161779432099)
(3.91780772343283,-22.9596842008121)
(25.5598761839045,-5.12806053031516)
(14.9609694535636,21.1514601713693)
(-13.2590460988322,19.2105823360268)
(-19.9381095764016,-7.86393848966982)
(3.55590401894360,-21.9677990886929)
(23.5918660510912,-3.66543307318142)
(11.7957645998501,20.8262959698758)
(-15.2887629261142,16.7975030869390)
(-19.7642286953620,-10.3102981111641)
(4.47244019738443,-22.8891694194501)
(23.5917056953880,-3.95747076125335)
(11.4908803763777,19.5330136692560)
(-14.0854320513487,15.0021357374844)
(-17.2537933811194,-10.3143858226990)
(5.45365316998200,-20.5035776321706)
(21.0519079181207,-2.17616075140621)
(7.66659687859336,16.9856870896964)
(-14.1263081910255,8.34460328769151)
(-10.7764329691387,-16.1091374227092)
(15.6601373566705,-20.0855011599895)
(29.0007756762056,5.31527298760447)
(9.29312113705342,27.5926686560729)
(-18.4172310809220,17.1515143454343)
(-17.8662988547483,-11.4823458229840)
(8.56523788853213,-19.3329026397294)
(23.2877815430875,3.38593039550111)
(5.61697424057370,24.0976418290233)
(-19.8087023161679,13.3750554487372)
(-17.6244967964987,-14.2497013717192)
(9.03738651119344,-20.7898679403360)
(23.1585064285758,2.25874911544597)
(5.49968996234856,22.3348605494371)
(-18.8358959410483,11.3888362952463)
(-15.6904590432081,-15.1754541504608)
(10.5576529879942,-20.3008029390616)
(23.3952217786954,2.97872413956654)
(5.23619092960819,22.0737603955347)
(-18.2554553818653,10.4864082041704)
(-14.2016479482888,-15.3871889186268)
(11.7357558086500,-19.4131031160558)
(23.5989819386424,3.91602035275957)
(5.37949166435307,22.2078848483698)
(-17.0558010529141,10.6468572156686)
(-12.5531027741822,-13.6396688231214)
(11.8264706915110,-16.0643390199740)
(21.1187001264243,6.83717003275980)
(1.68705416377596,22.7632104784187)
(-19.7125484685909,9.07828779188451)
(-13.4653950611752,-15.5061514658814)
(11.5537353097057,-17.1703855105492)
(20.5617472561380,5.84753482778149)
(1.45884693540225,21.0971560853398)
(-18.5977949209157,7.43636037267122)
(-11.4890085317665,-15.6342131660060)
(12.5753055964446,-15.6104195120087)
(19.6187625877910,7.43058222100771)
(-0.411673428541816,21.0878445809976)
(-19.6567853978925,6.07468253254675)
(-11.3831542711353,-16.8959794912137)
(12.7724284303875,-16.1908108627069)
(19.2995065916495,6.63805436042110)
(-0.338385491291616,19.3348378110663)
(-18.0568969535346,4.19196138299789)
(-8.66334959544091,-17.3661781736188)
(14.9877299638231,-14.9818042090743)
(20.1889007149697,8.22080869204655)
(0.102546655629507,20.2594432513433)
(-16.9941313546202,5.10131571511665)
(-7.51187707937602,-15.2078326086103)
(14.5883479391978,-11.7700756878249)
(17.7039025080713,10.6562199423256)
(-2.98014964101207,20.5521909610595)
(-18.8469407262704,3.95300663628210)
(-8.04186503304554,-16.0451615977415)
(13.9877292931364,-11.7284619977725)
(16.2602091162538,10.4948500387797)
(-4.38269426847122,19.2450334509719)
(-19.0380727280910,2.14930715614670)
(-7.30714289339113,-17.0001463496278)
(14.2819201935265,-11.7055895496666)
(15.6159191683084,10.2259830517427)
(-4.84655847584324,17.8471435399316)
(-18.1296102187188,0.493038020003449)
(-5.46598680346709,-17.4293037643475)
(15.4978473983104,-10.7798445834179)
(15.5651291094476,11.1481015148211)
(-5.13928269231633,17.8058024969122)
(-17.5287541929785,0.209717912890911)
(-4.41482661347147,-16.6421580526151)
(15.4998138463141,-8.96615515288666)
(13.9840505030377,12.4721572023907)
(-7.10878915066067,17.5247249979760)
(-18.4588365187523,-1.07442429366945)
(-4.32189922969669,-17.5629641199145)
(15.5191424761663,-9.19746800093901)
(13.4930504850002,12.0494599089514)
(-7.28569062294819,16.3889042247407)
(-17.5731657813844,-2.12085971677383)
(-2.99241838950746,-17.4403238836086)
(15.9663195928641,-8.11531090546580)
(12.7532163162420,12.7595897542283)
(-8.11559151807745,15.9878445788544)
(-17.5007171914198,-2.88597589315742)
(-2.42494150798223,-17.4803827066656)
(15.9182779237641,-7.54821689286658)
(11.9360124306082,12.8290125121397)
(-8.64464606832778,15.1142449667936)
(-16.9891657685222,-3.77775472038416)
(-1.55525231248002,-17.3597310366207)
(15.9189225408163,-6.75567532226652)
(11.0010700173635,12.9902637198107)
(-9.27995919978007,14.1508081673008)
(-16.4402273454184,-4.85146522249998)
(-0.478476922242538,-17.3683538305875)
(16.2158662797102,-5.91267313799363)
(10.2863209223193,13.4264791515213)
(-9.95053272318006,13.5838097817359)
(-16.2353367044158,-5.65321787923489)
(0.129384547482403,-17.4669259391232)
(16.2673804672565,-5.52747174781933)
(9.79761380228459,13.3411943324160)
(-10.0162177883416,12.8508624869644)
(-15.4541120249017,-6.06085568494665)
(0.853512556646295,-16.7931680822183)
(15.8191837507057,-4.42823960636748)
(8.38005329406544,13.5122550373617)
(-11.0702055206208,11.7523924857600)
(-15.3639175577058,-7.37855850562278)
(1.42956582704108,-17.3407420343569)
(15.8669532914964,-4.53846901843957)
(8.01613537148319,12.8356906863206)
(-10.8057367052862,10.4209240724349)
(-14.0912873836359,-8.30227138240761)
(2.74995646188937,-17.1211934464894)
(16.1822802772329,-3.87469005168665)
(7.65324362188948,12.6857016166669)
(-10.5161668473327,9.34955359544191)
(-12.5758275235277,-9.05422646916158)
(4.54599323154637,-16.5659537712434)
(17.0486974752707,-2.50105873350725)
(7.63645565125862,13.7000919761129)
(-10.4001717950580,9.78405431123217)
(-11.9726341053942,-8.26996437129625)
(4.68337739241280,-14.8641933725275)
(15.7424311311289,-0.756467753952603)
(5.35266431457471,14.0721693766939)
(-12.1054472197323,8.54692567813452)
(-12.1730019300013,-9.88421869925187)
(5.41283868296461,-15.5751591678890)
(16.2244235143528,-0.449308932098082)
(5.03208356452262,14.6970792173716)
(-13.1605875992330,8.94465198232314)
(-13.9474587049356,-10.0779900596448)
(3.08650549270595,-17.1636246741743)
(14.6311165277841,-4.27245787446250)
(6.37837344156208,9.36588345298442)
(-7.87812630969628,5.02192075212592)
(-6.83437430136261,-9.53468073036003)
(7.90493811323587,-12.0336155320294)
(14.5624840365134,2.05618763059229)
(2.66652440152340,12.9780343059540)
(-11.7005237059849,4.90738902125441)
(-8.54944565613198,-11.3100316282878)
(7.63048644946222,-13.2758762786702)
(14.0784247687680,1.31499647994184)
(1.93746333255088,11.3463009046535)
(-11.0924230328860,2.17300113555481)
(-5.72503034539479,-13.4197648861869)
(11.3833092218547,-13.0098851474361)
(16.5515048054003,3.69640643402088)
(2.29440400333722,13.9239688592324)
(-11.7493331453964,3.47649900767862)
(-5.88134543096766,-13.1610662396060)
(12.1298428742273,-12.6218373665968)
(17.5485475645594,4.95741824895347)
(2.78130333771246,16.0176414025899)
(-12.2516316869197,6.05147500120571)
(-7.77175399510470,-10.6439753440380)
(8.75828118129485,-11.1769571002252)
(13.6086500054806,4.21031599648478)
(0.0861164969373214,13.0604425895086)
(-12.4731597922176,2.52099051727280)
(-6.24520796046045,-12.7547889939476)
(9.98773002566370,-11.5384489487690)
(13.4300762070663,3.94142584511692)
(-0.366813025302876,11.2308174932189)
(-11.1032374505116,-0.434169747291312)
(-2.45171947799510,-14.5799948044638)
(14.4779459921807,-10.4674263051710)
(16.1856996612419,7.46213956290528)
(-0.365873785134472,15.1232868157311)
(-13.0170640508571,1.99033712157150)
(-4.71127082097138,-14.1590239947949)
(13.1096669986027,-11.5786740060242)
(16.4242312701876,5.73557674399511)
(1.64322311786000,14.0407815905448)
(-10.0531962158415,2.88294387606234)
(-2.64359470574438,-10.8866086424483)
(12.5681990014110,-7.25710489573479)
(13.2836689148093,8.79240187511437)
(-2.24169072929987,14.5031193246411)
(-12.7581475497119,1.47730329597388)
(-3.91735202057348,-12.5124120728795)
(11.6409897597013,-8.53370002341280)
(12.2173994996633,6.96030781471450)
(-2.30915383175285,11.4240389468171)
(-10.3375467745872,-1.72768486251383)
(0.762513434559877,-13.5041915083994)
(16.2741807502339,-5.97014100130445)
(14.2278548073358,12.0675377401309)
(-3.78281171691047,16.5720736086695)
(-14.1847061108626,1.39558098647183)
(-3.61306369068867,-12.9959654468835)
(12.7937113100228,-7.52339608954251)
(12.3681025407458,9.45179391006801)
(-3.91236201282400,14.0197710845335)
(-13.1740678950999,-0.0906344869571827)
(-2.64162232650176,-13.0888084604953)
(12.6881489295594,-6.93089210441756)
(11.1198182230100,9.48375327241231)
(-5.39722430866959,12.7186972836191)
(-13.8372752687673,-2.56072921847258)
(-1.91154209732242,-16.0435736942554)
(14.9934708935003,-9.64399151673864)
(14.9745704023853,7.87935873911090)
(-0.647846550583695,13.3080603091664)
(-9.87041558933561,0.730116376338061)
(-0.583557208361267,-11.1971261996170)
(13.4396165250363,-5.71167576253253)
(12.5838486458726,9.22609375657763)
(-1.33912659046161,13.0265087681080)
(-8.54478277898993,1.58257723896287)
(0.314532272063459,-7.62538879397324)
(11.2165371790706,-0.928798786315098)
(7.19123017964405,12.0158092902082)
(-7.24730774829700,12.1045988781720)
(-12.3224470620386,-1.87007017507764)
(-0.971593098029346,-11.2208456904867)
(11.0311620275269,-3.55592195161067)
(7.13209062395712,9.80473784169429)
(-6.83015067834482,9.73561410715613)
(-10.9281006775747,-3.86948230485014)
(0.820246311401347,-12.0669617555934)
(12.1313892798985,-3.57562536392908)
(7.46491936169258,9.40361742574749)
(-6.10057884306697,8.46427618794918)
(-8.89948316295078,-5.03609810921095)
(3.57172014766863,-11.8896076724090)
(14.2933978664230,-2.09755155538740)
(8.68996187391694,11.0746234391417)
