49520025290946288154611183520272.
0.040000000000000001
(-11.3203127840106,-0.767049413048496)
(-0.849410177269114,-11.4991804942036)
(11.2700606817251,-2.72336876671466)
(4.31533404791042,10.5228654349154)
(-9.83616769236527,5.51746347342850)
(-6.92475018976312,-9.27958535712402)
(8.21267751069725,-8.56292785585034)
(9.75617494546133,6.60342791061467)
(-5.07667821529322,10.4587980700385)
(-11.1847075775068,-3.59698026581507)
(1.70800954749384,-11.7154994843885)
(11.5615927510450,-0.190446946963622)
(1.57263362592539,11.2496909662747)
(-11.2802158274523,3.11884445394600)
(-5.31573466757402,-10.7046352756459)
(8.92390294491827,-6.87455930755558)
(6.95051951841591,7.52325761711754)
(-7.64512405263007,7.33719075251721)
(-9.48099863337492,-7.33729565716271)
(4.82622591164758,-11.2965792464996)
(10.6526138443619,2.29158556585076)
(-2.24484776582445,9.79040144952954)
(-11.6613509218431,-2.40597451477414)
(-0.728087353490142,-14.0430096728334)
(12.8284122723595,-5.22127044195256)
(6.49341579609613,9.40670071800139)
(-8.56139059356292,5.26306959457446)
(-6.27027357208893,-10.2050207102207)
(9.80329958437485,-9.97205722582530)
(12.1978195290134,6.44081656806788)
(-3.74917110452024,11.7508248024377)
(-11.6653304850292,-2.90412847543390)
(1.31396308812425,-12.8270148712590)
(12.8491724472371,-1.55294692311667)
(3.41565994608958,11.4728720834260)
(-10.8081970036036,4.29124608608815)
(-6.09089900209865,-10.3618622093988)
(8.22592375542497,-7.57554861855482)
(6.42551287119720,6.51142744725045)
(-8.44052814222926,5.47959550952079)
(-9.24976699791129,-10.8779987937977)
(7.91656465299100,-14.9325550858518)
(15.5005574218449,1.42668044774839)
(0.985559214495343,11.5770514542188)
(-10.8276436224191,-1.26505163683225)
(0.761797212686328,-14.8489391883161)
(16.6526560840378,-4.94772576368239)
(9.50886627445851,13.0822846059038)
(-9.68298283239002,9.34872586182758)
(-9.24088231276295,-10.0851342568790)
(10.0538487584452,-12.6887302000761)
(15.8385440588226,6.15127342219397)
(-1.76639247151937,15.2540008631925)
(-13.7136945603129,-0.162604088605560)
(-0.900544329145250,-13.9926829757621)
(14.0891663650645,-3.53229808714573)
(5.67693781513989,12.4993922398307)
(-11.4721816764043,6.28729281321969)
(-7.85787663311781,-11.7012206291541)
(10.3945005445450,-10.8107110306365)
(12.0328306613261,7.30080354708765)
(-5.82860020759819,11.3767037150333)
(-12.5506736820243,-6.03212197409362)
(3.83018432537163,-15.5709207580485)
(15.9629028713646,-0.927165751568054)
(3.53090100498127,13.2753897817676)
(-12.1906802018412,3.25120961576307)
(-4.58474179779720,-13.4954449827812)
(12.8470515659595,-8.10576391764509)
(9.45707246040535,10.1069075177896)
(-9.94726933361576,9.11155702810910)
(-12.5545799255265,-11.2578914646820)
(7.14438946361316,-18.3966214008901)
(18.0028022646096,-1.54556529063265)
(4.71073593910916,10.6883694577758)
(-7.15354965587462,-0.547993884383536)
(4.05075728813657,-12.5845340688163)
(18.2941544024346,-1.13607529500992)
(8.34105753854014,16.5665015617827)
(-12.1680747862465,10.1336840684688)
(-10.0725474141039,-11.5118726759555)
(11.3630278109731,-13.4781460938038)
(16.9079392960439,7.02811128132476)
(-2.12507446885268,15.7951386769509)
(-13.6300805553674,-1.22223157436366)
(1.10720559947591,-14.7901518386129)
(16.2283273741888,-2.21170861955611)
(5.65736264702879,14.3707382756829)
(-12.4648493167103,6.01504191165167)
(-6.80781659013308,-13.4420599676310)
(13.4203748789773,-10.8008378063438)
(13.7518397890095,9.65874818263653)
(-6.68726521001610,12.8722016274821)
(-12.9382188123775,-7.32608803739231)
(6.53999022822012,-16.7836975943137)
(19.1242460730087,1.52160304858382)
(2.13020840736481,17.3888483366256)
(-17.9757438840957,2.35173885371124)
(-7.33710177985492,-22.7048783811453)
(20.7540724689880,-20.0172366393930)
(27.3695109830980,5.97535033451836)
(8.51954634369416,18.4839287632426)
(-3.65838905695630,7.32740468251037)
(4.16276575390657,-0.636195784023132)
(9.18236011281144,8.73956609135448)
(-2.89825670433234,14.7831100762860)
(-12.2337050120656,2.29904254204352)
(-1.59964071407480,-9.57624407134571)
(11.2750199060660,-0.937179086463682)
(3.79926470755975,12.7207441559603)
(-11.3546126045598,6.43925170114959)
(-7.20333077212384,-10.3515565734367)
(10.4952190244639,-8.98775237148963)
(11.8716813631760,8.92697662560602)
(-6.06372291629206,13.0120059742191)
(-13.3347574431235,-4.58182931911791)
(2.72319912560800,-15.3517260500759)
(16.1263214506111,-2.28327814332972)
(6.35885417925885,11.9004532672883)
(-7.34960524351834,4.12975503004691)
(-0.0368972951743580,-9.67852779650854)
(15.4796518995962,-2.87902976293175)
(10.8379669501277,14.9146181895335)
(-7.99219689573783,13.7232314873021)
(-9.83228624334616,-4.63757385178984)
(8.00843787086957,-8.41434738819912)
(13.8585553096743,9.79833105062519)
(-4.58655132288772,19.1118338848918)
(-18.1114214480797,2.19784325541495)
(-4.52184787515358,-14.4983981396118)
(13.5798302164318,-4.52148295187198)
(6.42678548577861,14.1225217864514)
(-12.9124746677651,9.36163233935026)
(-10.9107046883624,-10.7562257912642)
(9.43324271065924,-11.9499731375830)
(13.7686695544947,7.86669844569433)
(-5.04346673151968,15.0128753078337)
(-14.7394637344283,-2.52587220210903)
(1.26256108990288,-14.5750239901859)
(15.4498888809795,-0.351639524480650)
(3.21747166522813,15.8102610366888)
(-14.7914310931757,5.89294897524670)
(-7.63950786291625,-13.6633914054412)
(12.9033808036557,-9.61581366169343)
(12.0146882190542,11.2957895267322)
(-8.80712128495495,13.4585091349209)
(-13.9522149526792,-6.93446310927282)
(5.64132836819642,-15.0356088217203)
(16.6101264192839,3.35115347613187)
(-0.212635489946237,17.0621604822404)
(-16.6259361816852,2.17708219800436)
(-4.30021591951418,-16.9176712365791)
(17.1012624042957,-8.07919618803616)
(12.5671146175473,14.5633571166887)
(-9.78874787362096,14.3786661773088)
(-13.0359419346521,-6.52466874371101)
(6.27672581115680,-12.0053087672252)
(13.4790366869278,6.33176669091007)
(-4.27370432886288,15.6420521754680)
(-16.2378466554237,-1.11106198848383)
(-1.31484396086959,-15.6901729354533)
(15.3304603037626,-3.13256066305657)
(5.25023104392765,15.0822937765055)
(-14.2973727506138,7.56298832180679)
(-9.60497609760803,-13.0707347795592)
(11.6655046494115,-11.4641673692195)
(13.2248083949098,9.91814213193228)
(-7.80325186553591,14.6192840996445)
(-15.5989532761336,-5.59556915212776)
(3.31143199042668,-16.3506993594135)
(16.7731550326312,0.818296278302245)
(1.69277818082681,16.7074389797657)
(-16.3492692297559,4.06009643401190)
(-6.49897230659879,-15.7704213153680)
(14.6343692222415,-8.99285553816227)
(11.0647950655720,12.9371244905013)
(-11.1883717898496,12.6427962273491)
(-14.1923557622225,-9.43647365434144)
(7.20079622167283,-15.6425343076983)
(16.4079303080853,4.65058291007644)
(-2.47406312054386,16.6990228611196)
(-17.2816101847710,-0.395729044523552)
(-2.49894009512628,-17.7789263619816)
(17.0285356658531,-5.82259199535180)
(8.20816566980167,15.2623184873859)
(-13.8775546451771,9.68615125227958)
(-11.5760000136618,-12.9292472835664)
(11.1295109527542,-13.9143099159311)
(15.3814808618936,8.43828203755329)
(-6.16725315978516,15.8907840411446)
(-16.6872748448424,-4.39729756715618)
(1.91221537718771,-17.7718586951375)
(17.8927674659759,-1.23456874753982)
(3.80119962557407,17.0965738862008)
(-16.5081565070515,5.89024294246527)
(-8.52153172495177,-15.7966808327293)
(13.8825941488042,-11.0375894365811)
(12.1401233295544,11.6956519419949)
(-10.8064584042888,12.9408959594992)
(-15.3131923667784,-9.95404580648515)
(6.87712406406041,-17.8917285189116)
(17.9571324409942,2.91543320786351)
(-1.22593006363321,16.6759068150702)
(-17.5931960254184,-0.911773524967432)
(-1.93602426811843,-20.2027922966066)
(20.3520086599874,-7.40741993256136)
(11.4425102626557,17.2328947518220)
(-14.4235622675084,12.7058194159532)
(-14.1810692697818,-13.3617526176701)
(11.4310459618751,-17.1087263128384)
(18.9800677918358,7.56724917252241)
(-4.19377540401566,18.7696421849410)
(-18.6987035343124,-2.26641789651774)
(-0.239876979648463,-19.4653973420381)
(19.0585549677132,-3.63398433242910)
(5.70078654783722,17.5472759065661)
(-17.5387734768453,6.79615672524110)
(-10.1052548521811,-18.5737200064173)
(16.8036307341887,-15.4165538991816)
(18.4280528538591,11.7909303243739)
(-7.81805552055982,17.9106245953443)
(-17.7278131340551,-6.66661433905884)
(4.95850467450312,-19.8518236230727)
(21.2510569271836,0.703720598089618)
(3.35227426021529,19.9193978422282)
(-18.2644781663956,5.24554636404840)
(-7.07186393780084,-18.0489774628917)
(17.3356103174989,-10.3125385967804)
(13.0897939116775,14.8551424942492)
(-12.3615637055053,14.3064946004891)
(-15.5208172704210,-10.6288733629072)
(8.15954221924014,-16.9343920325578)
(16.7499314909734,5.44291983898241)
(-5.00924506991756,15.9951810323084)
(-18.2523262789678,-5.73737990618642)
(2.99856138170271,-22.9677755429416)
(24.9735697393384,-3.82519498185359)
(9.92264303088424,22.3712323009998)
(-18.8529279173542,12.7211731427757)
(-14.7070708984236,-16.6825164739482)
(13.9670058535416,-17.1267809727364)
(17.8498359294912,10.5644696530162)
(-9.45248051389817,17.4662641987542)
(-20.1127678407011,-9.86260245497153)
(6.45202340587616,-25.5003734879111)
(27.4216596461343,-1.65562234552922)
(8.16969925098505,23.4466543476977)
(-19.0657013118938,9.33090902370962)
(-9.34889777165005,-18.6624927739649)
(19.2420336717248,-12.5307844510999)
(16.7774562612596,16.9694669376704)
(-13.3443558261073,18.9116994911903)
(-20.1264260074438,-10.7595872240166)
(7.97316864092150,-22.0271260238756)
(23.0402343405497,3.96784573920726)
(-0.712433596667262,22.4865366102954)
(-22.6844081966495,1.34534975317602)
(-4.91899149404641,-23.8735648929586)
(22.8464926488387,-10.1710107508406)
(13.4436875314246,19.3112741606903)
(-17.2033972012902,14.2543979268092)
(-16.7617182261739,-17.0839079185634)
(14.4170157791102,-21.5713668890254)
(23.6334347843206,8.34839773388643)
(-4.35148908406029,21.5686301621270)
(-21.0409007820584,-4.46031270421179)
(3.01992639318734,-24.7449421640830)
(27.2184391953362,-3.31410259180055)
(9.50558535760530,24.5719591576593)
(-21.2952319358283,11.4164014234013)
(-13.1912419587861,-21.5019196832651)
(21.0503253660187,-19.0309818708543)
(24.8091189324578,15.1981056526524)
(-7.50854531553106,24.9834849669790)
(-21.9095549645539,-3.96397735279463)
(3.58327140499707,-21.2321853473710)
(22.9409470071389,1.70355838438244)
(2.01421493985649,23.5687751130875)
(-22.9498199643101,5.17202929915262)
(-8.11574735957338,-22.7150643985941)
(21.8863998656627,-12.0931330408435)
(15.6217329843463,19.2877513531173)
(-16.6783477734557,17.5414403069126)
(-19.8450644091915,-15.0559886257338)
(11.9821703453185,-23.3280028469839)
(24.9048683845591,6.61391871978146)
(-2.61679147514887,23.3184029150949)
(-22.5372834962285,-1.88273846753183)
(0.432724706065302,-25.1342296945753)
(27.3974989987736,-4.95219736014302)
(11.1280044698843,25.6278082231866)
(-22.2301789784565,14.2925660759671)
(-16.2719266722237,-20.7102669014366)
(19.4583573708651,-20.1844047537944)
(24.4692344637121,15.5248648276609)
(-10.2529106955878,26.2042341158089)
(-26.3287323498733,-6.35227800153021)
(3.17878587219844,-27.0525783566598)
(27.7485391016470,-0.918975995219507)
(5.19721247564482,27.1944796567797)
(-26.2252658469682,8.82187659569923)
(-12.7704424278395,-25.1994499010452)
(22.8197558250374,-16.9186774693583)
(19.5420843885139,19.5702629598757)
(-17.5894761214524,21.4261929901011)
(-25.1975528454622,-15.7272249229599)
(10.6276993476712,-29.3879341509730)
(29.7549773520155,3.79395389862150)
(-0.236149029529604,27.5680218303181)
(-28.4362698263476,1.09085816458851)
(-6.50931711679714,-31.4249795890191)
(29.1901769198255,-15.3666542512995)
(19.2018233815448,21.6144826331960)
(-18.0083809623776,16.6836975013793)
(-17.5999626734019,-21.1015869971778)
(20.9031921055432,-26.1690939672519)
(32.5056374004795,11.5545223545209)
(-2.35036206690816,29.0510519870398)
(-24.0108886232479,-2.34072641426059)
(4.70965191157913,-27.5834117900009)
(34.5458255928230,-1.62353179677268)
(13.3507450901268,33.2331823323561)
(-24.7219249035253,18.8309822949576)
(-16.9772531426948,-19.7655552626508)
(21.0499417605680,-16.9510059489313)
(22.2801851824752,21.2823935875324)
(-16.7552889471505,27.5055761925552)
(-29.3157526507011,-11.2833731396039)
(7.26973999355289,-30.2901737988594)
(31.6887642310263,2.71703661337391)
(2.69861982484264,31.4901765172752)
(-29.8800052649878,6.69038416793429)
(-9.67084400487467,-29.3628615240192)
(29.4097672494854,-14.3288328834325)
(20.1901804184538,27.1314255775434)
(-22.7151228843841,24.3288777639726)
(-26.6399627719119,-18.7751443640090)
(15.4093696698407,-29.2316872489139)
(31.9229028307173,10.8733205745902)
(-5.60711134165243,33.1256244796341)
(-33.4209514571319,-1.01024056344337)
(-3.73823983080841,-33.8739769294096)
(33.1750482424816,-9.41956032439694)
(14.1268815788566,30.5987940768996)
(-28.6151889750149,17.0441186425729)
(-21.2751962224637,-28.2092556172474)
(25.4993931764898,-28.2777311601967)
(33.5637601416389,18.0131787714706)
(-10.2001473379608,33.3159152433870)
(-31.2188619576441,-6.99189474462459)
(5.81438044969242,-32.7318860835394)
(36.3530614728336,1.20741323400045)
(6.22519964802564,36.9924782710217)
(-34.6435858785651,12.0809607432676)
(-16.2417754803350,-32.8947597955752)
(31.4995834055039,-21.7909241675640)
(28.1075792030600,27.3125045184376)
(-20.8560391038734,31.7212721502802)
(-32.6366353730096,-15.6333951284398)
(12.1078548887559,-33.9241019036021)
(36.1765013470993,7.82313735208931)
(-2.29851068885474,37.4745504469954)
(-37.5636765194836,3.01294801762495)
(-8.24511875228817,-37.5010089716088)
(36.6337850168568,-14.2944952463146)
(20.1186505616863,33.9512168054183)
(-30.6016110373430,24.5926312340761)
(-28.9048587870004,-27.5772447996091)
(23.4357513660918,-33.7961324826097)
(37.4141087053983,17.5621834405793)
(-12.1990941487904,39.2139150769898)
(-41.9950374463762,-7.69981776629565)
(0.177865228970557,-46.1022286669739)
(46.2429747445216,-11.5911505866734)
(21.5398554341601,39.2048891521946)
(-30.3787285623087,24.1481113226008)
(-22.8504560065266,-26.7367110328988)
(27.1108611386743,-24.6610049791176)
(30.0896531007115,25.5541585099177)
(-20.8311913521264,34.7200326335412)
(-37.5102586500759,-15.9477947946761)
(11.1239402262777,-40.6459024795506)
(43.4584729423023,4.18833577274383)
(3.80401056426426,43.2741889316425)
(-40.9517220923104,9.77187530359386)
(-14.2319501598281,-39.5670742481136)
(38.7262421476983,-20.0710667741985)
(26.9039308361877,35.6120244889957)
(-30.4783901917788,31.9396384150237)
(-35.2679783913303,-25.9186749394225)
(21.8083295725927,-39.2123067752402)
(43.5034140000343,15.9018166424121)
(-8.42007543350275,45.8450097114394)
(-46.2336153286564,-1.49242632215348)
(-4.85564769799258,-46.3481179391909)
(45.8587048208174,-11.9316370706112)
(18.9529932984363,43.4910742970604)
(-40.3146395154796,24.5149619030656)
(-29.9399834609197,-37.8296309433597)
(34.3355283423859,-36.9802080361780)
(43.7136309612947,27.4343364542083)
(-18.6943004078803,46.9733206006302)
(-47.4969189664623,-11.6056100977820)
(6.18088229744197,-48.5037450242954)
(50.3687285113224,-0.322097619898978)
(8.45163970157685,50.7367091126110)
(-48.8903894885954,16.2770741757442)
(-23.1002132776722,-46.1848057454476)
(42.9553884115263,-29.8129420409773)
(36.3131296927142,38.3988444197521)
(-32.7886329777380,41.7070622691391)
(-46.2830835576151,-26.9329272291241)
(20.3461690283298,-50.6498527417454)
(53.9855382929328,12.3921660115240)
(-3.99684648826632,55.4135343377250)
(-55.6846701215629,3.91276433096725)
(-12.0421097060775,-55.4567359461181)
(53.7295257249182,-20.8448924670214)
(29.0297469905790,49.9112451289232)
(-45.2457907186139,35.8216247159556)
(-42.3164595560473,-40.3422854376867)
(33.9077269050148,-48.7566577953048)
(53.3347973033633,25.8147100754337)
(-18.3167231930171,55.7083441100498)
(-58.4068786748783,-12.0276130903083)
(4.10237662093202,-62.3482145211993)
(64.4095484920996,-6.98508034443322)
(18.3092026863122,62.2264087755724)
(-57.9649220027292,27.0162574562920)
(-34.5258631555948,-54.2885583872214)
(49.9976556139837,-43.0511853058478)
(51.3051185122582,43.0316609381511)
(-34.5698809425011,57.1665798822566)
(-61.5484410690611,-26.5631540788102)
(18.0906200248564,-66.0188762440370)
(69.3516344721243,7.73086211913210)
(3.13570706734684,69.9517551161309)
(-69.0686150434675,12.8524538909804)
(-22.6836416292663,-68.1398028656874)
(65.5118261145045,-34.0236804643647)
(44.9213091483131,59.3123521207497)
(-51.2079220995769,52.9024729315142)
(-59.0081213782734,-43.8123006110505)
(36.4794628839992,-65.5983394454111)
(72.1630579146147,27.0198070489515)
(-15.6688534278483,76.5789452794174)
(-78.6930231787702,-4.17780128856911)
(-7.29760266964189,-79.5913848145355)
(78.9535449484550,-19.4692248055885)
(31.6560161256885,75.9002155220495)
(-70.9639612570209,42.7990111710867)
(-53.1985792496861,-64.9048861026268)
(57.1913275006678,-63.1464528175923)
(71.6044992946071,47.6058235676101)
(-37.4374863516670,78.1191510229901)
(-84.0114564656210,-27.2219579246533)
(15.3987535964857,-89.8095582781029)
(93.6236127574603,1.05458173750780)
(14.1304192437260,93.8605624310891)
(-91.3936811142776,28.3654842709903)
(-41.9307304937207,-87.4137598221011)
(81.4619847142932,-55.3057862722267)
(67.5482598516317,73.2041098994488)
(-63.7163000908581,78.1779031410688)
(-88.2484214509134,-53.3422762134991)
(40.6610059888253,-97.8938003433790)
(105.163138259785,25.2013229215765)
(-8.85791228856345,108.859662907813)
(-110.229441419162,6.89547707123008)
(-22.8938295772608,-110.375263472169)
(108.289535146307,-39.9720618913550)
(57.0307956681226,102.871158190346)
(-94.7375802960121,72.7754286992979)
(-87.3296398702551,-84.7334859365373)
(72.5766908655999,-100.941358178897)
(112.919110032428,58.0157720416899)
(-41.5978012171347,122.701330995169)
(-130.326319623872,-23.6565610993676)
(4.14423399723781,-135.448172785686)
(137.458816804809,-16.3823362905753)
(37.1449629744085,136.480264038396)
(-132.735315575504,58.1032946130338)
(-79.0479486568761,-125.683787646819)
(115.289910473400,-98.8869291877758)
(117.403990016925,102.552081577355)
(-87.0616621030519,135.611211480725)
(-152.369136850283,-66.7230487577100)
(42.3327143666503,-163.909330081746)
(169.766741775352,18.7015690853808)
(2.57909067169900,175.108397464532)
(-182.507993751386,27.2481831721366)
(-59.7454332781081,-185.578540957675)
(177.167734283270,-94.3575361184026)
(122.013433110574,160.532322172623)
(-144.808582865593,143.152389185160)
(-165.979128041020,-131.445302112705)
(113.141913780907,-193.337093999210)
(219.320443316450,85.5153029012599)
(-51.9581394442918,238.810150964153)
(-252.806164868414,-16.4209025122633)
(-21.5353318591644,-263.255561344591)
(269.011223917039,-63.0704168150230)
(107.086287710499,268.562902723300)
(-262.045863155256,152.441253192001)
(-199.183357287035,-249.314374857145)
(229.293890611831,-246.842504100663)
(294.237439246929,201.449367657276)
(-165.610436690475,340.662933457091)
(-385.444409103649,-121.122976727491)
(67.4634405064954,-427.544499006524)
(466.286998662747,4.05423417303876)
(70.4147431774377,500.586268374098)
(-528.895143600360,156.569342171375)
(-255.925908093303,-551.927197809739)
(568.573702994733,-376.335966155314)
(524.430818300242,566.191013479727)
(-534.802440525162,689.148266774068)
(-868.814033417529,-499.578000818476)
(480.134828917123,-1144.09702797191)
(1649.77779611782,339.778199005486)
(270.965437581036,2324.73065267612)
(-2665.80999933676,1609.37363054012)
(-3331.74820752127,-1945.51827232073)
(-64.1902890614147,-4418.66364112012)
(3903.25411120598,-2568.94204544038)
(4176.29697540916,1820.74712339306)
(664.370454372240,4028.00621905750)
(-2510.57309406817,2201.99048309855)
(-2328.19567102071,-810.975127311877)
(-153.318601455152,-1611.42042239208)
(899.262794714610,-316.533592734665)
(155.479926663516,587.484195591013)
(-558.130454195378,68.1752744748202)
(-120.421132661242,-566.116048565287)
(515.188615005871,-209.136252879911)
(268.576386008638,434.664459635831)
(-359.026531458384,302.707241820225)
(-326.944606925266,-290.430646984444)
(223.819816828696,-342.870702015906)
(349.182385099447,160.137815041070)
(-100.796463938056,347.425873942270)
(-338.734723876906,-45.7728764411981)
(-4.39191128933980,-323.736922496312)
(303.655765738062,-49.3161773447100)
(89.1849172711090,279.251551170058)
(-250.944944484058,123.616958832163)
(-152.195259865558,-219.854146304619)
(186.939788867937,-175.288828603825)
(192.921594269890,152.489775730701)
(-117.520237061054,204.641330866314)
(-211.235615410811,-83.4783215457544)
(50.1402962462898,-214.021028298439)
(212.296989357158,16.6686551464888)
(15.3667604499526,204.651585605106)
(-192.454209559970,43.4246443934245)
(-67.8981021302140,-178.412660424997)
(162.370925099090,-90.7441645921639)
(111.112097641966,142.611831344129)
(-120.327092217381,126.647112681953)
(-138.062012791146,-98.2394213462176)
(75.8797392446358,-147.644929977586)
(154.311793133173,51.1987811352621)
(-25.8341665215645,155.298010972149)
(-151.839697307160,-3.44870731379439)
(-16.4066323479086,-147.726853640518)
(142.767216873246,-37.2804797054104)
(59.0502806100808,133.165494258387)
(-118.269440219904,77.5395624891359)
(-90.9135578131965,-101.723880311355)
(85.7490984442220,-101.449840753093)
(110.705651363621,69.0592872364496)
(-50.7754235045599,117.485094252310)
(-120.964880226009,-32.1175832785711)
(13.8621783151464,-121.880802291563)
(120.372929638391,-4.27866274823737)
(21.7333421577143,115.930662541285)
(-109.201386019123,37.5507538719131)
(-52.1690158641410,-101.012769074784)
(90.5938624847757,-65.9577524589939)
(77.3708052370356,77.5179043484744)
(-63.7008106376988,85.3750471183436)
(-91.6888420338352,-50.5085918574149)
(36.2002819696962,-97.4527995287763)
(100.257608290114,19.6829501723031)
(-4.05955476706985,98.2975529660909)
(-94.7132470338428,7.79862200008444)
(-18.5832234124013,-93.1701330912155)
(91.4862484045808,-32.5466414175593)
(48.2560156924225,84.7691579595500)
(-73.1469326130902,60.5218197325467)
(-68.0868255509322,-61.1691458814353)
(50.6765643224209,-74.2080090844692)
(80.4403174571644,39.3968132891656)
(-26.1222294945456,84.8362434656895)
(-86.1498275699340,-12.5463273601605)
(-0.121905889363205,-85.4678041049477)
(83.4672776458976,-12.4421377064166)
(24.4738181633919,79.5496325165841)
(-73.7877971847699,35.3393340281872)
(-44.9608106157313,-66.9669896001675)
(58.9978922077518,-53.7471183872871)
(61.1266688270440,49.5623468516740)
(-39.4916172813885,66.5276538512117)
(-70.7120141335811,-29.4427665018060)
(18.5495750993479,-74.1039196242011)
(75.3489154725449,6.43194408321259)
(5.18289168059635,73.6160424030613)
(-70.4698580821683,14.9597764398924)
(-24.0914661898704,-67.3008326042817)
(62.9809563144386,-33.7708457273567)
(42.7341148889288,56.2892135887404)
(-48.3798742252674,49.5796016478780)
(-55.1626991402799,-40.5287979595880)
(31.8651083575204,-60.3264326441507)
(63.7577826906112,21.7626453698100)
(-11.9326994270886,64.5952853633693)
(-64.6001482220316,-3.56616909781930)
(-5.05352007722023,-65.1006567420298)
(64.2963032232399,-15.4274899161654)
(25.8275055965460,60.2754348497375)
(-54.2569725356892,34.0472351950000)
(-40.7017672048295,-48.1943534233115)
(41.6065242591225,-47.1650150542188)
(52.6627592824321,33.4222483095614)
(-24.5871356806879,56.0422078160773)
(-58.1128839929687,-16.2583167182117)
(7.67065231689887,-59.7453428223935)
(59.8869194316985,-1.84195764187773)
(10.9610153481325,57.7008311520816)
(-54.3871508312011,18.6117347522744)
(-25.7180990120891,-50.9073736929177)
(46.3346043627019,-32.9054775071018)
(39.0091252367290,40.1860317675054)
(-33.7170644200986,43.4867309653338)
(-47.4971482836640,-27.3708657375938)
(19.9194025513290,-51.1480894504785)
(52.8477089039804,11.4937168683440)
(-4.05770004932789,52.7031861903308)
(-52.8979871717836,2.45209200978205)
(-10.5366463899968,-53.2969445934721)
(50.8272872984776,-20.1850436487247)
(27.8566748576533,44.9156449244443)
(-39.0486069898115,32.2471958277744)
(-36.4354147020097,-34.8802918532556)
(29.5555094340190,-42.0314549577200)
(46.0628266936297,21.4391409139297)
(-13.6128666512188,46.5638388605641)
(-46.4639004414413,-8.44827363840115)
(3.29562409921478,-48.4082099208494)
(50.0388167337011,-4.73568260950348)
(13.7627957302507,48.2082845948161)
(-44.0776288350166,20.6663853821592)
(-26.0134735967072,-40.2465082704182)
(36.2252803398650,-31.7158302005369)
(37.0072508276542,30.4623128031175)
(-23.8700061595933,40.3600935522430)
(-42.5920192982904,-17.8828852680599)
(11.6836003472468,-44.8295823931777)
(45.9964553581220,4.36758213717906)
(2.74645663289394,45.1248909212256)
(-43.5228871306401,8.57644129186885)
(-14.3479130785492,-42.1849575664915)
(39.7916282408428,-20.9081211242482)
(26.7946581519376,35.4584909503972)
(-30.5779009351880,31.0248307960677)
(-34.8131881088425,-25.9891196218127)
(20.4140078404203,-38.6708617539896)
(40.9945127281702,13.4755136242407)
(-6.98644983963504,41.2336300934885)
(-41.0868703399403,-1.63921943736744)
(-4.08752773783225,-41.0701631375695)
(39.5795318854400,-10.3598557081307)
(15.2548276697807,36.6868077848923)
(-34.6962167991239,18.9309486329616)
(-24.1477065603747,-33.4588981137762)
(29.6533794242548,-31.0161904995229)
(35.8195410016158,22.4984721043232)
(-15.5736601575632,36.9439160843373)
(-37.3624305782616,-10.9857795631634)
(6.36538948441225,-39.1756700026790)
(40.3339671977090,-0.202308931706493)
(6.88274203116039,39.0207037124127)
(-36.7567887870217,12.0054892332162)
(-16.8393904503558,-34.8309429416661)
(31.9293743689963,-22.2283159954657)
(26.6511024756351,27.4173334908872)
(-22.8429294815029,29.5077801997864)
(-32.1547583103923,-18.5844666060564)
(13.3710982333151,-34.3937040248884)
(34.6575877710885,8.15304907992630)
(-5.22368170910770,34.5911033496108)
(-37.6756502520349,-2.48027020346631)
(-5.20986721094427,-41.9511645795621)
(40.6028877638402,-17.1108053840715)
(25.6125643136241,32.0863265977161)
(-23.2495302005454,26.7249274532153)
(-25.2835854906225,-19.5385183811757)
(18.3338339645954,-26.7411064233374)
(30.0284082796279,15.1915878751228)
(-10.4984265143211,32.0294409877938)
(-33.1295154533555,-6.15268313801686)
(1.30260578711461,-34.3291817584122)
(34.0974077735610,-4.61368719894424)
(9.49755895764542,31.9084574950574)
(-30.1830424180601,12.7497864103183)
(-17.0639494916647,-29.5112048981148)
(26.7895430346135,-23.1050854071604)
(27.4103931344475,20.9618756974285)
(-15.4536094918132,28.3690825432280)
(-28.9786927799306,-12.1570941395978)
(8.49192514771650,-30.9450162522464)
(31.7663414488812,3.17908993387389)
(1.03218420485332,30.5320470557081)
(-30.4423826514905,3.43820818242367)
(-7.86174397783498,-32.2272335070954)
(31.3966623939189,-15.4683785751757)
(21.4161905314652,25.9220585874835)
(-20.4155215827315,22.7565793622854)
(-23.4891614286186,-18.3548493592341)
(16.2720653280526,-27.2015806366845)
(30.6936521142822,10.5340333308676)
(-4.11432580061234,30.1159814996219)
(-28.0281799589461,-1.13309019429197)
(-0.398217179644697,-28.6890162480524)
(30.7407338116210,-4.72454053301906)
(11.1961991159557,30.1177823299603)
(-26.7363485836264,16.2439494125296)
(-19.3089554958706,-23.3010381852607)
(20.3434496089251,-22.1515081900481)
(24.9174408619667,16.7448955454917)
(-12.7281482806840,26.7847291540909)
(-28.1825168783635,-8.89806494716531)
(4.61896964391285,-29.4378445907368)
(29.6141961138922,-0.227763315915861)
(4.46073613344049,28.6577178560552)
(-27.8440497815838,8.12472556188246)
(-12.6284731995191,-26.8567846603703)
(23.9172516866428,-17.3940172855915)
(20.1848186597156,19.5855296201862)
(-16.3051614324896,21.3323729999052)
(-23.1713599207904,-13.8142658303256)
(9.88844449745862,-25.1235052891158)
(24.7288679737976,5.66245247186021)
(-4.27530304988057,23.5885218218830)
(-25.8401063364909,-4.04148709759731)
(-0.212807557958124,-30.2963302320673)
(31.1597110955399,-8.37109819006961)
(14.8253122020091,27.3327058927541)
(-23.5246984115783,17.8230757674336)
(-21.1679390904851,-21.2289918006056)
(16.8637706730870,-25.5864567982365)
(27.0350271298841,10.2192336929102)
(-5.88793078862128,25.2577980720701)
(-25.0225209378809,-4.38368196605381)
(1.02402668987979,-26.8240674591125)
(25.8964301055427,-4.27304000700067)
(6.16822549282526,22.7294560024959)
(-23.8377126706216,5.52074437495935)
(-10.5362179057846,-28.6370604369729)
(27.1605442032600,-21.9813336800659)
(28.8762332125035,16.1939435673530)
(-6.29088958664081,25.1529197127382)
(-19.5533388127769,-5.73659554744903)
(8.20780350982732,-21.3153017021814)
(26.2963677967777,4.65477559163444)
(2.33499795713852,26.2628336055703)
(-22.8682030832912,5.54394501403711)
(-6.19156324791471,-22.3729053011716)
(23.6787637595470,-9.82020499119156)
(15.4151624430246,21.7030494215093)
(-17.2479365440659,18.3146608553984)
(-19.1171961874523,-14.3577085381648)
(12.3510037372790,-21.1040653532397)
(23.1542722012307,8.57687250721810)
(-4.77207244175682,22.9345049672553)
(-22.8005325589396,-3.24611400531732)
(1.08947343111150,-25.3074004430332)
(27.1978601228841,-4.78983460479733)
(11.2276078081852,24.7091194727259)
(-20.4529389813311,14.0515205155845)
(-15.2308266183213,-18.4805106878993)
(17.1313970282116,-18.3404805717763)
(21.6484184357282,13.2609783290862)
(-8.79351989104728,22.2321274451578)
(-22.1867360870015,-6.50794828657142)
(4.06147084888108,-24.1618713317963)
(25.4581168975841,-1.23138497380144)
(6.41056568060735,23.1051336378689)
(-20.0524802203279,8.16585145818705)
(-9.28642816731410,-19.7675466875330)
(19.5255777428686,-13.2500547521041)
(17.2720667509739,15.7630229845271)
(-11.2586234423480,17.5496534530026)
(-16.6657314990170,-10.0677961741235)
(9.93692185868424,-18.7991891665979)
(22.0669952082693,6.72584188907291)
(-1.96386472644920,22.5531762613729)
(-21.5781155748300,0.869256845538017)
(-3.20873293779512,-22.1013089841263)
(22.2504416521888,-7.69796537044410)
(11.9730821694516,19.3231588435307)
(-15.9587606559257,13.0302172087044)
(-13.5521757445918,-15.4646845454734)
(15.2203856492996,-17.0774505092796)
(21.1348200668006,11.4978952174970)
(-6.49683741162316,21.9386673185872)
(-21.4492291341922,-3.78475774463244)
(1.32096541200621,-22.8462253304722)
(23.6393759722953,-3.88438095706965)
(8.84338926717996,20.5998485195153)
(-16.9250061653607,9.82836602352699)
(-9.96326891725223,-16.7838581646740)
(17.1881609062677,-13.7217085121112)
(18.2404857074831,13.3570220494294)
(-7.91438318406528,18.3853383084950)
(-16.3698669843464,-6.25023137239160)
(6.60354957172330,-17.6336690174963)
(20.7746470243214,3.63026262231267)
(1.52378974672052,20.5942501528642)
(-18.0727345929556,3.84108789772062)
(-4.28547391468868,-18.0494338295151)
(19.4250365645481,-7.67281148103449)
(12.7922336052958,17.1303162905020)
(-12.2337615180926,14.1251913010681)
(-12.2599859944806,-10.6806609213066)
(12.6407680197035,-13.3634657712028)
(18.5440179144261,12.0655717842733)
(-6.90797304420276,22.3552524991051)
(-22.1614644055510,-1.51461853170065)
(-1.57053137856556,-21.0329378930045)
(20.7840099549756,-4.48516618817519)
(8.10718601782952,19.5878085453676)
(-17.3119976190432,10.4539806088204)
(-11.8926916621598,-16.2925774624455)
(15.8293097731853,-15.2749844472972)
(19.8679420095816,12.3316141551329)
(-6.01090794189917,21.3324671040064)
(-18.8527257658734,-1.49724395970336)
(0.674572876795124,-16.6187740670850)
(17.1254109472025,0.327701924680622)
(2.03984826057319,18.2244651523830)
(-17.8665839691367,5.11363045579937)
(-7.50973178380316,-16.8846869415319)
(15.9834827278770,-9.93694676468093)
(12.5863944665939,14.3200633280061)
(-11.9990033367222,14.4285587345060)
(-15.7978298403544,-10.1518893701216)
(8.10948518568961,-17.9559884069684)
(19.8803554381049,4.22652497462179)
(0.400681987353810,19.2914121865651)
(-16.9248750036691,2.91004336681509)
(-3.41994209359073,-15.8836229242680)
(16.6309822188333,-4.91956753272104)
(8.28930339185944,16.4864231035330)
(-14.3056116516750,11.2552744024176)
(-12.5837867818796,-11.8872587003791)
(10.3347245846525,-13.6288220566841)
(15.2141748002869,8.56897177295687)
(-6.03432836511837,16.3478906752628)
(-16.6557107360166,-3.71886712779499)
(1.86204337059736,-17.1469814229964)
(17.9727884218943,-0.623049973020758)
(3.92804784427158,17.9457137488203)
(-16.7105001914348,6.89008536606007)
(-9.04318414681183,-15.2112873223014)
(13.8248016082509,-11.0647022255818)
(13.1196499126506,12.0012609621522)
(-9.73114800645386,14.6571715495440)
(-15.7438079662528,-7.55054482730028)
(5.27500265732016,-16.8606729528773)
(17.6410260348236,2.39181943669213)
(0.629320824017020,17.4074323908287)
(-16.5589314555365,2.95151727758995)
(-4.82617003325891,-15.9534266754836)
(15.4301309154413,-7.03419788289514)
(9.45614618944032,14.2823438337759)
(-12.5699171711032,11.4718318014080)
(-13.1065154011253,-10.7479171151516)
(8.70192031157525,-14.6282663110663)
(15.7445775700201,6.23476609246638)
(-3.75235266197764,16.2001768321385)
(-16.3912349745971,-1.56085780200314)
(-0.704989331120463,-16.5883707931338)
(16.4023924535179,-3.27015174873228)
(5.73851525235171,15.5950515986985)
(-14.4742834830218,7.87696211382921)
(-9.88118089766930,-13.1469548973944)
(11.4306812178231,-11.6538479759152)
(12.9338955912175,9.58423395452804)
(-7.94157404352516,14.0840799386140)
(-15.4945354554353,-6.01883698776193)
(3.31477987683222,-16.5521268082577)
(16.6136271650273,0.484321802591907)
(1.79398127801254,16.3026541622450)
(-16.1955273738846,4.21569666497913)
(-7.30241757936147,-15.3148077291870)
(12.9590201802630,-9.72852411031507)
(10.4335856294690,10.6338008284737)
(-9.71583255636263,10.8879045203505)
(-12.6213147301611,-8.83354523774259)
(6.40884542102022,-14.2916250834625)
(14.2942999619662,3.83572172166256)
(-2.74277100444945,14.1507062063430)
(-15.5525089495640,-1.36805456435034)
(-2.19088679093380,-16.3976144840378)
(14.3554589481181,-5.51065059172187)
(5.65622684030553,12.0303206355392)
(-13.0703851337715,5.22241790169371)
(-8.64189782406868,-15.1382603694796)
(13.0623756637428,-14.1892854882645)
(16.2623344477845,7.60986643737065)
(-4.29614071680601,14.5934505769211)
(-14.1909557796841,-4.14021280833033)
(2.73301665657876,-16.4241354233622)
(17.3598128295493,-1.41660054339547)
(4.77439377759585,15.4417349004589)
(-13.7892438757624,5.80493276638557)
(-7.26767647659033,-13.7533032296959)
(12.7573128195704,-10.2499153348256)
(12.2273756753898,9.89356999572553)
(-7.59448142003116,12.3798376767325)
(-12.9535517096248,-6.52979124998938)
(4.60803066078635,-14.3071500762342)
(14.3442249680880,1.87289689438455)
(-0.589248759144327,13.4872309036739)
(-14.2831902842606,-0.0251931280156830)
(-2.73903791544208,-15.7790648517106)
(14.6309256557712,-6.65129482500371)
(7.96117210275086,11.8882911957522)
(-11.7037046467834,7.69566355207970)
(-10.5314650370178,-13.1135605876557)
(10.7654379677956,-15.8247671533113)
(17.6545664022638,4.53846695443982)
(-0.437772834929759,14.8350262809277)
(-12.8613109587639,-0.583028557864514)
(0.311298957226850,-14.3221930403136)
(15.3481918883922,-2.98004608022618)
(6.02142777490571,13.5775664015068)
(-11.8528262013685,6.81551667180711)
(-7.93637515811375,-11.7172268067693)
(10.6882368668019,-10.4323905217254)
(11.7627447698839,8.19637329103464)
(-6.96241304167106,11.8338216712189)
(-13.7425306731295,-6.59827361688299)
(3.34340555107298,-16.7626044497475)
(16.2958824384063,-2.12628157400470)
(4.53017853419293,12.5178023425705)
(-10.9791897204841,3.33657088181639)
(-3.99542962727958,-12.8047206449396)
(12.7976925208389,-7.98930423100783)
(10.3927535558790,9.29159096929982)
(-6.93164281846704,9.49492694285373)
(-9.69922912329003,-7.28326444528812)
(5.99598069336698,-12.2459757185657)
(12.5266612313001,2.17324367918165)
(-0.960767132498256,9.78669574735975)
(-9.82153845930892,-3.32275493489436)
(2.92632995276653,-14.1870076196946)
(16.3480654997662,-2.65049257558140)
(7.12735733360318,12.9911942690770)
(-9.77575837131562,6.55084034309571)
(-5.84092358897231,-10.9399339359107)
(12.2527986534169,-9.27609840656671)
(13.3037482155434,9.53657978461511)
(-5.61175386188402,14.0882103678455)
(-13.8293752814862,-3.55878448825207)
(1.34501867582183,-14.5031143898787)
(13.5938282116104,-1.91358386489208)
(2.70155539470758,10.8963987154404)
(-11.1076380960618,0.886861226800552)
(-2.18726031278977,-14.8695691767964)
(15.8955079633338,-8.16254133133653)
(12.5958051894214,11.6534946890600)
(-7.75601318062925,12.4053533741266)
(-12.5513684525527,-7.11556528590202)
(4.87618886392029,-15.2502509025084)
(14.9546094224680,-0.554488286904462)
(2.41754423174827,10.0530176852462)
(-8.47910651145672,-1.75635404967347)
(3.39844134659919,-14.2117891664099)
(18.8752098353264,-3.21954276859462)
(10.7600527550983,15.2601369218547)
(-9.12107661771720,11.2427583006660)
(-8.81311664933594,-8.35721613522516)
(10.0278104156104,-10.6619304970241)
(14.5249005150903,7.93478094874971)
(-4.15531390842409,15.2944664820060)
(-15.4151554469753,-2.72078807886946)
(0.171505054791119,-18.1797049750371)
(18.7199911624519,-6.87295015852405)
(12.4407593645360,12.5688523054721)
(-5.83634425752763,10.4653829249446)
(-6.18950124733841,-5.84984811834695)
(8.62350343389292,-7.31430970536334)
(10.7490708619889,6.85259675318629)
(-3.45621684163101,9.77571906483807)
(-7.70222897741067,-4.97407259540091)
(7.65939545428788,-11.5895212827168)
(17.7756300852499,3.37748132314248)
(5.13893227394125,17.0326858216929)
