13344546663788612145413629132.
0.040000000000000001
(0.556104113468693,0.351852393941046)
(-0.819023895989052,0.648337030171899)
(-1.80331581986955,-0.530888619718700)
(-1.33848683804317,-1.94221424425967)
(-0.178276394338282,-2.24441121509536)
(0.299391742238241,-1.71133405991777)
(0.0232454963719458,-1.61703476435664)
(0.172763801168666,-2.25388251691601)
(1.26089800242658,-2.46601647205505)
(2.16399157767811,-1.40952926226702)
(1.60833252116299,-0.0219743226787643)
(0.105439073250042,0.0251663034473290)
(-0.464196232489015,-1.38934405602770)
(0.741320222073581,-2.46313946385952)
(2.30710063953130,-1.68871101996383)
(2.25358393915130,0.177878466830052)
(0.507000993989767,1.00287747518008)
(-1.03464345115456,-0.114931372443586)
(-0.856819846976394,-1.86162877741620)
(0.483958144200808,-2.47966211923788)
(1.36775069547655,-1.83414053000661)
(1.21558542766204,-1.16902041442026)
(0.863777026274053,-1.22195737479015)
(1.01900913531308,-1.43930610125284)
(1.23975309487279,-1.18539551231238)
(0.877736265380154,-0.907208321396904)
(0.395380223358158,-1.41031998864563)
(0.888834277977905,-2.33610657503396)
(2.34184622987848,-2.26579244374005)
(3.18071547641060,-0.594938376609207)
(2.03762856565824,1.34571166503948)
(-0.486486134124058,1.61098162271778)
(-2.41079020368648,-0.199128842865291)
(-2.54107413571609,-2.69886399445099)
(-1.38355033336327,-4.52762176744020)
(0.150166470955720,-5.61919517806149)
(2.09228666621142,-6.33313898381401)
(4.77059901232344,-6.08579754211707)
(7.26343799215889,-3.87374776992173)
(7.63864940651659,-0.179968044232864)
(5.19333549008355,2.62962948013944)
(1.78719271089466,2.53359727903922)
(0.169320262390133,0.130542471233919)
(1.12280777833486,-2.01441397762396)
(2.94622929522350,-2.22680796533630)
(3.78727947865848,-1.20275184576514)
(3.66026264773903,-0.462243549750817)
(3.65353232133046,-0.197808686139693)
(3.86079164360317,0.487774143609260)
(3.24363667823565,1.60703817125684)
(1.59513843771425,1.81251718280594)
(0.459467461750283,0.381720140052437)
(1.23493050967743,-1.26396267519227)
(2.97115594128125,-1.12120453797523)
(3.28663274867590,0.569887144297900)
(1.59996253874995,1.31961533641793)
(0.241209147942718,-0.308893797880807)
(1.48030614227590,-2.43341572602814)
(4.20256222767915,-2.07052855387043)
(4.97444687315463,0.733921129619392)
(2.57000495767304,2.49974624292942)
(0.0176777754960925,0.685001434660176)
(1.01808788473983,-2.67324283746035)
(5.02754127238374,-3.12285793876508)
(7.51491398756574,0.603396352950314)
(5.44913427274949,4.72375635966437)
(1.13225569232163,4.93022040742871)
(-0.637637202870914,1.67429229585857)
(1.46884752736623,-0.555809120384438)
(3.85932539036340,0.979328849359708)
(2.85482502113172,3.92031005719195)
(-0.587288448571265,4.12800540378034)
(-2.36895407591679,1.12811071193453)
(-0.750421878779319,-1.51411096957371)
(1.58061880168541,-1.15896983910968)
(1.49596679791194,0.470956211041203)
(-0.157342181069752,0.0134584587507015)
(0.153342878987725,-2.52340244469376)
(3.41966925024242,-3.50659427394084)
(6.22113172695273,-0.701106990306980)
(5.03656233101041,3.26645747558427)
(1.07970777716083,3.94191672383633)
(-0.953482543679954,0.769724700637272)
(1.20405249537002,-2.09306844976643)
(4.54956586755498,-1.07965782176183)
(4.79845548625376,2.28515773684507)
(1.94549009682695,3.57021048726710)
(0.100396004565173,1.35324498719328)
(1.92288139094268,-0.959499533114900)
(5.07529482276369,0.288566083507684)
(5.29487905860913,4.17823145224768)
(1.88650566618299,6.44241865374135)
(-1.57611652828488,4.91876008588926)
(-1.98575341288129,1.97364715293395)
(-0.397890379053465,0.988888523737986)
(0.0171239430215676,1.95698451264465)
(-1.43669136343970,2.06536737070131)
(-2.24639486311229,0.0773711460123776)
(-0.593453716124738,-1.78885013169730)
(1.77636640096501,-1.06696457554316)
(1.82880668493910,1.25872911138805)
(-0.470958313252849,1.84472428237559)
(-1.85238336973510,-0.501700049547214)
(0.0157358369196362,-3.03631507683817)
(3.38245191704321,-2.51747363065572)
(4.56729225413472,0.654132938092278)
(2.53869105037415,2.99995243567099)
(-0.0334654928719153,2.33095809778553)
(-0.343957025558295,0.154146309696142)
(1.27046991922253,-0.703591919959347)
(2.40576038643758,0.317826154709421)
(2.00274647020399,1.42986070362420)
(1.28738881927763,1.43419256655121)
(1.39702805968584,1.20731729352664)
(1.56977129054752,1.83809145111419)
(0.586057937719316,2.57005207028913)
(-0.901778023281052,1.84572637011487)
(-0.922903909676038,-0.0547498858960209)
(0.914744470310698,-0.889232354319286)
(2.42755718582068,0.587515038161268)
(1.54384241144022,2.65758749281436)
(-0.839498707063676,2.66336835957093)
(-1.87287774717147,0.483354047728232)
(-0.435423938481596,-1.28128831017198)
(1.48190286773863,-0.733948038488520)
(1.54916323677079,0.934900805587308)
(0.154211920815351,1.30470194279796)
(-0.445363289336233,0.0933579054553788)
(0.510822759582908,-0.733106999289209)
(1.34815669391707,-0.116032198035919)
(0.797949949032250,0.453601855377464)
(0.295337801820206,-0.589743511643243)
(1.96710117744188,-1.89355877689854)
(4.88848886685812,-0.500517137860301)
(5.30217399306347,3.72803559180382)
(1.38032759047664,6.78442937523980)
(-3.60014266551988,4.95386549835150)
(-4.50772570798207,-0.233443912197585)
(-0.535146020200354,-3.24809540209869)
(3.56400757902922,-1.01794400013263)
(3.10707448953865,3.39419506002900)
(-0.959004835537961,4.64524171537236)
(-3.56696271274996,1.64237759681946)
(-2.02537385472975,-1.52466890511881)
(0.923306975043194,-1.17255234355445)
(1.18278052669519,1.36741617957003)
(-1.20589756017891,2.01819815162819)
(-2.46758114403459,-0.304477958530276)
(-0.530912068007493,-2.34339099194170)
(2.09169011555422,-1.18081195631042)
(1.85148131860882,1.65301714991088)
(-0.882803493529541,2.29992167646799)
(-2.33207052017598,-0.0851287907033930)
(-0.530558133987216,-2.18390289603918)
(1.98203309508067,-1.12001095740148)
(1.70573049317749,1.57428357976917)
(-0.967606137589293,2.10872916298790)
(-2.31258394016194,-0.296800306503708)
(-0.450705108977018,-2.33136625192622)
(2.03515702256238,-1.19260694200896)
(1.68060689514735,1.51403501157509)
(-1.04706371728319,1.99095442304134)
(-2.38449365648315,-0.483887721502018)
(-0.490397589325940,-2.54780675164139)
(1.99298013098365,-1.42325444172204)
(1.61642423562139,1.20636754900623)
(-1.04334698102839,1.52748161423727)
(-2.13490801147515,-1.05728244552896)
(0.104362614869615,-3.00226617125451)
(2.79253314467047,-1.48452746906777)
(2.27801659816989,1.61728916974769)
(-0.819519269207549,2.18640830616448)
(-2.36938161675339,-0.522774513263563)
(-0.330469488625589,-2.82687081903368)
(2.45970679408749,-1.61418716170059)
(2.15500339123471,1.41726945646790)
(-0.855112029731789,2.09388534122274)
(-2.51055509135218,-0.531150091463099)
(-0.654887065621316,-2.93539568084483)
(2.06763747082036,-2.01898112591303)
(1.96090266534228,0.656836826723306)
(-0.565054162582036,1.14852116035514)
(-1.62025805296917,-1.26794333331819)
(0.607606311217277,-3.02099466011409)
(3.14346689710091,-1.27691611618531)
(2.27240691228094,1.90240777247347)
(-1.17040612023336,2.19869501048917)
(-2.69266863553176,-0.996335771193608)
(-0.210014388030055,-3.53749476429815)
(2.98861482001789,-2.04704781576113)
(2.59660061810258,1.44091219894749)
(-0.835750480805320,2.16129370604861)
(-2.57469906240865,-0.871798661519645)
(-0.180851463274887,-3.40317192493672)
(2.96926398862751,-1.70040732029739)
(2.07926816616907,2.14062721244144)
(-2.46530840559436,2.64126847105602)
(-5.15927375941355,-1.87592375349799)
(-2.23523667720789,-6.80758633153577)
(3.55489188024566,-6.82421520621254)
(6.36948893505878,-2.27721297837727)
(4.31485950025827,1.67142885542668)
(1.05734373804003,1.66197430673481)
(0.466022325873378,-0.288260219207533)
(1.81074791866069,-0.448766080826147)
(1.66622419653295,1.29133701532198)
(-0.736266033864176,1.71221367776525)
(-2.36843371930949,-0.705096586848584)
(-0.848347377321441,-3.36461251626769)
(2.03511940623558,-3.13298118460335)
(2.75212138833495,-0.731532846430146)
(0.945029137711673,0.326109910244874)
(-0.165007498388207,-1.23954520570597)
(1.49138628798572,-2.61520080510505)
(3.62287485705614,-0.940017825417020)
(2.54577596390300,2.31610408485083)
(-1.58152360044672,2.84455166926435)
(-4.44173961265343,-0.926207476002831)
(-2.76649545466036,-5.59210049072878)
(1.74972681564065,-6.85287543589695)
(4.82793787954519,-4.48976293046341)
(4.84338466316117,-1.87384821708488)
(3.99256725487692,-1.18470745467211)
(4.39057118847027,-1.05602202674004)
(4.98848089960453,0.499520036010770)
(3.58787016643495,2.55461602126516)
(0.728503667508192,2.39981008530231)
(-0.448238971531274,-0.296067429579360)
(1.58707305569613,-2.43045127516072)
(4.38851895093925,-1.32501860372465)
(4.53198689235328,1.71047773151228)
(2.01567136550670,3.07939276552775)
(0.0805978476864076,1.60181149771073)
(0.762159709329036,-0.172776933121702)
(2.32112570870857,0.298985449607941)
(1.96682756670675,2.07465095952639)
(-0.120710873857219,2.28675593920892)
(-1.14690624109829,0.362524691842733)
(0.194066081760707,-1.15668699755967)
(1.81093373927064,-0.312625827847762)
(1.24246357612696,1.41941201629531)
(-0.758344328061203,1.26459797146525)
(-1.30292683423143,-0.792233556936726)
(0.385383357958770,-1.93964563437011)
(1.73701214614374,-0.683057451150640)
(0.588322321787048,0.787252014642664)
(-1.39769182187218,-0.330969044006548)
(-0.823243016842929,-3.11798276723675)
(2.43046544929372,-3.72802215655135)
(4.41251379766631,-0.709904548980853)
(2.19403749260768,2.43025586814349)
(-1.82373168431680,1.42831213654844)
(-2.53326857074864,-3.00950828039577)
(1.36821095202767,-5.71565833244414)
(5.53973331609361,-3.49209329294954)
(5.43545144972949,0.868958545760993)
(1.96225815296941,2.27736643162108)
(-0.0266413845705729,-0.152298959029843)
(1.77266621880972,-2.35142843560635)
(4.35749986826469,-1.04030131560358)
(3.86379996160809,1.95941730839682)
(0.890030779216719,2.54597839066311)
(-0.566586778800657,0.117821001909117)
(1.17472065398090,-1.75560036677024)
(3.22140827469399,-0.522473124895635)
(2.38722328129859,1.75426085313635)
(-0.183656422969137,1.47527428602421)
(-0.692296597183547,-1.19626570950595)
(1.71218035856685,-2.48823614988085)
(3.51474274414862,-0.545737237695458)
(1.88970836483464,1.59362434757967)
(-0.852497720671259,0.162749825200672)
(-0.0795089026769726,-3.61054632180083)
(4.52354184891722,-4.50211015565496)
(7.74508434811396,-0.259600160733396)
(5.33924348197649,4.80312744851044)
(-0.169553485138855,4.90630953451838)
(-2.36531155258272,0.231452955885674)
(0.936945144022359,-3.20564508294077)
(4.97133542132443,-1.29383357117809)
(4.36774435879891,2.95180027859297)
(0.195052460651448,3.57444348801102)
(-1.60552447652833,-0.330405983726321)
(1.77552826238590,-3.42860859848052)
(6.25155071798890,-1.23656316935789)
(6.19017054005101,4.01679835335434)
(1.61157786704668,6.39325131320234)
(-2.19911247072344,3.83220298371389)
(-1.70892887810128,0.237599745986637)
(0.805142267162876,-0.202787151524237)
(1.16464697612681,1.65872346313169)
(-0.823767604932283,1.97177976902089)
(-1.68651475381779,-0.217133085787081)
(0.179104225599455,-1.79121543059512)
(2.05165066789072,-0.515772599984139)
(1.07371203224748,1.38303155474235)
(-1.16597252266629,0.440364408318926)
(-0.630300070599586,-2.61248597566509)
(3.13073643873792,-3.31857605531894)
(5.63887218763217,0.283098357132254)
(3.30193747508714,4.34691390293125)
(-1.39273065768775,3.91586535838655)
(-2.76074368878091,-0.404389843420408)
(0.618430393031869,-3.00639438362597)
(3.94366727483142,-0.660519690268036)
(2.60940889104539,3.16294891586451)
(-1.56892767562665,2.99726977219334)
(-2.81232755188003,-1.16992244742841)
(0.745827906532426,-3.83493148322400)
(4.47864852778870,-1.44209291218461)
(3.52780517594435,2.78519530615006)
(-0.628416611270106,3.24815456303057)
(-2.27537065581807,-0.417716329700331)
(0.674657854691571,-2.95199067535391)
(3.87361345225524,-0.802070444316127)
(2.63802896888148,2.94965966466619)
(-1.48384168888468,2.88527454737045)
(-2.80487247213178,-1.14990023914730)
(0.565150238638736,-3.70870648422112)
(3.91809920192985,-1.27368795025913)
(2.32412161150623,2.65319126454640)
(-2.39148695573990,2.05439147713125)
(-3.66345391229054,-3.39453135657125)
(1.28693363794941,-7.45606775934772)
(7.67899962268257,-5.07897026840372)
(9.06088038848861,1.39795312937790)
(5.00174976566697,5.48688612363287)
(0.752465002900274,4.53583791980732)
(0.0755599535589996,1.95953907611671)
(1.17961573710694,1.60302146474672)
(0.593515811330149,2.65878476376801)
(-1.35363358747475,1.90912605798448)
(-1.37905742168146,-0.725206640144473)
(1.27291031328377,-1.77271288389443)
(3.14705821657917,0.504712064911963)
(1.41100194553688,3.08717300287500)
(-1.79580251295545,2.18739484147439)
(-2.06347516785330,-1.27697435061198)
(1.09480836385822,-2.71502590990740)
(3.38662522834298,-0.226020075152590)
(1.65965314403247,2.65304926790217)
(-1.67778538348434,1.84107560555731)
(-2.06410328564786,-1.59918880555725)
(0.777374005084904,-3.10665535836705)
(2.64351586021896,-1.28310736298432)
(1.28541728681333,0.133960245811053)
(0.0567988003237947,-1.87736388026481)
(2.98250546262288,-4.36642864465786)
(7.95455598178396,-1.97942970708315)
(8.32916809019740,4.90029634784082)
(1.84777252475494,9.09577723094653)
(-5.15977880045181,5.34708088268112)
(-4.97295602901702,-2.33281868325297)
(1.65896849473538,-5.04848774965976)
(6.18574210137451,-0.157611297604279)
(3.13636523876795,5.39191308399232)
(-2.91991772568080,4.20542840793929)
(-3.62185345354670,-1.87647897150479)
(1.98421642019374,-4.42770742087524)
(6.26268572730207,0.150192519865714)
(3.35758590471323,5.81325007648850)
(-2.93545358203366,5.10013405233241)
(-4.40958787575641,-0.823598847695605)
(0.430102852943254,-3.92454077268808)
(4.53733814680626,-0.334154771387832)
(2.16081871502734,4.50353363483870)
(-3.27215536805743,3.54117732178966)
(-4.05223838429289,-2.05852340657678)
(1.01078919798769,-4.59693059157404)
(4.91628908619374,-0.628423446435853)
(2.26406632499968,4.18473875450372)
(-3.14363619548733,2.96927854728975)
(-3.56972758231449,-2.68656297495805)
(1.77680709471102,-4.86105652519377)
(5.48589533344019,-0.411578604479822)
(2.27549710877381,4.43026361001072)
(-3.40489749846134,2.62454447223248)
(-3.30553290345693,-3.67770122638063)
(3.10260660421732,-5.74787234996577)
(7.51928810146516,-0.231539830938292)
(3.97845127623702,5.98559247731047)
(-2.91704667015660,4.94557273899891)
(-4.14184618785940,-1.57803556264141)
(1.49469919561405,-4.51357964415363)
(5.80306082606363,0.0743695767030173)
(2.55620324696055,5.63160009183055)
(-3.90421055119893,4.24450108967639)
(-4.70967265063287,-2.35628607940991)
(1.19778035774300,-5.17980789935751)
(5.56812909640958,-0.468626880899219)
(2.30626767583924,5.06505752536965)
(-4.05288195828792,3.58771624209416)
(-4.71073202768057,-2.94727656200971)
(1.07042119366732,-5.62104441919737)
(5.02313159933113,-1.18622935887249)
(1.75108461775337,3.32142506440888)
(-3.34375131568134,0.728943879421538)
(-1.62473444981931,-5.57527996551764)
(6.03505405476099,-5.87596111804473)
(9.53920919380127,2.02771606621957)
(3.29687521065355,8.77325068883875)
(-5.40247341964717,5.62862039656731)
(-5.58468543599046,-3.35409798287959)
(2.58676728902501,-6.29089974419219)
(7.73855314763267,0.590816455684736)
(2.59970602750836,7.68510284048005)
(-5.99189635373659,4.98872373858352)
(-6.30620155969360,-4.14917517565146)
(2.18418446389842,-7.46060693524861)
(7.94186059277575,-0.559548065768539)
(3.16312808283065,6.93419311587911)
(-5.40398905682275,4.58872633117710)
(-5.71144231501697,-4.36026192972048)
(2.83141317270095,-7.36911593940136)
(8.33741627817166,-0.0224482637795061)
(2.88235131536406,7.57382005475874)
(-6.23444012621180,4.62553814280484)
(-6.30430911350849,-5.19830560699964)
(3.13314094215483,-8.49088061156883)
(9.32323620553444,-0.592601957626012)
(3.79755762126580,7.69865743766152)
(-5.69367546926353,4.88831285242368)
(-5.67876221206101,-5.10637342602302)
(4.22237606060800,-8.04639793365104)
(10.3234146877513,0.881039603635274)
(3.63175128892675,9.92435635777948)
(-7.35352655838118,6.63137411067189)
(-7.90723686597834,-4.79424268469982)
(2.62975165695083,-8.86604880893657)
(9.61395984749760,-0.0558404592092651)
(3.15542736868515,9.31747426297167)
(-7.97866234882609,5.91135069159921)
(-8.19969979687792,-5.96651908343477)
(3.18666832058827,-9.90363984257353)
(10.5015300995344,-0.0757282075138295)
(3.12818864006340,10.1666516335403)
(-9.41206121227997,6.26188358241575)
(-9.98229674236486,-7.31883445388778)
(2.70124989080000,-12.6709450412400)
(11.9742900372830,-2.77143195611436)
(5.85548932231962,8.80742115108443)
(-6.54278289625874,6.49250582712473)
(-7.68679390209234,-5.80494162730659)
(3.90127361036935,-10.2010455750067)
(11.4544794188259,-0.0208281979013225)
(3.55484696989654,10.4338208563810)
(-9.24217573526432,5.72873392020178)
(-8.57889619379411,-8.50596243004869)
(5.75551246035596,-12.5154136291526)
(14.5134121165184,0.170380706458558)
(5.24436921601236,12.8786547494871)
(-9.86303619584231,8.21021548119335)
(-10.1159071955212,-7.57352910067611)
(4.94758141514311,-12.5104300487972)
(14.2308835115416,0.705079699406752)
(4.08749263500427,13.9017140950401)
(-12.0910990640534,8.16797911464320)
(-11.7397971473450,-9.39304920942051)
(5.31245060331808,-14.6273632370314)
(15.6655931960369,0.205742570478998)
(4.49194505734940,14.8242552749444)
(-13.1465802177627,8.54340745896814)
(-12.5347674741837,-10.3899440499614)
(5.83654138193712,-15.4156381404216)
(15.8549592349903,1.00934860028235)
(2.22786061210055,15.4570529375626)
(-16.4594551935036,5.64011533042170)
(-12.2029182567715,-16.8134714886307)
(12.2979035235575,-20.1835173486128)
(24.4855616583426,3.22179869123362)
(5.85698210460883,23.6236619443412)
(-20.4153312677226,12.7457143799897)
(-18.8074916687860,-16.1598790808194)
(9.54367920604786,-23.9551417569608)
(26.0523187081083,1.13554083492245)
(6.61944160292671,25.2598507033893)
(-23.4607160382453,13.8442836240435)
(-22.1162433422110,-19.5324264585677)
(10.9447527919340,-29.2142828230141)
(30.9900410800468,-0.193955841098513)
(8.90034533697909,28.3425221369345)
(-25.9665672938874,15.1287162075135)
(-23.3289797678589,-23.9434401132781)
(17.1712155177471,-33.7328866176642)
(40.6181637960709,4.01591955047643)
(10.7647334792698,40.3936411511993)
(-35.4399127006906,23.0034036351855)
(-33.3290309578820,-28.5417046330451)
(18.8876039122801,-42.9542164671241)
(50.2108198952136,5.20608488408888)
(11.4089232333825,52.8406669316778)
(-50.1062221010825,29.0673218987827)
(-46.3717596406285,-41.7720683280798)
(27.6030412875258,-61.6819673791213)
(73.1229364896833,7.97342794288764)
(16.3280670156065,78.9288106519475)
(-77.1960183186526,43.8890629937956)
(-72.4424683503899,-66.8174605084955)
(47.3558662924313,-100.667834685941)
(127.036296515932,15.8885249174468)
(29.9446362239597,144.358720295951)
(-146.294712823869,82.6757544355571)
(-138.154259883600,-144.355866623030)
(145.158324782046,-231.014016825778)
(408.031957917777,75.8647705151982)
(213.209994270136,590.672251496469)
(-496.389180389230,743.396154238793)
(-1176.44628045777,132.177281816073)
(-1101.43857832228,-961.521639439247)
(-84.0557707362465,-1689.25855634669)
(1235.71546724756,-1362.49353207193)
(1881.81460443013,-110.290988628028)
(1380.51852111310,1189.34304452841)
(152.088080008790,1653.80313276932)
(-894.291758799757,1108.82258485153)
(-1138.34727325646,130.703847798741)
(-669.704754935930,-538.714377249231)
(-46.1561874871790,-594.546182454474)
(266.328694660251,-269.032167128030)
(215.275301243044,31.1646721365206)
(38.9961697192245,107.397367003443)
(-50.0105668273741,35.3228963143811)
(-28.3473111148001,-28.8104558595386)
(14.4407089207992,-25.7627478240981)
(19.7417777031790,3.09207470039230)
(2.09729104376464,12.0732419548636)
(-6.19698487481384,3.07250745548175)
(-2.13097590543236,-2.19841845406973)
(-0.0110472761474505,0.00890145544352135)
(-2.30971686003673,-0.309493715454540)
(-0.638603804152027,-3.98231276898303)
(4.94143544372509,-2.38850063169135)
(4.71372105895458,4.77547631763302)
(-3.26220167622152,6.69966156013986)
(-7.74244049127490,-1.18409766707455)
(-1.01175602704894,-8.28006448568851)
(8.22548305047763,-3.76791158486596)
(6.62472425879822,6.69219656800245)
(-4.06530429926171,8.24452732716332)
(-8.77244763417665,-1.72367591921483)
(-0.562134142635462,-9.31867271375246)
(9.14237079238958,-3.80627611719355)
(6.70351746339743,6.87602413112228)
(-4.09398526906766,7.28440544588919)
(-7.16374593222263,-3.31758892637255)
(2.90111307757655,-9.42319992956736)
(12.5322445015994,-1.05823715286370)
(7.73150700644821,11.6385912488830)
(-6.18819450703726,11.8261000660106)
(-11.3440898471607,-0.915067046728566)
(-1.49245053173115,-9.76887254566061)
(9.57464362147224,-3.43683656593365)
(6.91021385570201,8.76223735041695)
(-5.44717819523638,9.95625511254557)
(-10.4865735808014,-1.28742281732093)
(-1.65929484178927,-9.50228946331465)
(8.55914570876049,-3.85308648821663)
(6.24801940244321,7.26095788378313)
(-4.91178771584568,8.26041261881938)
(-9.18209319739744,-2.07584102572665)
(-0.686384033383553,-9.30255573330707)
(8.73008577306817,-3.52925025674094)
(6.15708657999903,7.06199398059551)
(-4.60146423985250,7.81190635852126)
(-8.56154409523006,-2.14241507144975)
(-0.354143065098766,-8.92357959933044)
(8.55308181567053,-3.23618580748105)
(5.87575619354253,6.92732041080342)
(-4.60603885190843,7.51050513103070)
(-8.45855080266088,-2.24955316446291)
(-0.502849600155696,-8.97859469496271)
(8.26589983468750,-3.66275007414229)
(5.96374910440903,6.13738557309629)
(-3.97460355822721,6.90100083340880)
(-7.76945424741292,-2.33937671109805)
(-0.217091419836287,-8.94885505087515)
(8.48436606199312,-4.10862775576100)
(6.93985170784126,5.42731558272260)
(-2.09591179882767,7.00629158090280)
(-6.08063016416336,-0.644573588096833)
(-0.137875556427501,-6.27863754792777)
(6.65996121214349,-2.11103000653811)
(4.41309782961475,5.54977349058465)
(-3.72360318263179,5.50919283334642)
(-6.13322295273337,-2.47404861043347)
(0.879667707282073,-7.32740004503188)
(7.82272899952363,-2.12398771833610)
(5.11820538173466,6.21258532465663)
(-3.65222718941559,6.38546133978297)
(-6.64952893941962,-1.77341830188662)
(0.0120105278587594,-7.13376565251930)
(7.05935141313027,-2.54583461958956)
(4.86826395229257,5.48769886941038)
(-3.42988238084632,5.88366174733591)
(-6.42600143072611,-1.84918793829103)
(-0.117730068946486,-7.11840049212568)
(6.75946987220924,-2.86821557522979)
(4.84507561748364,4.86044074260786)
(-3.08101827439238,5.36087643239301)
(-6.05449620023562,-2.10397465412250)
(0.0863282749684874,-7.45293945706173)
(7.22561112950313,-3.58040677236942)
(6.17477967325007,4.21984315570317)
(-1.05103652216240,5.79676470827154)
(-4.49099704010476,-0.0916041510006083)
(-0.0614889962100350,-4.63051367374341)
(5.22220700307549,-1.50855461913574)
(3.46009908973154,4.45836769400853)
(-2.99374980501063,4.39323552137177)
(-4.91979709956575,-2.00248467055378)
(0.724291607128909,-5.88777027377613)
(6.29313127251444,-1.56668950313829)
(3.79468569992538,5.37394452201154)
(-4.04917182134694,5.34394204239913)
(-7.12509507009037,-2.37632719018238)
(-1.16590979059110,-8.52411312178163)
(6.81513413665126,-5.85226127060777)
(7.81551137139409,1.87592326773466)
(2.10242270562599,5.44940066457141)
(-2.25059605408641,2.18503513535617)
(-0.609702211139296,-1.72237085685473)
(2.80608116246463,-0.646493060649360)
(1.97044066998687,2.92225461396292)
(-2.13618280381170,2.79977330918427)
(-3.31228211675780,-1.52860113214903)
(0.556754720582930,-4.11370576847585)
(4.22169870932475,-1.21386813871438)
(2.49450975339520,3.13605205177379)
(-2.24568724718741,2.68920077995938)
(-3.21436880108422,-2.12557133585706)
(1.24835208463386,-4.57916446652279)
(5.11279595543976,-0.942767154138602)
(2.79844863251236,4.13466004711376)
(-3.08282478034776,3.70424335676647)
(-5.00256824195928,-2.14760501269482)
(-0.395165080078311,-6.33689972902187)
(5.13945360602418,-4.02332943396820)
(5.33533012356865,1.42467382419280)
(1.11075050576521,3.38843932099642)
(-1.50310269024164,0.658632632594351)
(0.196617479764383,-1.86443215469849)
(2.56080450131878,-0.607355281527097)
(1.54400495053684,1.91636220898400)
(-1.36193038229747,1.35890629107925)
(-1.59311554628174,-1.82580254586478)
(1.55544461131898,-3.01896765309037)
(3.71872808594077,-0.250524944017996)
(1.69902053587865,2.79075468042054)
(-1.91032910817145,1.93614091384327)
(-2.42049164696665,-1.57657848046484)
(0.277930756230627,-3.03492262503727)
(1.77913239589858,-1.21364230847163)
(-0.0316115574228202,-0.155855816894888)
(-1.40370843975297,-2.90059602490186)
(1.94343714530735,-6.14615263101906)
(7.80068632082638,-4.10730321563391)
(9.15685709739280,3.09080133519173)
(3.25473039765398,8.25354273007386)
(-4.03580056918497,5.70614107426418)
(-5.01056097313909,-1.32876419367024)
(0.344280175951643,-4.56403713923333)
(4.56735883254860,-0.995017970665678)
(2.43914684926218,3.69817024770233)
(-2.58416131322449,2.99032981861249)
(-3.48932982975239,-1.98037082882328)
(0.808011548712802,-4.41256949994720)
(4.33950590874430,-1.23539746723043)
(2.43989782800137,2.95111611727495)
(-2.04619210607735,2.43195897716369)
(-2.99032630356316,-1.87318504175961)
(0.538689627036897,-4.04189723831241)
(3.31186119740860,-1.55919127791658)
(1.56791202843566,1.34019979488165)
(-1.62584542661367,-0.0661713807763561)
(-0.803485426047049,-4.06028403112616)
(3.93664980886469,-4.70954210889203)
(6.68606626193918,-0.225062442844862)
(3.72248574966821,4.22130251885531)
(-1.25871414131308,3.30736327070900)
(-1.99837123169549,-1.25682395411197)
(1.93092395969643,-3.05307409730148)
(4.64827610265908,0.341354998060150)
(2.04256090532149,4.14016151663875)
(-2.64489417523646,2.95931920391437)
(-3.30227277034373,-1.84191636750218)
(0.733244229157930,-4.08909106569738)
(3.90167788564084,-1.22730128724763)
(2.12164566846307,2.34025053761171)
(-1.69691580242195,1.48055011051942)
(-1.84349742631616,-2.56227205043753)
(2.19033804608531,-3.96016354449808)
(4.95821227848502,-0.438367344306333)
(2.55139039126067,3.49714256993717)
(-2.00467007204425,2.66429239783129)
(-2.83947711354147,-1.76973852436204)
(0.842355712413482,-3.94101753316452)
(3.83118126501098,-1.26523420088102)
(2.11625364574405,2.19776144226535)
(-1.72164045150244,1.46077554384402)
(-2.21042153479192,-2.56855036224197)
(1.47719120743868,-4.46568299896570)
(4.51390191257255,-1.78085224385003)
(3.14022435499819,1.73603061049842)
(-0.277534915434026,1.47222664849328)
(-0.748290784897528,-1.69079694451133)
(2.30285262037442,-2.78069571423420)
(4.25726772773788,0.180289721719860)
(1.79794522659811,3.29793795824592)
(-2.36304772632846,2.09913659541326)
(-3.03079616054619,-2.33372834833325)
(0.570034115792662,-4.77154228739297)
(3.93387682447627,-2.73738466218517)
(3.40127266600936,0.546097684524959)
(0.729359495280182,0.906179427784753)
(0.0572566376996888,-1.19673470650195)
(1.90672401096312,-1.91737588762486)
(2.74035850800314,0.0362642568902642)
(0.481589530242920,1.41486364168625)
(-2.08501866154865,-0.784658855240458)
(-1.02279338477099,-4.67025787887125)
(3.14354730723045,-5.71356323249458)
(5.93530313597680,-2.87207989150854)
(4.97095571684067,0.0522289512950223)
(3.07377557801055,-0.186127767159992)
(3.98880305766338,-1.71057488139484)
(6.72278162285639,-0.353859402949243)
(6.66824004057464,3.97232896308478)
(2.23691291960854,6.46940753046850)
(-2.24902465932658,3.76847124026769)
(-1.83432204537790,-1.14434290388394)
(2.47970775475447,-2.41649155605137)
(4.85138113870340,1.12222922814943)
(2.18374398238137,4.45400985308737)
(-1.89551884748580,3.04575769685479)
(-1.99657489183129,-1.19002030829575)
(1.81374698625410,-2.60744351926957)
(4.22764655198824,0.525560142995624)
(1.93871957083839,3.78639343983672)
(-1.95866749464856,2.68147983278889)
(-2.29006245873408,-1.30834492603385)
(1.17303640851212,-2.88668518111133)
(3.54997229041009,-0.207137421555971)
(1.62143068229799,2.72380545426232)
(-1.82897513150062,1.66941064812928)
(-1.97760104852401,-2.03110317893549)
(1.35635592324713,-3.43199280325487)
(3.54370815208222,-0.901266645303886)
(1.66494402037982,1.61383753205595)
(-1.32905480519561,0.103079676251661)
(-0.585521113647495,-3.81402590296203)
(3.95895518043946,-4.86246906711243)
(7.28633861379351,-1.10096316579984)
(5.77963941288475,3.51985103320704)
(1.71605808539621,4.36438603118741)
(-0.104010935791795,1.92192670225896)
(1.27043772858765,0.509008985189350)
(2.24177723820423,2.03768804834475)
(0.220250079758969,3.59304662633789)
(-2.56631374511484,1.95214007619030)
(-2.29116474621381,-1.55403594475162)
(0.915713507516532,-2.73834151626998)
(2.98309178245258,-0.373128348782502)
(1.46516904068710,2.11381363991724)
(-1.20966398136609,1.44974210194583)
(-1.39344544548259,-1.00337509976275)
(0.456805233109610,-1.50841775587015)
(0.518549919672766,0.228554295855420)
(-2.39218692678300,0.158297930002977)
(-4.10528966908312,-4.29705015632103)
(-0.131561646508451,-9.56601779269330)
(7.81121298384643,-9.34728715951412)
(12.7159100541059,-2.37234003199239)
(10.1391940921955,5.44938090954783)
(3.29767616945214,7.56054954952690)
(-0.931399405748200,3.93489745628729)
(0.0892717401307073,0.186479141903123)
(2.73270147649420,0.330374735994222)
(2.70018848686178,2.61883445219695)
(0.335884105292885,3.07343432669462)
(-0.918240146515106,1.08124161894352)
(0.181482144137552,-0.504695071520908)
(1.33039173992960,-0.0722200500394679)
(0.707249154714831,0.459589941470488)
(0.0429305643655680,-1.01164674868570)
(2.01889124664272,-2.95949566456514)
(5.72453650644371,-1.87361768162774)
(6.99275632948666,2.61800699069652)
(3.68561213140874,6.41643023169408)
(-1.15491676939388,5.72686404261981)
(-2.81193574922983,1.80222640779901)
(-0.625619926069437,-0.700778453374556)
(1.55852123433627,0.372723886854004)
(0.681795098880806,2.29360941526112)
(-1.64261458822794,1.54251897744901)
(-1.68894773121300,-1.34506668157423)
(1.12234079082145,-2.67106875740239)
(3.46449048455517,-0.731634278025709)
(2.67894632632444,1.91415706690874)
(0.274312206081822,2.01711672976274)
(-0.339070447866045,-0.0326442582346361)
(1.45922094598069,-1.01803667517918)
(2.88081219896192,0.513562396660550)
(1.82360512522936,2.35667321436912)
(-0.200588300276266,1.94395050082391)
(-0.353306896929496,0.0256929607979357)
(1.39738714529151,-0.475787089999945)
(2.21044203241292,1.25315189646880)
(0.481325517706794,2.62441835224351)
(-1.69126411095614,1.24719113667845)
(-1.24010116124862,-1.58311727058376)
(1.64403975621975,-2.42643666547380)
(3.63095823623116,-0.237476113970683)
(2.58752640719778,2.27894095585012)
(0.238827011633884,2.29484963057476)
(-0.363227138643748,0.469854536129636)
(1.05259829722284,-0.287879082006865)
(1.91413909496355,1.01811241197976)
(0.652245814214385,2.22978217152546)
(-1.06279990793375,1.29129515304243)
(-0.781299284291728,-0.734286599930860)
(1.16533391204554,-1.16889356212613)
(2.10123796529881,0.444856288624616)
(0.817642131429415,1.66798386533085)
(-0.676525961562068,0.641377672725446)
(0.00101038422614967,-1.21279112313930)
(2.15884106510775,-1.14536759728658)
(2.89716819212484,1.00452901869042)
(1.15421949153624,2.46903291761084)
(-0.737382759774542,1.35612396968642)
(-0.243589626544272,-0.690378176775429)
(1.83736715920050,-0.752596678641275)
(2.47588529870386,1.27412937726099)
(0.681014846233301,2.50160707153395)
(-1.03044024719578,1.11647901099665)
(-0.124478126342877,-0.955537884323805)
(2.28499576031872,-0.615232421381826)
(2.77756645580725,2.04229416818098)
(0.294217632777544,3.63160975074105)
(-2.25219002819686,1.95890274901400)
(-1.75763985752673,-0.956485178320439)
(0.937597246405046,-1.49805637489175)
(2.17176925451015,0.757261380570417)
(0.357644974657808,2.53228097745781)
(-1.95189176127167,1.29615305579742)
(-1.57780347321711,-1.36691782492865)
(1.00779812757440,-1.98239880974978)
(2.41944315002145,0.105717291352032)
(0.999405585155345,1.95805667736534)
(-1.02241229794927,1.14982290065003)
(-0.726481347789926,-0.946363844920398)
(1.43720041980092,-1.17480337610584)
(2.32416698886377,0.961908498493947)
(0.506073109027233,2.59739562821428)
(-1.71692941788141,1.47202770938446)
(-1.46914271350596,-0.939439676601589)
(0.761919444293757,-1.45576010432022)
(1.83120844742075,0.452641743922207)
(0.278595833850293,1.98753649853904)
(-1.69583115703142,0.922673500638896)
(-1.31526152682598,-1.33091329839267)
(0.927345400024215,-1.70441957057075)
(1.96493487510729,0.279005152927585)
(0.395313293792617,1.85889570659874)
(-1.60526035328221,0.853259667962842)
(-1.30536993063022,-1.35784716128893)
(0.831603203317090,-1.77643559888035)
(1.83790271621016,0.0719071938254389)
(0.369923437279645,1.52634449282023)
(-1.45399352074570,0.512627073518335)
(-1.01994381478088,-1.58054311248638)
(1.14721939492450,-1.83572423476316)
(2.10393159544349,0.152505249667644)
(0.540524324863129,1.71576224668629)
(-1.43517116057050,0.775121466814101)
(-1.20806911461786,-1.34139410800027)
(0.790101928904836,-1.77444948627908)
(1.75657567346104,-0.0542654410433452)
(0.410666983704559,1.34172181888226)
(-1.30742896176318,0.482261399214516)
(-1.01829069165462,-1.37349059067570)
(0.775355146004612,-1.61637715591972)
(1.44923696081232,0.0241507307398466)
(-0.0129441789569430,1.11225779597330)
(-1.56104202899684,-0.0481160214193941)
(-0.934711296073528,-1.98653846062954)
(1.14916368541103,-2.06302716757400)
(1.92895559451263,-0.128213612491506)
(0.381034114387922,1.23453798257699)
(-1.37190620841245,0.236883318296707)
(-0.972957013520088,-1.67305001016489)
(0.939743344551585,-1.80520407617674)
(1.59935749396387,0.0893684969387417)
(-0.147030407391665,1.46383324295825)
(-2.31258296150738,0.361777074996721)
(-2.42142250934638,-2.09301658341022)
(-0.616729831109992,-3.34576149555853)
(0.897681481865217,-2.72343357457870)
(0.999590039971403,-1.87129035256448)
(0.865450983906842,-2.02753945253053)
(1.76046648827950,-2.24932657713316)
(2.85756418272652,-1.09329724468403)
(2.36358102020615,0.870060478173812)
(0.298164110177244,1.53934205598374)
(-1.22313320702112,0.180459587676987)
(-0.762435270987116,-1.45423321117105)
(0.542612646990711,-1.48989072241009)
(0.705998209210601,-0.416125708282240)
(-0.279829096219679,-0.0930285625207786)
(-0.734472049399108,-0.785340646239444)
(-0.315932721134069,-0.814075124812494)
(-1.04181305334217,0.336725136257570)
(-4.12678354680967,0.108948153893330)
(-6.84467229689667,-4.18187775768634)
(-4.62625496328402,-10.7669222252090)
(3.14567184801028,-13.7832423116269)
(10.9807135426687,-9.43401758988117)
(12.4721880654279,-0.868078887709388)
(7.28113027936018,4.68351635485137)
(1.43977420322948,3.67492989786499)
(0.358431306557067,-0.282604797711976)
(2.94769418642660,-1.37598410237113)
(3.87519896753655,1.28610083585367)
(0.773894886749993,3.16392357554220)
(-2.80809603636851,0.634798879456226)
(-2.19045867730255,-4.15093116410126)
(2.35444312729810,-5.98600471084669)
(5.97912671112497,-3.10559762274034)
(5.28530941942767,0.899965349902056)
(2.10849850250398,1.83293095641334)
(0.567489566619238,-0.164637921186384)
(1.75660592311805,-1.62955351307948)
(3.03852987585687,-0.766349304666643)
(2.28167786640900,0.506133813456141)
(0.855702028753353,-0.155639180283796)
(1.35838088564587,-1.86757041274809)
(3.50771746596184,-1.70636866831239)
(4.10961147123311,0.932149780888696)
(1.33873381822723,2.91013934178337)
(-2.37772754810005,1.03879649956315)
(-2.82808266489239,-3.77833046830708)
(1.15653992266507,-7.23930378397201)
(6.41912322304262,-6.27637461374081)
(9.00027464445043,-1.99477317840461)
(7.94050078422008,2.14655068340531)
(5.19860140678533,4.03701211121020)
(2.78824016281534,4.07002338389095)
(1.12766573242298,3.36680846036764)
(-0.0447725210795577,2.24218596579300)
(-0.500833833495641,0.709813915182130)
(0.00447838417293833,-0.616266623536311)
(0.846177796433077,-1.11174403131942)
(1.17973716345213,-1.23918729299583)
(1.37201059113151,-1.99629464736112)
(2.74505766982157,-3.11643239047152)
(5.45807976692498,-2.79825183449955)
(7.46257390989851,0.0426776834969408)
(6.52143033529263,3.78672079297832)
(3.08144304157136,5.40310280916293)
(0.153905900055229,3.84640732038440)
(-0.0129156202186402,1.30897399234916)
(1.59381199354448,0.585136541496282)
(2.25553403789573,1.81866627043348)
(1.00133120225136,2.72586303668458)
(-0.447001200112774,1.81014384450592)
(-0.293778393172662,0.212326233481888)
(0.871821646903069,-0.144842574118382)
(1.11141569443711,0.635065115809540)
(0.0899041616899134,0.627026362731268)
(-0.287016590333975,-0.999034093076601)
(1.45328003964216,-2.48215967801363)
(4.02127014060071,-1.63146087635120)
(4.69460279081088,1.15508020067555)
(2.71101988490954,3.10298082408087)
(0.305688661143032,2.35868436421335)
(0.0294406786855646,0.167357544262197)
(1.78709955867174,-0.769821440609705)
(3.23812675226937,0.475246889657942)
(2.75854262635401,2.28168158817415)
(1.09860770199260,2.76055768583762)
(-0.0137210491093218,1.87477468698771)
(-0.0404147577740716,0.903257090265718)
(0.236000913056334,0.523425624616738)
(0.252823925405554,0.274039213698064)
(0.393467523189469,-0.258745537532454)
(1.06165239519640,-0.639517878018983)
(1.82391365914945,-0.327509315640663)
(1.99237340363893,0.398745863035678)
(1.59955321316308,0.850653871978658)
(1.14670065433996,0.903679537820691)
(0.654226900619130,0.822992312649188)
(-0.140245148717159,0.254439920005127)
(-0.502285034532725,-1.55393854992081)
(1.28186866877924,-3.96854452670176)
(5.57457742747606,-4.31461635783690)
(9.52231448455004,-0.407575027990452)
(9.02253264098346,6.09280502313255)
(3.29648038872485,10.1362481663315)
(-3.34238897006014,8.18500358977715)
(-5.47322214732842,2.28657425396765)
(-2.27782928365278,-1.85606109155803)
