2409972808744819410276834556260.
0.040000000000000001
(-7.44975806857872,-13.2860654846660)
(9.17745591716173,-8.98267266691428)
(7.02134157725622,7.63629886625020)
(-10.7705220143034,7.41084289931480)
(-14.2435980335840,-12.2526645877223)
(5.63331575520940,-21.6731212179247)
(21.2036974754119,-4.98331117893095)
(10.2391656220311,14.3064996103845)
(-9.69004709876288,9.08602366553408)
(-8.62498289693607,-9.92350069248442)
(9.56484181579245,-11.8358440598110)
(14.4939493954296,5.84892558938741)
(-2.17649395799976,14.2514940233378)
(-13.9397993549958,-0.363863604275687)
(-2.14093638873367,-14.7634144179594)
(14.1591647892145,-6.03359359210505)
(8.65819975520653,11.7209502477425)
(-10.0971726702845,9.83126377222905)
(-12.2023276633292,-9.12497073547012)
(5.93581945160723,-15.2389824482658)
(15.7134950279399,1.18764160228637)
(1.72161270744010,14.1610628017307)
(-13.8248155149925,3.29177833751929)
(-6.54089295940398,-13.8936278063762)
(11.3401358120936,-10.1174256680200)
(10.7588862771933,8.02821583854403)
(-7.48966384638496,10.8002698001078)
(-14.0748244040118,-6.76180304463876)
(1.43748778879998,-16.7597594424325)
(13.3757091374372,-3.72619896438909)
(1.57447883820029,9.45299514518450)
(-14.5072557064715,-2.05241505709770)
(-5.33795689173049,-23.3908424699964)
(20.6367430952287,-20.8926709341809)
(27.3391780825937,5.21000176176833)
(5.91415052749024,19.1779164578894)
(-11.1247805529082,3.63156126238006)
(0.477945759846040,-14.2559550160926)
(19.9768494511473,-5.26349598791763)
(14.8141164459246,16.7593623444329)
(-8.37862894004542,17.3219901889903)
(-14.6628124289725,-4.39458365537417)
(4.13104368277424,-14.6315229504072)
(16.9615126794797,1.58179377533577)
(2.89695825344097,17.1802889049025)
(-16.0121802978727,6.22788293212782)
(-9.94715448115803,-15.1667463426776)
(11.6256074766765,-14.7214361598362)
(15.5695796677430,4.94447883459215)
(-1.99644833697183,11.2575949887475)
(-10.0023740014759,-5.60733943554476)
(7.00366488837696,-16.7085920525707)
(23.0159699799176,-0.969424125052820)
(11.4457161999029,19.8613503541438)
(-11.8457159669591,14.4507696636490)
(-12.3572740592788,-8.58184371774201)
(9.14272925360980,-13.5910410562427)
(17.8035628192745,6.35144965318838)
(-0.406352305868512,18.7585509229371)
(-16.6253937297878,3.22375394791863)
(-4.87936489634097,-16.1597688108489)
(16.5927494349011,-8.85695007240511)
(13.9928168061666,13.6641900305593)
(-8.57188709908838,15.8823618826138)
(-15.4931729881443,-5.63957552186251)
(4.01081025962843,-16.7958784033252)
(18.7957606849934,0.0309340470604345)
(5.15863914507634,17.9616299248207)
(-15.4353570118262,8.16607313926837)
(-10.1976044566842,-14.2865632559789)
(12.9640086499727,-14.0357482577710)
(17.6984416018146,8.63840481701009)
(-3.42512152065994,18.0950885966051)
(-17.1703036581552,-0.455127611701573)
(-2.16481505838325,-17.7109309456651)
(17.4474211325596,-6.81499037464763)
(10.5654152117508,14.1010397501706)
(-11.2617843292131,10.9109035923904)
(-12.0546247103208,-11.8803282896043)
(11.1747814880036,-17.7268714102482)
(22.9159627081930,4.15078997606928)
(4.77362229350264,21.1843626427220)
(-15.5168335004806,8.25714435440016)
(-7.63855483628216,-13.1554728915711)
(13.9219978832557,-9.27635097891842)
(13.4676039141080,12.5819318184454)
(-8.88391685244624,16.0344015366977)
(-17.2237999212341,-6.10263924408923)
(3.02423954034077,-19.8073926902388)
(21.4482434789658,-3.38625109575474)
(10.1624233645948,18.1156527247684)
(-12.5226330349093,12.1648610312650)
(-11.2602019359513,-10.3733043863734)
(10.6305220860550,-13.0706078887825)
(17.0671269338833,8.06950276961555)
(-2.97581985571387,18.5094061149666)
(-17.7080972927507,0.471716974780948)
(-3.04229667543087,-18.3669705824866)
(18.9085265503889,-8.47671991783207)
(14.5782039835986,14.8242399889759)
(-8.19967817606093,15.7096179794019)
(-13.1151716339530,-5.51714120515103)
(6.65883858569230,-13.5210783814466)
(17.8575032348746,5.15275800286091)
(0.795233937389038,20.2668978865467)
(-18.4094483597442,6.27800575536601)
(-8.98269093081683,-16.1087851269414)
(15.0817037545687,-12.0015225966340)
(16.3739153353140,12.3018324186689)
(-6.95100475926282,18.7488125873525)
(-18.0713584186287,-2.52918157557325)
(0.340935521866320,-17.6178546246184)
(18.6948166630014,-2.58001932545282)
(7.47405474745279,18.4985095951561)
(-15.7324675992130,11.7047009269372)
(-13.9709380876292,-12.6704331779016)
(10.3148396967267,-16.1734418095515)
(18.8507675630596,6.81010614874448)
(-1.85449209832064,19.8955333539204)
(-18.9267829955262,2.27664166750108)
(-5.12992116306692,-18.1310271108578)
(17.8134230423865,-8.81140395082688)
(13.4887036483637,15.6950368555518)
(-11.4378766893554,16.6575304514807)
(-17.6389449481241,-7.46045288828260)
(4.54783523524193,-18.4839198553485)
(19.7537839179560,0.909708296477818)
(3.77601682461475,19.6232301695751)
(-17.8047316890695,7.57467088734979)
(-10.1900259189283,-16.2180514635131)
(15.0378216723995,-13.5650504716493)
(17.8227368998098,12.0583655723709)
(-6.84020868627636,20.4653382196358)
(-20.5050509423559,-1.78455279672260)
(-1.82564472949855,-19.8397881247959)
(19.6035858048504,-5.43386960446779)
(9.93183129883231,18.4446693565937)
(-15.4417718253562,13.9247038943788)
(-16.3176961548716,-11.7964330212274)
(8.55724157879608,-17.9342512383344)
(19.5404788868096,5.11218393560940)
(-0.886099603150551,20.4900665234734)
(-20.1798490549171,3.48949532760440)
(-7.43021007097985,-19.0155600060524)
(17.3191296414832,-11.1513598982417)
(14.6941904906907,14.7855191946598)
(-11.3705143730445,17.5704308417156)
(-19.5725792956289,-7.48523435732665)
(3.27258301697222,-20.8138180510214)
(21.0875033182088,-1.25857359862878)
(5.63983703721224,20.1927168225823)
(-18.5318754254927,9.44464030054641)
(-12.9220773610821,-16.4800909552807)
(13.7134309866755,-16.2883268604283)
(19.0328952455994,9.95446108605820)
(-5.66221960519186,20.6658850364596)
(-21.3597789277698,-1.31136976719033)
(-3.13822933419967,-21.2555716214544)
(20.0991941585102,-7.53309619357055)
(11.3466767719877,18.0310024639261)
(-15.6043504439811,14.6074422425921)
(-17.7988771893976,-12.6866875042674)
(8.63110140691631,-20.5777887242891)
(21.9649824572479,3.73320408938049)
(0.929540068588575,21.9383485787787)
(-21.3208277837033,5.15862801005363)
(-9.54269864938014,-20.1184377008325)
(17.6469935504310,-13.8269253741571)
(17.1210324015962,14.1286232426869)
(-10.3708376205375,19.4580366527279)
(-21.3159163545580,-6.26132147090148)
(1.48000398678614,-22.1672500236951)
(21.5144253019994,-3.06210428469772)
(6.64964171430812,20.4029186011010)
(-19.5675977640137,10.4553895929951)
(-15.2470116251301,-17.4482722955154)
(12.9141322582235,-18.9804207855984)
(19.9065428642822,8.24567398958007)
(-5.75954485808837,20.2888102259291)
(-22.9532324506239,-3.21945024179984)
(-2.91490754001148,-25.7594493247468)
(24.3144690525430,-11.0781307126919)
(16.4632662889341,19.0240935053382)
(-14.2470313940088,18.3106551293703)
(-20.0043443914850,-11.2195941279014)
(7.32223224020779,-22.5369702340960)
(23.5383395132747,1.98410491840165)
(2.43427994881509,22.6800738926375)
(-22.3134244657143,5.78577245326019)
(-10.5458236639118,-22.3624064526328)
(20.0196833656828,-16.6276520779914)
(21.0494033726888,14.9866117358983)
(-9.88066901297409,23.1022344395686)
(-24.7375821355233,-5.27295694660368)
(-0.481361164725338,-25.8389860793427)
(24.4595775551069,-6.62926727241448)
(10.7465572196661,21.5338354750515)
(-19.7019561514282,13.7531355938215)
(-18.3965567784778,-17.8502057705508)
(12.8461796823212,-23.2675473797824)
(24.6348534465813,6.09114046688442)
(-1.70015091983312,23.5780488473785)
(-24.2811147620888,1.19814105823284)
(-6.94500123378389,-25.7826405464964)
(23.2276329621286,-14.5570400478609)
(18.6126511894180,17.2012568402514)
(-13.3335685687562,19.0849606203978)
(-21.5607356711731,-12.0575178727324)
(7.67702893565919,-26.7208666978816)
(28.6264068021462,-1.00449003054750)
(8.16890876810357,25.2420849297427)
(-21.6753132100765,11.1587697993561)
(-14.2357392703493,-20.5519155580554)
(18.0312254777437,-19.5853165021474)
(23.3939680772669,12.2519311322658)
(-6.99028303408699,23.9434867522995)
(-24.9168437416334,-3.66476903167794)
(-1.64260371856784,-27.2409603956219)
(26.2984006049708,-9.63358707414980)
(14.9573354244984,21.0338003966261)
(-17.1359477741087,15.9072182268680)
(-18.2417395734221,-16.8468603672235)
(14.2617458343160,-24.7066829144095)
(29.2943164858782,5.79842154144944)
(2.97058510139675,27.3363620695443)
(-23.3197737985373,6.63590344794921)
(-8.46522527430676,-22.6861222528365)
(23.0352471344386,-13.5135361996471)
(19.9952674435558,19.6975169181920)
(-13.7902637231741,23.6958606008122)
(-25.1464898332048,-8.69147936871672)
(3.93894166783039,-26.6286753025721)
(27.2001827524736,-1.91881378281145)
(7.39148450204192,25.7589969594103)
(-24.1118496946432,11.6049804270441)
(-16.7370472803391,-22.7243030290418)
(18.6585786831263,-22.9465716554095)
(26.3947385819343,11.5184648393576)
(-5.64487809657749,26.0152927443322)
(-26.1850992599169,-2.67765475471155)
(-1.76188298200562,-28.8497653150967)
(29.4834678036372,-10.0216293022443)
(17.6706155093710,25.0486270408456)
(-19.3403595891994,21.1249332950499)
(-23.3825941972703,-15.8698403938884)
(11.9912215486290,-27.4726078849563)
(30.6611722047784,4.94829652946859)
(2.54370909462308,30.1110941760668)
(-28.1864066081513,7.67547779738266)
(-12.5216734055606,-27.2832301566525)
(25.2482950061024,-19.0139223357061)
(24.8575833743795,20.3595113728949)
(-14.7883015444801,28.6410723346727)
(-32.5966940834653,-9.04753481612953)
(-0.170836875430096,-36.1516799474925)
(33.9306892341769,-12.2036317461661)
(19.8289145429239,25.0518354115663)
(-17.1257378189169,19.7169982288830)
(-18.3472183481726,-15.4742889421316)
(15.3611386923210,-21.8835114362683)
(27.1490710821905,10.7096300339740)
(-3.54108630668123,28.6716639599528)
(-27.7847014126735,1.60575771081824)
(-5.99761952087412,-28.0293073972856)
(27.7117685131191,-12.5848124068205)
(19.3233187613644,23.9046491992702)
(-18.5168350404667,23.2242574766290)
(-25.8938797999880,-14.1196746889589)
(8.93193239488836,-29.1214088876415)
(30.3498997899975,1.68036150568489)
(4.17594350157231,28.2333198911344)
(-26.9033936777016,6.85861688052280)
(-11.0187122404637,-28.7432984076979)
(28.7630833188213,-19.9893869348464)
(29.0934510140389,22.3718024930954)
(-13.0118094304672,32.8919477991832)
(-33.3256029624976,-5.81137927344733)
(-0.498925475073414,-34.2994838184243)
(34.0865829820098,-8.79008515724034)
(16.5409189860942,29.9669809942642)
(-24.7959728225363,20.6894773581371)
(-24.0819482126683,-21.7893981743419)
(17.9134123187836,-29.9381769481755)
(34.8913999684499,9.58014823734563)
(-0.0407712676060123,34.6265146982313)
(-31.6657077761361,5.95957031315208)
(-10.1908965243190,-30.5015250516856)
(29.6143122495255,-16.6101845575296)
(23.6461647314095,25.3480354956846)
(-19.2020164442713,27.8157311786823)
(-30.5497631876974,-14.2368924116204)
(8.64453762247344,-34.3943275249784)
(36.8112162717692,-0.0798823139790648)
(8.95406583586873,34.7950513392125)
(-31.2442786163665,14.5500801744375)
(-19.7161087137778,-29.5593636199734)
(26.4101086212633,-27.8906941435627)
(35.1630320924947,17.5720197092196)
(-6.75902189420246,35.9883864841446)
(-32.9594348018961,-0.445734663584786)
(-2.64235340698793,-32.6094847087697)
(34.5917523384444,-8.61222080640947)
(17.7977849429133,33.2677873670330)
(-27.6241640604689,25.2235078722313)
(-29.5214746056314,-21.5507180749274)
(16.0123229413695,-33.4959682427633)
(37.2535078043143,8.60119618700338)
(0.278589499170648,38.1182389178240)
(-36.4213039708880,7.75275683289850)
(-14.0873057147753,-34.7905991376260)
(32.5857700716878,-21.7077818293260)
(29.5966416244498,27.0389352307356)
(-18.9298873461241,34.4618120605986)
(-36.4425832945462,-11.5240255309220)
(4.95000261148279,-38.2320355751456)
(39.6638998146619,-3.09538535957650)
(12.2221306278812,38.3139956742897)
(-34.3043574270492,19.9189560839520)
(-26.0170615970712,-29.6909390993387)
(24.3459954509736,-31.9475272156492)
(36.9269570264627,16.9361407020369)
(-8.53482081818577,39.2441039044749)
(-39.7895265171328,-1.02040417740595)
(-6.46200100494582,-40.1823290416909)
(39.1668934597386,-15.4180722246635)
(24.3055253591723,34.8317516973219)
(-28.3944797135179,30.8079245033926)
(-35.6436129263874,-21.9269384388683)
(14.5983145911798,-40.2709944535516)
(43.1985218610453,5.06682220174015)
(4.82491349264417,42.5251605299264)
(-39.7372344081850,12.6989367890317)
(-19.5727259195467,-37.0607755955905)
(33.4507136018771,-27.3156169622775)
(34.6561518910172,26.9821604974182)
(-18.7205651927674,39.4220116904190)
(-42.1832428042751,-10.5911095589317)
(2.05393247470643,-44.1338810684889)
(44.1219779047350,-7.64069911232266)
(16.7899508441639,41.1944895769471)
(-37.0581149654761,24.1793231489070)
(-31.4626476941382,-32.6845404475516)
(25.8801074391027,-39.2808148904955)
(44.6183794221965,15.6464529728601)
(-5.20809067640875,45.5478380996808)
(-44.7405662540827,2.92625216996287)
(-10.9267508577970,-44.5386075294353)
(42.6697327233606,-20.8488289525028)
(30.1694082595791,36.8931327791150)
(-29.5471979349385,36.3464006231294)
(-41.4203958011881,-22.9798744913006)
(14.8469105799315,-47.3321153605496)
(50.9879073340438,2.96538131701073)
(9.34167091453802,49.2279351336794)
(-44.7001302900037,18.1420013387952)
(-25.2766590566866,-41.2698709511089)
(37.2721303381442,-34.2500853230156)
(43.2986466447422,29.0682618242996)
(-17.9939909712075,48.3903048915400)
(-50.0332223132110,-7.87664764349176)
(-1.49493323342741,-51.2077661245768)
(51.1848331843693,-12.5533410463857)
(24.0804949895725,47.2514102674231)
(-40.3809461223275,32.9176207717593)
(-39.5253703566884,-33.5549341772292)
(26.2807584493942,-46.3887660141595)
(52.6228307855661,16.0580258090799)
(-3.64774561543809,55.2722315664679)
(-54.3757955976200,8.04296795733177)
(-18.7123752703483,-51.9823963707910)
(47.7719823092348,-29.6655368598776)
(39.7446940758444,40.2367191033828)
(-30.6035051443320,46.7741453482768)
(-51.4938661674435,-21.1677281466025)
(11.2675223817500,-55.7790343443069)
(58.5093311216673,-0.927320806717620)
(14.2049865106738,57.2722582500328)
(-52.5807680085053,25.8447989963934)
(-35.7123664028707,-46.5437571744088)
(39.0292759124605,-45.0687330888678)
(53.0530628998555,28.8558299993431)
(-17.0223599017338,58.0050024879255)
(-60.4767876861276,-5.17720445085854)
(-7.24206108717755,-61.4392910897107)
(59.4842941622574,-20.8946237820264)
(33.6593244892013,53.2761434166568)
(-44.6539612721730,43.3470058157316)
(-51.0928936154636,-35.8030963151664)
(25.6007337185917,-58.5313819431168)
(63.9267246857123,12.3898284210951)
(1.94171560126956,64.8743830332906)
(-62.6075429310307,14.5367049664152)
(-26.0957040030823,-59.6289483289598)
(54.9964714613543,-38.7967467848515)
(51.4369745620120,46.0276220259506)
(-33.2155051515116,60.6451734485877)
(-65.6719928175303,-19.6062503079264)
(6.39083070969819,-68.3384866824732)
(69.2229035042014,-7.44442258910265)
(21.9763416198726,67.1472594689990)
(-61.6839487576527,35.8612340779104)
(-48.2760319739911,-53.4836308838866)
(42.8261168613266,-58.9923530994802)
(67.3178695040773,29.8736071435381)
(-15.4538235321667,72.6829486340222)
(-75.2047222262266,-0.199133584138748)
(-15.7611363196027,-74.5955900026433)
(70.1859699470841,-31.4374867062363)
(45.3721849337598,62.6678859505746)
(-53.3323885114436,57.8977801519298)
(-70.0255506413222,-41.1096213474966)
(23.9046102245541,-79.5035829506992)
(82.0116117897032,3.80754796213264)
(13.3450080260560,77.7007296495047)
(-72.1603765228607,25.4932703001625)
(-37.1109595520121,-68.6136280360249)
(63.4152223860460,-51.9282457746348)
(67.1125767059057,52.1437971844682)
(-36.0854048388884,77.8225196921615)
(-83.6615953618395,-19.2183631518387)
(2.33634210880405,-86.8892873545313)
(87.3788453967681,-15.9188195859121)
(34.8235670036713,83.3000931793524)
(-74.6877452144332,52.1181064891654)
(-66.9992920850166,-62.9554971517478)
(48.4579188864023,-79.6118266006072)
(89.1135339601120,31.1463502090951)
(-12.1226727737472,94.5603381897511)
(-96.1943476589330,7.46111382520602)
(-27.4621977791067,-94.1757373630502)
(87.7572636117639,-47.3174179540638)
(65.4336146520792,76.8889257395024)
(-62.6270472545308,80.9434428174448)
(-93.8548640425340,-45.2533435206573)
(24.4921310625368,-102.969400780888)
(106.492545699293,1.98505494449544)
(19.5879649547939,105.091125376402)
(-100.947156923499,40.2308381626057)
(-61.7989177463869,-93.3691600550315)
(79.3347269080819,-82.9530802332080)
(99.1761944883896,59.1346668544018)
(-37.1298839070687,108.800796400995)
(-114.640580697224,-15.7045790612280)
(-7.11689065642249,-118.279873309891)
(117.192365418057,-32.5014663275931)
(57.6791794901314,109.301454975914)
(-96.1311472134297,79.8950778039290)
(-99.3562698897324,-79.3904975708308)
(58.4047587442777,-116.162070938610)
(128.128782230898,33.0894969504393)
(-5.86858552668274,133.825013135960)
(-134.374985872312,21.4235532951023)
(-49.2763139054796,-130.352391596620)
(120.108097366877,-77.3943966989502)
(103.029070323544,102.879984338569)
(-80.5227199247561,123.999502499759)
(-140.438078907065,-54.7143844488389)
(25.3396547485653,-152.275720363026)
(157.852617699228,-7.20893280503252)
(40.8617469436800,156.054041929515)
(-147.255244009167,73.7847219906242)
(-104.968989701171,-131.694258749513)
(109.422167807932,-132.814993987903)
(155.706450090696,81.6865619952402)
(-49.7587318627526,173.499757928953)
(-185.762185755693,-13.2672192018680)
(-27.4210646358566,-189.810326860214)
(183.650601567108,-68.7529763367567)
(107.283880819333,169.019627745476)
(-147.917409925234,143.216787748563)
(-176.738051441866,-118.724401154414)
(80.2262162328758,-203.773268112107)
(220.433984760693,36.4244427709192)
(8.20739967045573,228.590565141588)
(-231.003628066391,55.1352090876069)
(-106.902399336961,-224.015417308170)
(202.202453038326,-158.813522416244)
(203.009483239169,167.713023984780)
(-127.152021220925,238.577048032687)
(-269.561720111578,-81.1195267976970)
(25.1100553480563,-294.511966123824)
(306.348550543652,-40.2917053268138)
(108.291769506676,301.987926723408)
(-284.241515882065,174.542646626623)
(-239.381296175507,-254.380079100556)
(210.006557564292,-301.572784926722)
(356.533666064870,150.306184474834)
(-77.3641372426242,400.661280596515)
(-432.041821188571,7.28067878276245)
(-102.601223942169,-447.754191339474)
(444.595966990808,-205.990686261170)
(314.497236681884,420.534899248011)
(-373.135192395889,425.432553650825)
(-534.701401477150,-300.103381682214)
(200.649453077523,-639.149638029357)
(737.242793472685,70.1944755898727)
(98.9915002655823,819.325411624558)
(-871.763061425451,300.327903034457)
(-523.182803153564,-912.319740528293)
(980.813476394679,-828.112063015371)
(1373.49802307505,998.924977781935)
(-635.842701210018,2214.24021500469)
(-2979.43392140183,503.452424533692)
(-2349.12487588183,-2894.67322244992)
(1405.05331010303,-4053.24340127872)
(4462.03369849014,-1108.16714741564)
(3378.16174953613,3106.70373791232)
(-708.469189249692,4207.76717103138)
(-3419.73565070368,1396.65961146317)
(-2336.43551017069,-1852.31857937377)
(507.967301951714,-2205.23600416105)
(1650.60008630236,-194.251012948585)
(430.809939767342,1179.60478522652)
(-894.292696723277,517.831565862307)
(-595.263034568804,-689.033013736705)
(491.859989221892,-652.539013044874)
(666.990600779844,306.140295705774)
(-145.955039801812,648.070076222406)
(-608.733421606359,-8.95565685553525)
(-108.514240141181,-551.949508399357)
(480.346376600515,-204.885787999207)
(279.675300812008,399.184074378287)
(-312.216378112306,334.220973745782)
(-368.842145797323,-222.295749519886)
(133.342380948861,-384.139747945781)
(382.331596776947,48.6887718552996)
(29.8221844916795,365.483055957622)
(-334.963377698973,100.150686927433)
(-159.866473563007,-293.003203921153)
(242.644332283073,-207.604174720843)
(242.916826313858,186.472037891254)
(-126.860467282545,265.345846230685)
(-274.881919585745,-66.5624504047780)
(8.03600224066081,-272.358440426853)
(258.737243038716,-46.8090793750047)
(95.9866548067339,235.120703929037)
(-203.316478493452,137.843098817175)
(-171.600592639213,-165.019777577904)
(121.379309488937,-196.086670391227)
(209.468872635946,74.9739547076993)
(-30.1287764373592,212.285674817300)
(-208.303864809835,11.3184482077147)
(-51.9333903542071,-199.253175912015)
(181.474491638938,-92.7639433840016)
(128.310400075056,152.006427305670)
(-115.366371980935,152.145744902533)
(-165.189015122127,-79.0985982947538)
(44.6466834887578,-172.912333040771)
(176.118224260444,8.44459014898149)
(29.2985134826665,170.636897058437)
(-155.446497526014,63.2491327163867)
(-90.2922474781013,-134.843236045884)
(112.021236922482,-112.321862644124)
(130.853675636220,85.9470442869228)
(-55.7420718437386,143.870025242605)
(-149.315233051589,-23.6536647969925)
(-7.65625096336651,-147.736755012395)
(140.248152546436,-37.2561788808604)
(64.3718485300338,127.030882775748)
(-108.722833324089,87.5394758232282)
(-105.994182631370,-86.7667507829373)
(62.0078129891647,-119.673103252548)
(127.839518073902,35.0045055132637)
(-7.41538454600884,129.731644357478)
(-126.041974699883,18.9427926986832)
(-43.6760341335007,-117.778342590094)
(104.640899459008,-66.5058074173599)
(85.6090569022358,86.5527914657485)
(-65.4505095995731,99.3884625237148)
(-108.473587153208,-43.3714523987585)
(20.2769215447927,-113.789500875698)
(114.300726198042,-4.02799548803332)
(27.6001674750366,108.964715444434)
(-99.0885039102090,48.3636872906572)
(-66.5344196209359,-86.2991947849989)
(70.0809109381429,-82.5643283752644)
(94.6212815491847,49.9028503574892)
(-27.8931972670659,100.779976652883)
(-101.915564759360,-6.71714792765834)
(-13.4587245368224,-99.8146897640695)
(94.1775491227254,-33.3618099674370)
(51.7925617972911,84.0175378980616)
(-70.2655623433342,66.9212453592370)
(-78.6698007821417,-54.5187574953286)
(36.9062394207435,-87.4492254612146)
(92.2705710575786,17.4614886755316)
(2.15172180870080,92.3109806317848)
(-88.5882943613614,20.3922193516272)
(-37.5130414773098,-82.0940211765949)
(72.1445908164107,-53.6288538380116)
(67.1035710592770,58.3758103705122)
(-42.3335295627167,76.5830754322559)
(-82.5368758847300,-25.4699928924406)
(7.76290357248411,-85.3152473555640)
(84.0532962906541,-10.3242166513420)
(27.0706270745437,78.7960458626709)
(-70.9848001278501,41.9104044516100)
(-55.6772442862278,-60.6692390249094)
(46.4575842053472,-67.3131498945344)
(73.8654441753761,29.4829808951413)
(-13.6629871691113,75.2201084327963)
(-74.9787257080062,-0.315817701626641)
(-13.5855232550522,-74.7409800102565)
(71.4348628556682,-29.7579300936338)
(45.1389387573025,62.5436389969399)
(-50.1088192169733,56.4053759450794)
(-64.1368697513962,-37.0556299202968)
(23.2620897118488,-69.9161976310668)
(72.9051252571642,7.93441698618456)
(7.55627606161693,71.9920586255479)
(-68.0868007062248,21.8068041289465)
(-35.1859763734574,-61.8738638059564)
(52.4709374528048,-47.3421466427208)
(56.2494608707361,40.3353996155356)
(-27.9965517336004,61.6696585604923)
(-65.8771147346410,-15.9863753243968)
(1.91649471270987,-69.0077240128241)
(67.7405856628043,-14.3660465688113)
(28.8690640016247,60.7973750005643)
(-51.5666953479163,39.0147541009646)
(-46.9211721498142,-42.8277347561994)
(33.0623474100155,-54.6614035735080)
(60.4953544352996,20.6008946931177)
(-7.20229426615670,62.5256306002523)
(-61.9214853549965,5.29518872625381)
(-17.7592764137332,-59.6556748303848)
(54.1402975601794,-30.3357344865872)
(40.3502064706075,45.0490491108315)
(-35.4210407362977,46.6374554348532)
(-51.9412975563612,-26.8802762654369)
(16.7243962189263,-57.8725745420901)
(61.3806145054546,2.96654268936605)
(11.5336443757314,59.4990446666873)
(-53.9142637741506,23.2381300739304)
(-32.6239587147126,-47.5417095844815)
(40.0653770243235,-41.4633772335819)
(48.8448363035463,30.1791818726195)
(-19.0221908194284,53.2115144006969)
(-55.3234387615200,-8.13896404675193)
(-3.11890155628756,-56.1045228656162)
(54.2964352674661,-15.2704774983992)
(26.4953149261020,48.9556757299537)
(-41.6208539503210,35.2435340248993)
(-42.3777726786953,-33.6885216765404)
(24.3530800448447,-48.5970578169097)
(52.5205259250051,13.1413827580282)
(-1.66769844141734,53.2069670076451)
(-51.7440854968903,8.86245402774508)
(-19.0260596886235,-48.7996297586214)
(43.5557013391977,-28.7568921446301)
(36.6645935013623,36.2043669765940)
(-28.2196245226452,42.7263931594023)
(-48.1693911270626,-19.3375343525184)
(7.99910225008515,-51.9783169319513)
(51.5154223215765,-4.54682805016576)
(14.8001489205812,47.2875824800746)
(-42.7030182889164,22.3391957896977)
(-30.0293271149965,-38.4055240490758)
(31.6347237648118,-38.2569786456222)
(43.9847798562471,21.9421933377124)
(-12.2893504827617,46.3706099229953)
(-47.8832517725188,-3.48906574172200)
(-6.84041228782737,-48.6935821423326)
(45.6860051775161,-18.4579026246706)
(27.4280699524024,38.6063308821429)
(-31.4268487004190,32.5911882307646)
(-37.3894417553535,-25.7052700826804)
(18.2450967845763,-43.2697868246152)
(46.8783972961767,7.44755875886128)
(3.52377533521305,45.9966727463253)
(-42.8972328471305,12.1177194983113)
(-19.6994216925756,-39.6138578995504)
(34.9704716856072,-27.4281134561485)
(33.8526863814954,28.2583830411428)
(-20.9433100426807,38.3711937706143)
(-42.2034523459365,-13.1966932364274)
(3.63038715317165,-44.7098925897784)
(43.7517237405410,-6.64113678906115)
(14.8669372801647,40.2350559521204)
(-36.8319734616970,21.6976568335611)
(-29.4807604423384,-32.4762962286677)
(24.6344362606218,-36.2447937237371)
(38.7353448766369,16.0615323874876)
(-10.8756586394535,40.3839437922493)
(-46.6222880385829,-4.67085308888652)
(-10.6339559675395,-52.2743479477125)
(45.3664510154398,-30.8967401682703)
(40.8537519332902,26.1860641846529)
(-10.5091775840473,35.1832670051116)
(-26.9240109062429,-8.58866496415336)
(11.9232039944782,-28.8492426112551)
(36.9820818837412,7.70142858476742)
(3.63164468854028,40.1616750518942)
(-36.6510092146452,13.5286176386802)
(-19.6388332104401,-32.1428660607821)
(28.2422807575381,-25.4978664790384)
(31.5546400712013,22.3093791039831)
(-14.4673185635704,35.2660600672913)
(-36.7050812261115,-6.98721127552364)
(-0.286623761607209,-37.3913812901015)
(36.5660040025076,-8.20583427571469)
(15.3307531731732,33.5538498610387)
(-30.1394933856403,21.0482263048333)
(-27.5195106401949,-26.5515374894554)
(19.6734874381776,-34.6469310805260)
(38.0824172176346,9.11707693366100)
(0.200898802105783,36.1811260807993)
(-33.4270928666599,5.54812246571682)
(-10.6896385593025,-32.8124285251054)
(30.7896882575136,-18.4340150598366)
(25.0470525423889,24.4368969338323)
(-17.4707786619980,27.1113840197637)
(-27.9508823839340,-13.7307223923125)
(10.3489376350695,-31.5899810359464)
(35.6166034547090,3.11094717638888)
(6.34912322259737,35.6726714930254)
(-32.3219340760089,14.1100792577345)
(-20.0810606491627,-28.2526280682715)
(23.2130734116922,-25.5767451978156)
(29.3618436667762,16.5643589099777)
(-10.3204460221312,30.7665573370815)
(-32.1388386047727,-5.20925633865953)
(-1.52791219742744,-33.9813935418899)
(32.6984560568318,-10.3353934333471)
(16.7336741292641,27.2934573295217)
(-22.6563527398485,18.7810014301830)
(-21.3346160922749,-21.6110567312088)
(19.4959721228095,-28.0250346993557)
(34.6926931565287,11.7552684575580)
(-1.37847961796132,36.0580717180351)
(-33.5347653144681,6.53337701735058)
(-12.3441487628690,-31.0444358041113)
(28.1886628164680,-18.6402765279111)
(24.3971536108241,23.0365463359872)
(-17.0009183682034,27.7787630705610)
(-30.2620324770747,-11.7122012433119)
(5.40126800290694,-33.0271956302138)
(33.6224504822413,-2.95593719007822)
(10.3897551280009,30.6177562601224)
(-26.9058740912617,15.0054408056331)
(-19.3819164635082,-24.3409300993372)
(20.2853113233007,-24.9934579242235)
(28.7698592546972,13.4228497928836)
(-7.16831094971755,29.2409273731667)
(-29.9870870389917,-3.07043962757989)
(-2.84328927605025,-32.4993433727293)
(32.0804523612717,-12.3783068759636)
(20.3692500930244,25.9467358599630)
(-18.9197736238054,22.9069718400440)
(-23.9249117516413,-15.4431236447179)
(12.2877292397802,-27.7782393362872)
(31.5398447060703,5.24013310895684)
(3.08744166153570,30.9430974060169)
(-28.0524293682697,8.55058099564780)
(-12.8323998801701,-26.4585721254932)
(24.3175067301014,-18.9323411114903)
(24.6020241126946,18.7577118107773)
(-12.1129673045159,26.7881301756736)
(-27.6109708243045,-7.36163987639582)
(2.34054621992534,-29.6232866160721)
(30.1435119745274,-5.25913955999831)
(12.2216365176797,26.5700883485645)
(-22.2210436491748,15.4398121525705)
(-18.0809267374076,-20.4688683136974)
(18.1489834007350,-23.6429474491236)
(28.9140879874727,11.3981456722404)
(-3.08267788383749,29.5215585376791)
(-27.5970448434620,2.31587105590909)
(-6.38782830026507,-27.1475585745528)
(26.5599413803351,-12.5784889638380)
(19.0240236577948,22.5738533941822)
(-17.0731496835194,22.4842558072010)
(-24.8064575306129,-12.9925902896616)
(8.04973682250654,-28.4891134035483)
(30.3735877280323,-0.354587680918111)
(8.47521084433420,26.9847333220581)
(-21.8209121027985,11.7789659047832)
(-12.9619153495638,-19.9522494905113)
(19.4184569802670,-17.0675853038840)
(22.6215433170368,15.3787513197730)
(-8.87097001378880,25.0543950129951)
(-25.0606221733670,-3.91910553632284)
(-0.286901109128980,-25.9230248718732)
(26.1794345181724,-6.59823072715103)
(12.8368368179647,22.7852119452543)
(-18.2444531246043,15.4209924253991)
(-16.8839869532223,-16.6059660008629)
(15.3052567150444,-21.7242726255778)
(27.4795714291299,9.12401827160715)
(0.151919698866676,28.1067059856676)
(-24.1396283830941,6.17218587697139)
(-8.27464003885116,-21.4076396944069)
(21.1602561736719,-11.3481690050174)
(16.7291367987497,19.2989298662529)
(-14.4938746434471,20.8973593332050)
(-22.5844729034174,-9.64190409191954)
(5.63927493281223,-24.0762534890096)
(25.6541179005626,0.427183819231011)
(5.89191133263216,25.0506921958209)
(-22.2934249083657,10.8800450617886)
(-14.4109713120502,-19.5803884404247)
(16.8186226654847,-18.2800093113517)
(21.9167923238789,12.3047127298712)
(-6.89106157054829,23.3990018968417)
(-23.5830723297943,-2.62181417438659)
(-1.44776054412292,-24.4070145771722)
(24.5902641472331,-7.25778497155987)
(13.2709468449561,21.8793609029495)
(-17.7309081665841,16.9301806390699)
(-19.5886518458824,-14.6602542339434)
(10.9841308854835,-23.6656667667497)
(26.9040134769427,3.80935613167991)
(4.55252462398278,25.3111168339584)
(-20.3187425265429,9.11512227677307)
(-9.94411035989444,-17.0873787386829)
(16.6493343981021,-11.5784675236351)
(15.5955630353868,15.3786635619300)
(-11.5396363071835,19.2785710850820)
(-21.0454908168176,-6.93236258294893)
(2.54452347607060,-21.8898595025934)
(21.8433604731043,-2.26810919641136)
(6.63840832847285,20.0079539096518)
(-17.7656997693768,9.08014212493854)
(-11.1673650048100,-17.2293916953946)
(16.8337164113011,-15.6952595966769)
(21.4900065050348,13.0092191549080)
(-5.96353819222799,24.4855435973509)
(-23.6949646478269,0.525775568258236)
(-4.78607199382157,-21.8779516434274)
(20.5533993869846,-8.52895633037355)
(12.7102160542022,18.5120448558822)
(-15.1868705236119,16.2066310531808)
(-18.6313016046214,-11.5786308337286)
(7.75433925892610,-20.7699346961971)
(22.1771825172738,2.89591402283552)
(2.21103268827744,21.6400720378697)
(-19.8920656643775,5.92646093001951)
(-8.76903383762320,-18.7515876964915)
(17.8184222848183,-12.6287302635702)
(17.2621227530441,15.0235657956852)
(-10.1771137077220,20.4970070079590)
(-21.6241558920371,-5.12537601065052)
(0.698277868738788,-21.8192010331710)
(21.5224529680670,-3.79309603365691)
(8.33556564827131,20.0475092994898)
(-17.5275803190209,12.0515361700592)
(-15.0113000483282,-14.8279924918687)
(11.7636002391583,-17.9392688732179)
(20.3993545258713,7.52970671393645)
(-2.57556444252696,21.2819041921512)
(-20.7218991396314,1.85310531729541)
(-5.61789459363263,-19.7353002684405)
(18.4101077225200,-9.43456763832329)
(13.2230349292307,16.0761396866636)
(-12.7635792547851,16.2350400287604)
(-18.3063064849998,-9.08178252561565)
(5.18357895055658,-19.7070022007528)
(20.3208818864638,0.983390620858467)
(3.21607828096832,19.9655438287777)
(-18.8519313751089,7.15922471492918)
(-10.9443108192901,-17.0334484919618)
(14.2479065205299,-14.3497932560620)
(16.8131761177526,10.7297226941062)
(-7.11742245337246,18.3882516486874)
(-19.5553857714534,-3.36049503811389)
(-0.992440669364623,-19.9985386687904)
(18.9932166455998,-5.42693153723072)
(8.92801166609811,16.9376127124913)
(-14.8520512247368,11.6742444907527)
(-14.5355204788872,-12.5540226821232)
(9.15472745444026,-17.1599451404215)
(18.4759923739558,5.02545680777954)
(-1.27160777563442,18.6844561241635)
(-18.6805469448291,2.26027656198778)
(-6.31127149203757,-18.0710614086698)
(15.9786800092411,-10.2244624240624)
(12.9000493770082,13.0548256858398)
(-10.3745830188872,14.8449432552948)
(-16.9116169458320,-7.36379077640588)
(3.24373471326176,-18.2211879338643)
(17.8312628853410,-0.903520811342279)
(4.07901567090547,16.7603251043141)
(-15.6562597834635,7.29944554013638)
(-10.6475697198494,-12.9669512098971)
(8.84766020219963,-11.3845868065977)
(9.12208076030318,7.56154182414950)
(-11.0114699253685,9.47159151502430)
(-16.7386419545878,-13.0342002480977)
(6.56528812131979,-25.6410618991973)
(27.0775565752800,-5.61012803617010)
(14.1534834251515,20.5066003167635)
(-13.5732831284825,15.8430263461356)
(-15.7713071754315,-10.4877773808380)
(8.21299096300084,-17.6402329485007)
(19.4548445192982,4.05506507886555)
(0.423071623150383,19.3359800856902)
(-18.5543514609790,4.00320588315763)
(-7.81814864339315,-17.6005661836478)
(15.1664902742910,-11.6921522481345)
(14.0061623488960,11.7970216686588)
(-9.23750620211936,15.5107176197993)
(-17.9488346805977,-6.32638708740669)
(1.04957481039801,-19.5030234112165)
(17.4405609538356,-4.27621786724582)
(6.06798948636888,14.1020821934681)
(-13.6623759168970,6.36419229126686)
(-9.65804303898120,-14.3656279215159)
(11.4416504555273,-14.3599955594119)
(15.3725292181941,6.30396480661221)
(-4.36522818678476,13.8848527011886)
(-15.6558898900743,-4.66327027399405)
(0.959896354461764,-20.0937845499496)
(20.5364127881355,-6.92674487333764)
(12.4339566061741,15.7128522410309)
(-11.3809848571470,13.4669278899006)
(-14.7510473305783,-9.69423535305524)
(6.49963705144072,-17.9214499201983)
(18.8044067864356,0.591842311917563)
(3.74000744889501,16.1839551359893)
(-14.1139567830930,5.12598713149996)
(-7.14682967680560,-13.8073561578423)
(11.9971810410617,-10.5020794601557)
(11.9330506187198,8.57660548851537)
(-6.95740441521177,11.8578824392149)
(-13.9304313976838,-6.18246724825183)
(2.15358481437219,-16.6267844010831)
(15.1716215220669,-3.18254774634187)
(4.33329721035267,11.6976136490750)
(-12.2950975130416,3.56236733083051)
(-7.58269090675676,-14.3727614385927)
(10.2108829683395,-13.2805143539496)
(11.2537874984155,3.31804932542684)
(-5.50220185977065,4.74580324324195)
(-8.35860126463188,-15.0783887665365)
(15.1694480563722,-23.6911916996805)
(33.4164800184521,-0.453441361971900)
(16.6473551747667,26.8333919091930)
(-14.9352134561184,20.2483651692532)
(-18.0968277758084,-10.6280843691398)
(9.50697551498029,-21.2108246814179)
(25.8113354184346,2.23920903554458)
(7.47596691904061,23.1751015961007)
(-16.3937147049033,11.0263069812562)
(-10.4742915565809,-13.5054176344622)
(13.1136147690898,-12.6296081355494)
(15.9779950537603,9.74429044635604)
(-5.61411598151918,15.9821350630728)
(-15.8223320413404,-4.85056172944133)
(3.23640115563269,-19.7894539753897)
(22.8630637934359,-4.34764964760075)
(12.7996366789868,18.6464893146891)
(-11.4237736945420,14.6666536590831)
(-13.0088299582971,-8.89834541787789)
(8.90280643457750,-15.0739819918390)
(19.0152019903925,4.75332789079103)
(1.78976198326529,18.4579451451381)
(-15.0050595132333,4.56463342531361)
(-5.06840151125126,-14.4798753557712)
(15.2093960215856,-8.80835149744627)
(13.7672539682581,11.6701886965823)
(-6.03947786750221,14.0554636604543)
(-11.6627578205324,-4.64715540272539)
(5.92593879917626,-13.2286493826021)
(17.7379148155280,3.07158785492133)
(3.58054884574421,18.4144973808241)
(-14.9094654834441,7.61150384424241)
(-8.27222464486237,-13.0162813887260)
(13.5084373027176,-10.8194156581083)
(16.0041181872749,11.3304768531725)
(-5.43434730479777,18.8806905903204)
(-17.9084072962436,-0.292633031904211)
(-2.36487400353758,-16.6849032810478)
(16.6037199277482,-5.31970673149147)
(9.43630965109831,15.2815369178827)
(-12.1736262690173,12.4851214775929)
(-14.0846618373996,-9.22591657293504)
(6.48028042697560,-15.7493783246529)
(16.9351874549340,2.70352799159386)
(0.983483720937591,16.4304465539832)
(-15.8074019639021,3.34899429245792)
(-6.52062016208291,-16.2490023773133)
(14.8018348009409,-11.8458200293207)
(15.5558480743002,9.42688522427203)
(-4.23763785903538,14.5336399577557)
(-12.6795991291467,-3.34622021749638)
(3.29983412525290,-14.7723979036854)
(17.7967253725496,-1.17283354279213)
(7.58037522009377,16.0015433733929)
(-11.1343475178404,9.83974323955040)
(-8.88473055242507,-9.26762428020932)
(10.0976014858039,-10.5180920517607)
(14.8822683405701,8.11456875165127)
(-2.72867641438810,16.7659432067251)
(-15.1399451570009,1.34256805573799)
(-2.89516051996711,-14.0213704878133)
(14.4090704684105,-5.33507612125015)
(9.31815611147284,13.1841346177157)
(-9.88761860626550,11.8187430851282)
(-12.4721836718836,-7.38532462266736)
(5.82262104217190,-13.9299444633884)
