304957061419820580927699847346.
0.040000000000000001
(4.85069262331554,-0.991457353414897)
(2.10655807528876,3.07538811774746)
(-2.50493355754236,1.64124912112356)
(-2.31894119894745,-3.06490528299569)
(2.26475652869848,-3.95852032741470)
(4.22024786215319,0.447429653712587)
(0.196795076607054,3.67268561319818)
(-4.40381214818779,0.641442658219444)
(-3.12451719764520,-4.86176325920585)
(2.27064318025116,-5.58138895351679)
(4.44632148608215,-1.14083387126704)
(1.07457255840808,1.70575712568918)
(-2.12969324660923,-0.944434987017930)
(-0.0861656213528041,-4.67065641141120)
(4.23818262684556,-3.55702579379808)
(4.42778759109488,1.03593660832544)
(0.112750867418572,2.61249091617868)
(-2.64948199552335,-0.916287288575443)
(-0.284920021973710,-4.45318656575711)
(3.45190582520713,-3.38128592678243)
(3.44055253488588,0.0353638577768163)
(0.543293752383997,0.672650778333558)
(-0.473304769148075,-1.75100811846278)
(1.48030085395021,-2.99981961096372)
(2.67019357300874,-1.48830808201999)
(1.18257834427456,-0.644675402536006)
(0.376798999151410,-2.79430841977714)
(3.32077480522701,-4.58240858149402)
(6.95596980437079,-1.80771037679572)
(5.80435862079141,3.40253594085159)
(0.345285695113993,4.61769012877820)
(-2.78073547398131,0.227121897339130)
(0.0956149970865942,-3.78631681607236)
(4.32637664237209,-2.11881751583460)
(3.54653954370194,2.28208931925162)
(-1.13576825420526,2.52900937944586)
(-2.79894648847880,-2.14693077839298)
(1.15702741575220,-5.29186945955834)
(5.25933900276581,-2.67579668714492)
(4.03712826489553,1.63059421130322)
(-0.0661281056864550,1.41086016779447)
(-0.554399209213910,-2.55090514533867)
(3.38862034332422,-3.84818408624188)
(5.76705584967928,-0.123822493703064)
(2.75898008201415,3.40383365191928)
(-1.62713311811763,1.64949994664205)
(-1.46115166021256,-2.97993596384762)
(2.63577807725864,-4.31375921535877)
(4.88086994031388,-1.31221359111852)
(2.96404151131238,1.08862337064061)
(0.796303704250366,-0.193810818127836)
(1.80455879931581,-2.18562777601023)
(3.69876171996001,-1.35075150374495)
(2.82025449598405,0.427361060362359)
(0.780340774097885,-0.874955367299137)
(2.30458536741527,-4.08541320948981)
(7.17218056993058,-3.60359648179265)
(9.16354354243395,1.97890223636641)
(4.76558625500723,6.56954964671889)
(-1.04128297179678,4.60214890990486)
(-1.24728219105564,-0.852103192215865)
(3.29584921452037,-2.21127309877807)
(5.17833215169980,1.74860103989463)
(1.40941158048555,4.21975628817382)
(-2.03409883727531,0.646778031627737)
(0.906520800423817,-4.10789185442556)
(6.96542344987137,-2.60160702293183)
(7.73031449770759,4.07912304889687)
(1.69193692473915,7.33098255252488)
(-3.33938797214928,3.04110257512648)
(-1.11176035670982,-2.67868624638860)
(4.54376164975413,-2.24299541136348)
(5.62297491385170,2.95405677074889)
(1.31139537472613,5.29058217518249)
(-1.68708754969863,2.21704232655846)
(0.384166974069099,-0.698939288848990)
(3.06585902267982,1.10901166375002)
(1.15865066906194,4.19414465740288)
(-2.92391375556100,2.75137761420822)
(-2.83110828169584,-2.03005021519158)
(1.72188054754749,-3.48510353330817)
(4.14161992885009,0.296743235207836)
(0.890688207775052,3.22080724282819)
(-2.84577639853966,0.219030080863108)
(-0.645525481642400,-4.86971081700973)
(5.47127494731621,-4.62528508269460)
(7.71881473477064,1.10562376107504)
(3.76847263942739,4.97656704964895)
(-0.142205472416321,2.90236565314019)
(1.22385341356261,-0.260400992476675)
(4.31286381773768,1.44965509073105)
(2.53432987596189,5.68506578710354)
(-3.15696179146690,5.19331469872106)
(-5.05050150778126,-0.909181196888093)
(-0.0456441107237718,-5.07027961724423)
(5.32358090440702,-1.98768439765686)
(4.02041664377763,3.58245013526386)
(-1.40987996951143,3.58496419506099)
(-2.62210522098795,-1.76158762905247)
(2.41275195656917,-4.47239339053952)
(6.66791944870322,-0.488535234318878)
(4.44793002712335,4.65723499732591)
(-0.577135864030545,4.21211405935805)
(-1.25098819664548,-0.109592773461459)
(2.50060140557377,-1.29859447589944)
(4.15782981158434,2.22449603385030)
(0.880760765304215,4.60354538437962)
(-2.26608515811324,1.89202481989966)
(-0.349969406255868,-1.80752207580952)
(3.69927975842246,-0.747606961108396)
(3.57755624818793,3.50414996529053)
(-0.623165647382836,4.40525105901055)
(-2.45134606244217,0.542975718822661)
(0.983457344362979,-2.03975988462163)
(4.37405930340930,0.962091424927963)
(2.13161260106771,5.34653374010524)
(-3.03922544147665,4.51612223520475)
(-4.00123684386406,-0.628892595732926)
(0.228826242348792,-3.00983866487021)
(3.17878249944198,0.0360200035853871)
(0.879267014377293,2.96488198570374)
(-2.13171550705981,0.822269878302736)
(-0.0390392629215225,-2.86567527116514)
(4.79984554793867,-1.41694237075435)
(4.93124977855418,4.35504053927848)
(-0.807930212225362,6.61850188520702)
(-4.88840071161109,2.00688392086116)
(-1.87334130892081,-3.01257482215144)
(3.43893388468777,-1.37398592317590)
(2.92942289933553,4.15245037538877)
(-2.82184587237167,4.97130783905479)
(-5.29945350733697,-0.572807016623181)
(-0.673115488690197,-4.61443634404402)
(4.41795155975433,-1.36311158260977)
(2.62124813062404,4.27808401599112)
(-3.25542942450166,3.93912608938906)
(-4.43587453965252,-1.83674054496024)
(0.791120625456312,-4.47359021729185)
(4.60862396096289,-0.166324526310592)
(1.40317090692380,4.51215247378106)
(-3.88512396419944,2.52641189780076)
(-3.25639918513058,-3.09072716156980)
(2.31680465469561,-3.87066677174269)
(4.40171606909266,1.30866173071456)
(-0.141968201872834,4.54090930087216)
(-4.39382152341930,0.845595471711629)
(-1.80611698741978,-4.25781187339408)
(3.85832081128392,-3.01987335744999)
(4.10449561955479,2.82542078370646)
(-1.51666141138588,4.57025220021569)
(-4.65761806811409,-0.421125145387187)
(-0.656084623390630,-4.72090644649141)
(4.47084856221295,-1.95006125934009)
(3.05319146285162,3.66741265938207)
(-2.72959508522887,3.67217748134714)
(-4.16642527004345,-1.91186479194051)
(0.845789473467806,-4.65583638933418)
(4.65326448119813,-0.483751933471913)
(1.45922324331040,4.15132762165887)
(-3.83615812235728,2.05176031509446)
(-3.00667260160214,-3.72304455346227)
(2.95680368693395,-4.34973675544858)
(5.13825890845220,1.39572721575620)
(0.0790442446304933,5.07467381239715)
(-4.84956101454313,1.14351626883557)
(-2.34812800631325,-4.63324402834345)
(3.84859839696507,-3.67893771802913)
(4.46153363344682,2.56859579023168)
(-1.46771755574777,4.74273412773988)
(-5.09126343208996,-0.450271193658525)
(-0.980472682555412,-5.24328733230436)
(4.67860425933633,-2.39017684565170)
(3.24943494875858,3.93609957563213)
(-3.44887922047049,4.25745906027229)
(-5.76772152670386,-2.14919258222583)
(-0.484245635076668,-6.20160259007542)
(4.56801601995712,-2.48429149438468)
(2.29466325050848,2.91538151570746)
(-3.21182188098832,1.81044120477910)
(-3.19137742712782,-3.74137723099821)
(2.28332439490507,-4.78848482351798)
(4.34954516201626,0.574722366279224)
(-0.975478314308940,3.88859405392722)
(-6.14427090054270,-1.03319945375947)
(-2.83357045022105,-8.31532964060275)
(5.60238396342665,-7.99600009712208)
(8.54428580726266,-0.317847875826538)
(3.10470948320859,4.65171387424790)
(-2.20307257331271,1.47256925423598)
(-0.241629285738789,-3.38299344575899)
(4.58006707697287,-1.79229716539959)
(3.53380007489976,3.79769169041375)
(-2.98085557258208,4.27293030310085)
(-5.86158754351791,-2.28486785238664)
(-0.719806454854857,-7.52701452584384)
(5.75883559616967,-4.88449692690416)
(5.61301959928084,1.30930609806837)
(0.653767707394374,2.72092994357686)
(-1.27557957334397,-1.00641046154765)
(1.72563284322134,-2.96738564666014)
(3.71645075254136,-0.289150713289653)
(1.15939285009223,1.83689364268145)
(-1.28470303050779,-0.792705855315948)
(1.46895172505024,-4.02252485973546)
(6.04371292846532,-1.64782413768566)
(5.08233716765064,4.26969938857766)
(-1.27471156783663,5.55943136565228)
(-4.74480992021571,0.0374714712200373)
(-0.815606014835755,-4.76318317131888)
(4.47944088994135,-2.39539751168214)
(3.37828508183635,3.07200113603876)
(-2.19202843194543,3.20879647203895)
(-3.70113831750190,-2.18929929358322)
(1.07968131263436,-4.98048937406197)
(4.84396646043417,-1.09013348141063)
(1.94839945194890,3.42448980802039)
(-3.13137843007572,1.75689832948097)
(-2.93175767098446,-3.35731591896435)
(1.46897036209215,-4.27733238501101)
(2.52221942792927,-0.682674391125804)
(-1.29345088399052,-0.0593218860162150)
(-2.38808901206883,-5.26161492595561)
(3.93223438389848,-8.66866366395029)
(10.6434389671721,-3.17785887374747)
(8.09959453099372,5.92120074550640)
(-1.35883419963366,7.05178198861455)
(-5.47387653022110,-1.15782786894231)
(0.878899848418780,-7.22087050881479)
(8.19977038650048,-2.84041627349599)
(5.91414655773534,5.24960996923950)
(-2.39519105454717,5.14193528467287)
(-4.37633039197013,-2.85642293782263)
(2.88727193953007,-6.78573686690380)
(8.63142331349429,-0.730451565442454)
(4.36525597799205,6.48019014055878)
(-3.61820597214788,4.40068173529258)
(-3.67862100927034,-3.60312066710574)
(3.90209557819241,-5.50413385525076)
(7.49527960457811,1.45125165931991)
(1.53046711758492,6.77227936332031)
(-5.32368426379244,2.46730413185974)
(-3.25489388979683,-5.18384267241862)
(4.17497163562315,-5.31719448831523)
(5.83463753749977,1.23211245206293)
(0.0760253099748931,3.66861881615370)
(-2.98411883916837,-1.85747124364508)
(2.58654686112688,-6.12510900351098)
(8.81042287464460,-1.07809374790869)
(5.54227319547374,7.18114563608319)
(-3.79082199494899,6.82161516571791)
(-6.54328721661711,-2.04435561642687)
(0.662830930377780,-7.10259828175956)
(6.91804208754179,-1.83244104640685)
(3.23452269031488,5.00742981185663)
(-4.17425341059600,2.70007313093529)
(-3.51691000336441,-5.26444626477379)
(4.53137887142965,-6.59919289873090)
(7.75138867898796,0.878151046721826)
(1.12233372917423,5.59208357694350)
(-5.02519637107278,-0.231379866943311)
(-0.335745069739088,-8.17335338093543)
(9.44630629806707,-5.65191088024405)
(10.1995105619804,5.03944835068186)
(0.205503045321333,9.32448377356479)
(-6.85119392399251,1.38765560041231)
(-1.55955411639987,-7.27909470284719)
(7.72544147715952,-4.63483928082607)
(7.48122931330663,4.54245199248924)
(-1.08786370576206,6.30251442182111)
(-4.41792424266663,-1.46877183668155)
(2.61264300479854,-6.18501089579008)
(8.88770640977061,0.0154363036463951)
(4.06267699299183,8.01198276638974)
(-5.33753810680982,5.34636554420342)
(-5.33577700601923,-4.64834993068407)
(4.37338802319398,-7.31482903948140)
(9.45243365304670,1.47081176259001)
(2.08449976881805,8.73579597315690)
(-7.12425088881661,3.39202040283849)
(-4.52982078665589,-7.21095528930619)
(6.44982058112257,-7.88263121598873)
(10.3163796918100,2.20302530447549)
(2.16520498802470,8.52696184067430)
(-5.54837054616113,2.72608593522446)
(-1.88661293485287,-5.50116344923964)
(6.50145068631187,-3.52508409012247)
(5.99932591185938,5.11737477327846)
(-3.02037017357493,6.37126802204032)
(-6.63784966650923,-2.69050969447217)
(1.47642721075107,-9.05988728624618)
(10.2044176194413,-3.17582565927436)
(7.36622006290282,6.69458786607943)
(-2.26932902948951,6.74767712747175)
(-4.38895874709379,-1.91845801194929)
(3.35691566998604,-5.43297485858893)
(8.22042926006780,1.61282540839568)
(2.10645442414535,8.09774424836625)
(-5.97462862048633,3.59350977452333)
(-3.72155168522291,-5.51057931430030)
(5.52177723985197,-5.69681700071174)
(7.80661945032772,2.92344577058997)
(0.0870562172838391,6.70403611306573)
(-4.85366471773500,-0.366958276863251)
(1.83911512848076,-6.83024463470533)
(10.6132863267541,-1.02479170077920)
(7.17173999457997,10.2637463302293)
(-5.49200840178603,10.7161174479616)
(-10.2307091218433,-1.30036428066364)
(-0.520032589476259,-9.40558184994524)
(9.62898765428678,-2.63579354463006)
(5.84230545682836,8.60921973256297)
(-5.80775870334034,7.85836014594542)
(-8.08772580962730,-3.36509723301087)
(1.87508713140022,-8.27241916321016)
(8.76113550584983,-0.00513407308010667)
(2.30708104075029,8.42021425339551)
(-7.42815198105618,4.03134206718883)
(-5.54615082164200,-6.55916440196779)
(5.10774607750591,-7.38605790455370)
(8.42455112691051,2.60107541359273)
(-0.436536692291351,8.10060364550718)
(-7.88084178575609,0.860474435504533)
(-2.89006691461822,-7.94503818184750)
(6.16426443352405,-5.31634964052155)
(4.97033279348067,3.20706956124735)
(-3.66976615623438,2.31863158766673)
(-3.46646308269045,-8.10764639663861)
(9.36903866746410,-10.9464357814505)
(17.7366519325606,2.29779102229220)
(7.78584000711864,16.3400190594137)
(-9.28908547689847,12.4222561091127)
(-11.5153878860335,-4.24802976434056)
(2.70770172576830,-10.8974843947340)
(12.1464915491968,0.531204140357469)
(3.39080430821186,12.0786898411793)
(-9.94645781368751,6.32139236941920)
(-7.73620991158746,-8.10770296130393)
(6.75624520737275,-9.65311447300702)
(11.8812494851471,3.95141605891467)
(-0.0145159557880545,12.3474918770607)
(-11.1970004181844,3.01563744960435)
(-5.16113548883904,-10.0642090558303)
(8.66856402087136,-7.53386079044900)
(9.30226159703328,6.16931611930298)
(-3.93955510134025,9.59132138077551)
(-10.2126757680558,-3.02135702482123)
(1.17474872847885,-12.4947032762661)
(13.8734962333887,-3.48373504569719)
(8.48568404117048,11.7382202852660)
(-7.97954573345236,10.7818011868153)
(-11.6716093191529,-5.47840880633394)
(2.99270372889593,-13.5738024994564)
(14.8205092666554,-1.80172655098323)
(6.95733674596114,12.5763072988141)
(-8.44774874600652,8.97673094736798)
(-8.68860685712046,-6.16419582943028)
(5.59949412171849,-9.54282491660964)
(11.8234490679985,3.77558780101279)
(-0.147775544469709,13.0379426155700)
(-12.4731287347528,3.39714988367103)
(-6.27307391469858,-11.2848484696308)
(9.54471772473724,-9.08824705052803)
(11.3209885319936,6.75347622849997)
(-3.72056213022857,12.3411509500281)
(-12.9903081339896,-1.01679844064861)
(-2.39020564089698,-13.5052125640423)
(12.3054981474572,-6.49130979518794)
(9.07732612588951,9.27011434486206)
(-6.98956788768378,9.68697930232338)
(-11.1196267176315,-6.16048433103553)
(3.65744465555289,-14.2342232629252)
(15.4712628746284,-1.76431509460135)
(6.32871306688794,12.9371192915565)
(-10.2902506047823,7.56726723842825)
(-9.01502615774650,-10.3069304714073)
(9.30121627322939,-13.8163149443189)
(18.1665376114471,3.27030574794299)
(4.52418940191311,16.8772694003193)
(-11.8498350192041,8.11427860001954)
(-7.80761124899156,-8.90215824349369)
(8.85313099205264,-8.55146951600897)
(11.6727225993773,7.77690329128286)
(-4.17939974150557,14.1544544752360)
(-14.5452805628561,-0.185577243175682)
(-3.15143201408750,-14.1177855458191)
(13.1741456753001,-6.59291600453560)
(9.69479209039311,10.9574691675577)
(-8.34391150794936,11.4550654418871)
(-12.9919926543001,-6.50663845915692)
(3.99716350416942,-15.6610119783904)
(17.7122160438438,-1.04279955479828)
(7.03544619845767,16.5471342270354)
(-12.9964278840692,10.9701692067484)
(-12.8896129754489,-9.78263998917194)
(7.11457450058237,-14.8611864221902)
(16.8797457483095,3.32459161944126)
(1.44004523112064,17.2954940258589)
(-16.1059418966582,5.58678078767179)
(-9.01595877445552,-14.5513634740478)
(12.4805954725177,-12.6261760227174)
(15.9334496603780,8.96380006247472)
(-4.45784392873623,17.7987271593808)
(-18.3759413040527,0.0196619430134692)
(-4.58232556590728,-18.1713442774908)
(16.6356548784876,-9.34872678727883)
(13.2942173352002,13.5683089147008)
(-10.0703910243045,16.0011646123805)
(-18.4825880937573,-6.40332396521563)
(1.22260119676454,-20.5915960237683)
(20.1826022955963,-5.31545308236351)
(10.4327189589579,16.7363909389439)
(-12.9854162456935,12.7370395005275)
(-14.4745014387752,-10.7821984805306)
(8.25584584910494,-17.5580357350005)
(20.2958596510436,3.41230897489561)
(2.38437186730212,20.5223609055732)
(-19.0745808487496,7.08340408797628)
(-11.2538215641244,-17.4805653647808)
(14.8956557752157,-15.9819979278416)
(20.0200528846450,10.1243627069817)
(-4.34091476640370,21.7690225130760)
(-21.9140131582397,0.816186463184664)
(-5.76698182844851,-21.6454948223614)
(20.3087753734687,-11.3413873969040)
(16.6419793307050,16.9510440738035)
(-12.2188719157787,20.5081413081224)
(-23.1232008811120,-6.96324478606989)
(0.996733303432501,-24.6335315910327)
(24.3145899068444,-5.42873725024045)
(11.1782418858534,22.2660278307979)
(-19.5158363075400,16.2331223113992)
(-21.4965432387841,-15.6425429986267)
(9.21494546209008,-25.9286465767794)
(27.0989173345602,1.26959272691214)
(5.12794508824001,25.3312128501273)
(-23.6198976617991,9.61599005904474)
(-14.9679506061424,-22.4919934338559)
(19.0057148335342,-21.7527402099935)
(26.7745857000195,12.1144759579775)
(-4.73401290239368,28.3066682581932)
(-28.5679964608193,1.23348217068339)
(-7.65744688897695,-29.0740351607696)
(27.7055076496526,-15.8628124227389)
(23.5860840129903,22.6932763565632)
(-15.7168304193213,28.5956021190276)
(-31.7296998474297,-8.67901172242356)
(0.874623716479059,-34.0137149498317)
(34.1142641805315,-8.32703697214417)
(17.1816991964107,30.9556003368635)
(-25.8697532424929,24.1570317129019)
(-29.9816417108790,-20.0814741271542)
(12.7739439639498,-35.2408289079847)
(38.5758289483431,3.37427953396717)
(6.78198863102860,38.8274032468555)
(-36.5241856375860,16.3949102989672)
(-25.4006582396413,-32.1667248612065)
(25.4379648526018,-33.4204786368644)
(39.4310637736441,16.7050649901589)
(-6.90450780278470,43.2891604780976)
(-45.1548601257101,4.01544541389121)
(-15.9577587009345,-43.8618315586208)
(38.7247202294096,-26.8250182426195)
(35.0205355770624,31.8471844696429)
(-25.0123683914745,42.4552757847301)
(-50.9987113639883,-15.7573258299561)
(1.09308230015902,-57.4452097621363)
(57.0095988878620,-16.2729854702808)
(30.7717059304459,50.5936381831190)
(-42.8973799041832,41.9230487165883)
(-53.4233314442759,-34.1636307861635)
(20.2125813380749,-64.7968579061153)
(70.5589984967484,0.800126002019999)
(18.5499841268837,68.4162227447005)
(-62.1578111800715,34.2209253922400)
(-48.2765042269898,-54.9428555374872)
(45.0377270925618,-63.0066328273064)
(76.6277960007952,29.9280906788307)
(-10.2411238816300,86.1307587928808)
(-90.4721593936834,12.0545139801386)
(-35.8937279517457,-89.4631449307904)
(82.4383833465265,-60.2980082960147)
(83.7141150380510,69.0034834615420)
(-49.2679482807282,104.671697096216)
(-121.676260634169,-23.3854936443530)
(-8.02668466349260,-132.975746178035)
(137.166644465455,-43.8760876027686)
(83.1808524729049,132.895811034775)
(-118.520364599827,124.317228834815)
(-165.327194945606,-93.4672444581437)
(56.5075893220152,-206.317780305132)
(245.355642151827,1.24769597862895)
(76.3784415186413,270.221835270835)
(-271.202132937903,163.696066740263)
(-253.073288535700,-267.758157103391)
(275.943412352614,-396.191017234575)
(673.069572584464,200.183415609121)
(179.915181543369,1005.63627764330)
(-1025.66613918822,954.010008822458)
(-1753.38957526467,-324.356561256629)
(-1005.26481883294,-1852.10766826463)
(831.691500502964,-2164.21197218896)
(2230.03388413178,-830.474577188849)
(2020.84192628768,1054.48806541768)
(517.327079354358,1967.53932376354)
(-917.145250523298,1413.37277160767)
(-1269.08663624543,201.985906819154)
(-687.570866335436,-566.795170161370)
(-9.82521901615812,-549.076026757404)
(219.722785039409,-185.706432021601)
(111.792231995619,23.6601857842185)
(11.5117798348551,15.0351349268059)
(23.6650177550464,-10.5828125036257)
(29.3728303720254,28.7830123886985)
(-25.4898597775222,41.9022891875791)
(-52.1853932246906,-16.2711050569073)
(2.39095906356361,-57.1171644782181)
(56.4803495886779,-11.7824205745849)
(25.0690635671240,52.2905298759473)
(-44.3913464209833,37.2825341140201)
(-46.5251533193299,-33.0384259989843)
(20.2538310951524,-51.9832170997198)
(54.4139117490138,7.00736929834743)
(6.65198983596224,53.5772013391937)
(-48.9533355502071,19.4033615544624)
(-29.9116033888701,-41.6006482321995)
(32.4898822014738,-38.3756589718586)
(44.5456819059686,21.3409578032816)
(-8.96723065233260,47.0190666170822)
(-46.0496269192370,2.43865731864866)
(-12.6199189438705,-43.5384760579909)
(39.2353548659314,-23.0508027451509)
(32.6529496546212,31.0745099397349)
(-19.9803703863565,38.1432835878057)
(-39.3295084853086,-9.71311211024964)
(1.26380844585891,-39.3364112136471)
(38.9564818847087,-7.79487762308647)
(17.8278982954521,35.6872127152853)
(-28.9453351330825,26.0316247698010)
(-31.3735233383233,-21.1503505041227)
(12.9892885053777,-35.4960494027173)
(38.0055177013404,2.80107537936647)
(8.47309229646168,36.0955758817432)
(-29.9284805435758,16.8841765619463)
(-21.2353910010895,-23.4457317061740)
(18.5365325488563,-24.5588691273578)
(28.6051724393456,12.8877280593599)
(-4.88414239078352,31.2185410229936)
(-30.5016374526078,3.55691317867703)
(-10.4070851912441,-27.6173467279477)
(24.0441876518281,-16.0916567641481)
(21.2912607716164,19.4007624540822)
(-13.2613276223100,25.2203296527464)
(-27.1890473706136,-6.44312545187472)
(-0.359421245171984,-27.4970775602817)
(26.2405607994008,-7.07924551747971)
(13.2123330206719,23.2136818543391)
(-18.9017146036995,18.1156076356063)
(-21.9479216231632,-13.8164887777650)
(7.62969905725884,-24.6227728256206)
(25.0042700514286,0.697143232480500)
(5.08175310988061,23.0201847942477)
(-20.7876663273483,8.99774006282924)
(-13.1463441304115,-19.3491094813890)
(16.4010511820968,-18.8214900824191)
(23.5028946262255,9.99281440733679)
(-2.25665119290572,24.3621541791654)
(-22.5453111624228,3.64537194366775)
(-8.07307169769323,-20.7085678280223)
(18.4847562355948,-12.9819064670318)
(17.5661962115855,14.0529991143798)
(-8.32386039951622,19.6448134668355)
(-19.7589524271164,-3.67393718372217)
(-0.119523482809410,-20.0621774910620)
(20.3016673781554,-4.98766426550446)
(10.6612428435289,18.4450706563072)
(-14.3862569575733,15.0173868712555)
(-17.4663408419621,-9.84939992526208)
(5.42809388985525,-19.0069656179428)
(19.7302050410481,0.533396986100392)
(4.51806913603500,18.9115478948167)
(-16.7935815799889,8.80470589438143)
(-12.3523695520840,-14.0827235153045)
(10.6028048078586,-15.4439360093455)
(17.4721488510098,6.18140131837314)
(-1.61483116809196,18.0374880607940)
(-17.7427339192018,2.64539346581636)
(-7.10452926609632,-16.6478757841618)
(13.8487203653064,-11.3894521153754)
(13.9722094032827,9.68234355670974)
(-5.95787598127519,14.7846439065002)
(-15.4928375797013,-2.96412807117134)
(-0.870804280617215,-16.1802118036584)
(14.9673045770329,-5.33603236401623)
(8.01221816838670,12.0629879909755)
(-10.3409489030785,8.83665858725040)
(-11.0405741732267,-10.2181333309111)
(8.09880038751901,-15.5634828210839)
(18.6685308786666,2.17098487276598)
(4.32580226976648,17.5768819311763)
(-14.4479616319669,8.19996394599992)
(-10.6409098162550,-12.0317837615379)
(9.38282692634667,-13.5921879166215)
(15.7821711509740,4.99510197278420)
(-0.382399641132578,15.6439665599149)
(-14.5676222141875,2.82720183649560)
(-5.90633687897334,-13.8972641917719)
(12.0697193856888,-9.84871466851726)
(12.5502419438467,8.04477178143985)
(-4.24850419691797,12.5182882863271)
(-12.1291103117338,-2.65688856583466)
(1.08402083825976,-13.6852739991233)
(15.2175668930702,-3.09713927635102)
(8.37154444120502,13.7333464788726)
(-9.95785231389138,11.6766664150390)
(-12.9986857015821,-6.43606917544401)
(3.36278289497075,-14.0448082966757)
(14.6543252140305,-0.416861445083210)
(4.39332151005919,13.7168239695479)
(-11.7150446163474,7.37872616670501)
(-9.68046620855921,-9.62272831546853)
(7.04967638696619,-11.8762993669780)
(13.2614224848033,3.60555126745714)
(-0.163456895972972,13.3812279936603)
(-13.0166296465221,2.87648674451043)
(-6.30142445475166,-12.1914396539245)
(9.69699752722340,-9.75261348828639)
(11.3915794949318,5.85231850869125)
(-2.85353401433700,11.1105396054724)
(-11.0476443635926,-1.19024200958665)
(-1.10583066519984,-11.7733210334853)
(11.3292191829908,-4.55047945022769)
(7.11661296954697,9.16642009642318)
(-7.28793999211937,8.20065063923353)
(-9.77925982033918,-6.21227928384567)
(3.78940578263388,-12.2565299233395)
(13.2009190812437,-0.517017426400373)
(4.23752453768437,11.7140941288996)
(-9.94885118877298,6.27415107329452)
(-8.47282131476216,-8.77336446310043)
(6.23220762973304,-11.2973197949722)
(12.3476178713080,1.96055398950171)
(1.31855098483340,10.9461522272624)
(-9.77317464745159,2.55002064490040)
(-4.21150856604105,-10.0349376432191)
(9.35583693780294,-7.53899023714565)
(10.2362691791789,6.37486021197303)
(-3.10599007578525,10.8128260761187)
(-10.8678444460026,-0.882736699359544)
(-1.69777815532370,-11.2669049946388)
(10.4267702269360,-5.06241139934351)
(7.32797597923235,8.07058187633456)
(-6.20307705994282,8.23761382630139)
(-9.82565667352188,-4.88387348157338)
(1.81610353351413,-11.7980623538827)
(11.2886562033575,-2.52809303207097)
(4.68816373970928,8.59543903668812)
(-7.57739075224363,4.62053487706439)
(-6.51124073655358,-8.59543332847658)
(7.03121980279660,-11.1685809900416)
(13.6357468972852,1.22361775843533)
(4.08060980751149,11.1061162844265)
(-7.42087264161776,5.17875341532746)
(-4.71175938097381,-6.49716026763952)
(6.65447686117453,-6.22394029511425)
(8.59387601094656,4.90967153071387)
(-2.04966901818800,9.37397035588678)
(-9.13118460773330,0.0462184140057440)
(-1.92906046721874,-9.13154968402698)
(8.62044760492889,-4.37986663805353)
(6.43644687509295,7.08677651484804)
(-5.53940611908181,7.85527615331829)
(-9.72448340350950,-3.70773291312262)
(0.0310807092065775,-11.1440224655132)
(9.66002271608949,-4.30183422740724)
(5.95725146372890,6.14836896522718)
(-4.36275565181312,5.14656025817785)
(-5.57398014997661,-4.64142355623829)
(3.47372513406785,-7.82207403414724)
(8.50510871513185,0.186846346193629)
(1.96370748046795,6.87582411563318)
(-5.95222641136816,2.27562017356988)
(-3.54885416313834,-6.10046030003542)
(4.44929707032885,-5.55002509094378)
(4.87663988860457,1.85666684206489)
(-2.70581710452225,2.74506531675736)
(-4.81436249417380,-5.96087373239338)
(4.73635629249047,-10.9838843175261)
(13.7437448635134,-2.50348985318186)
(8.68358526311708,9.77010409261577)
(-4.77860437036149,9.37740244874310)
(-8.82840388725211,-3.15841736931826)
(1.38297336163312,-10.6433745331081)
(11.0973589455405,-3.53434675785409)
(7.37415762541172,7.08583571926971)
(-2.90422450482833,6.37086539951856)
(-4.30620211930968,-2.93150578380204)
(4.17343888700439,-5.77299987830063)
(8.52615783215152,2.17629474793952)
(1.45156695622838,8.47285292370563)
(-6.72548244939336,3.19458626475725)
(-3.95869394678507,-6.03992391911022)
(5.32301139679012,-5.78300294425518)
(7.14483291961918,2.95863937080613)
(-0.854402409884955,6.55694951922830)
(-6.15844529456372,-0.445071306701088)
(-0.620944384783641,-7.27553455202254)
(7.24014122394557,-3.59934813898308)
(5.47393211162277,4.69866039513058)
(-2.91013018234796,4.65430912594391)
(-4.52458886090618,-3.74005631022761)
(3.75695045647023,-7.27201392713442)
(9.59414652476171,0.362336154141509)
(3.61588630435945,8.55424492429242)
(-6.23369507678513,5.32878225175619)
(-6.26274894381660,-4.78412885462478)
(2.71295539447895,-7.51551342060584)
(6.89778171720182,-0.168031270832539)
(0.543602398412959,4.63691062960691)
(-5.30020611764011,-1.51900071670486)
(0.286121185650827,-9.56699593481636)
(10.9055638124462,-6.27041401553698)
(11.5931667857423,5.54568305222555)
(0.902954182884044,10.3524178277154)
(-6.57182377497078,2.34983274304317)
(-1.28993659203749,-6.16328946039655)
(7.61982907949311,-2.92792514389343)
(6.24290454285060,6.48254777536366)
(-3.50758700422868,7.42201456313111)
(-7.08812030727136,-1.84605029240213)
(0.759819513497064,-7.71953191226930)
(8.20962709406045,-1.74207465632524)
(4.14822073082503,6.77198976945286)
(-5.19432342511262,4.75341131624219)
(-5.59868939445434,-5.05444063976786)
(3.90517100831546,-8.18964478031687)
(9.61256503933117,0.0174842471524250)
(3.49055733109488,7.62069708309532)
(-5.11291818637921,3.88350984580846)
(-3.62102369296849,-4.99073631746140)
(5.14703877668089,-5.48458302928499)
(7.56927965778278,2.98672359706136)
(-0.225494579565537,7.47385919545826)
(-6.71801032554528,1.07420067515910)
(-2.42181171771221,-6.83896748382696)
(6.01345588132183,-4.85238683148579)
(6.04154071214950,3.44960590636754)
(-1.90039933010172,5.19533105884830)
(-5.33657589624471,-2.20137027021753)
(1.10133927465413,-7.25407486030726)
(7.39974803105546,-2.08206486843727)
(3.40633025352850,5.23060055649228)
(-5.28620875228386,2.51289777317151)
(-4.94845129004040,-7.86993572845406)
(6.03297939572774,-11.5580594797327)
(14.1321713035199,-2.60602674041698)
(9.52843108667052,7.96551302584797)
(-0.528668911370750,7.76770556102471)
(-2.78125302837957,-0.106359514891698)
(3.36337380347521,-2.96351492263407)
(6.56271803606313,2.62227905932185)
(1.27738703374373,6.90329517018774)
(-4.42407589503626,2.63266712302924)
(-1.84744340803613,-4.00305030210761)
(5.01452850840874,-3.22536882548645)
(5.84924684497016,3.40427996089548)
(-0.235928454132236,5.67422995232671)
(-3.70003687964599,0.425775941238346)
(0.581419834588639,-3.90032685573695)
(5.57688897821556,-0.532793682001534)
(3.17407229046764,5.15681669269240)
(-3.15337273220932,4.03359778836951)
(-3.62465504061028,-2.55083071728634)
(2.70200852995502,-4.63143227508864)
(6.21734918536387,1.09703846288062)
(1.32342102713483,5.97081174917179)
(-4.85778495463089,2.34388116618806)
(-3.07316452829001,-4.73590536186646)
(4.07272106917332,-5.02171147217380)
(6.02245291287037,1.45449960758086)
(0.322797625045274,4.43579173008777)
(-3.53894877898483,-0.842103002380697)
(1.37660397327240,-6.06689809818039)
(8.43231430290741,-2.24379214431823)
(6.86674680494103,6.32145239189752)
(-2.00491004851031,7.74753362551400)
(-6.17912123179768,-0.0158289701673918)
(-0.345905133231752,-5.94676739262890)
(6.35614015435744,-2.00546456619846)
(3.86225683887525,5.11237604024889)
(-3.89211615141217,3.98361378026402)
(-4.74938045981867,-4.47379115458661)
(3.62920566778797,-8.10409388140843)
(10.0397960066937,-1.25044506981486)
(5.83387396391112,6.89409927530257)
(-2.71673642076410,5.46631713198521)
(-3.62757476708873,-2.71495109096063)
(3.79891312873611,-5.72970994235271)
(8.78014624218182,0.259931396514341)
(5.05894200499048,6.40097251719323)
(-0.820723967543096,4.91169065734475)
(-0.363427208570483,0.0800391345964996)
(4.09300875868841,0.621761647072036)
(3.76357993782680,5.90397230003491)
(-2.45468169168408,7.11787099529718)
(-5.97936305916144,1.18794572570375)
(-1.61262458147721,-4.09838409074320)
(4.36993237692149,-1.61243344240786)
(3.45817960708511,4.45884128727501)
(-2.51129385593162,4.94209698320508)
(-4.37595770215509,-0.643477448412146)
(0.463268383692491,-3.67508768251653)
(4.32121197858182,0.312680158688074)
(1.12641439175327,4.89840964098992)
(-4.26428313775675,2.68594567038698)
(-3.47092628898926,-3.31683044680489)
(2.58356875038801,-4.17895612656885)
(4.94062873128485,1.39323000096667)
(0.110263113295183,4.98594686664572)
(-4.59883590134647,1.10032822855986)
(-2.02014847155913,-4.55288482616598)
(4.11577744035174,-3.60694340568263)
(4.79676948189952,2.42475447300971)
(-0.753567279533199,4.47404935279437)
(-3.98058680093782,-0.441661374280153)
(0.0926575719074309,-4.79532245746549)
(5.41157517900603,-1.93141430161103)
(4.05135387601672,3.93186843515543)
(-1.86543963102712,4.09256829362456)
(-3.40829549999687,-1.55022595452624)
(1.72906687462204,-4.40387162041475)
(5.83605162226897,-0.122475159260213)
(2.83352543913957,4.94546716434395)
(-2.66253745396003,3.41068104126314)
(-2.44289362021227,-2.07127037360382)
(2.88492216742346,-2.96880164133821)
(4.93589175247745,2.13896006100687)
(0.358085802236575,5.45289924381221)
(-4.05361899037364,1.86370698545177)
(-1.69521326946545,-3.22348466309209)
(3.74232335796257,-2.05931039449596)
(3.78074962200653,3.62399675409957)
(-1.96724739159769,5.09032212179762)
(-5.03600449275988,-0.229352272226690)
(-0.754093933384986,-4.71518778711061)
(4.67092609901729,-1.85938957019362)
(3.34730056276369,4.00785310319903)
(-2.55788270331645,4.18473253955734)
(-4.13217750620795,-1.41301406787834)
(0.891020201862296,-4.21521073985244)
(4.77069500834226,0.0565189161108315)
(1.46108146326080,4.92716919981972)
(-4.22634059779834,2.91138894364739)
(-3.79886404486740,-3.17879154420965)
(2.15555788241926,-4.37753204333116)
(4.79355575806870,1.01743547152060)
(0.231581734690450,4.87784386881869)
(-4.64742142943407,1.40368682629452)
(-2.50995329499097,-4.19979036291469)
(3.43716309574273,-3.53175748292111)
(4.25009269958926,2.40114427340878)
(-1.33742992839094,4.67092077763998)
(-4.97571462184747,-0.198289857382379)
(-1.17260033869180,-4.96876240400755)
(4.43139271031488,-2.44135359463156)
(3.35501390817131,3.76917226957702)
(-3.15760565293694,4.46214804176761)
(-5.89840109436288,-1.67304994590594)
(-1.08747886528530,-6.22143738361922)
(4.38487297564745,-3.34789268175484)
(3.29755127111832,2.05781514765150)
(-1.58807733734152,2.11562688297983)
(-2.31422666451700,-2.39681023627607)
(2.09350050953321,-3.80417638053675)
(4.46422728415240,0.453191552101053)
(0.737616274919286,3.93502275477637)
(-3.68214593565752,1.17488013423359)
(-2.12282647617538,-3.81183149848601)
(3.10892099339917,-3.47968282093548)
(4.03226588155760,1.80433498538525)
(-1.04207201040197,4.13913390051594)
(-4.86726904427346,-0.189886913754226)
(-1.93421733906829,-5.17515051226835)
(3.47791194254315,-3.96597514077298)
(3.78629587556984,1.15921000002989)
(-0.736808352516937,2.50563687550188)
(-2.77417056767749,-1.46660478096578)
(0.773636634216452,-4.13218129121794)
(4.18497808745798,-1.03314617190212)
(1.79126470107063,3.23987173765395)
(-3.24976470750305,2.00007382223268)
(-3.57960996195991,-3.34916059579707)
(1.35860099975772,-5.30400298029932)
(4.53046571854316,-1.37863600940928)
(1.81327515606486,2.40489478720024)
(-2.11844487935114,0.745638935580562)
(-1.25153683347705,-3.12077206190256)
(2.54417719887421,-2.80595855004045)
(2.67147634156775,1.09510127679431)
(-1.57155065225755,1.84614466053210)
(-3.43263952580051,-2.72508955406036)
(0.968930365950265,-6.16816040584108)
(6.04048269729223,-2.76840535822861)
(4.39426126177420,3.43456344012361)
(-2.11615544625607,3.89388450044139)
(-4.56975829556338,-2.09474517067082)
(0.309206951005552,-6.11237597143796)
(5.39238352301628,-2.63155012517926)
(3.45821921045129,3.09330586951517)
(-2.43128014091796,2.82404216796449)
(-3.68086992915102,-2.61597469548100)
(0.985277962070897,-4.77588512857437)
(3.56648682374968,-0.407911336188550)
(-1.21951660627473,3.22786590662927)
(-7.45218269652368,-1.35311958236769)
(-5.60335190919686,-10.6162974431684)
(4.31321281304125,-13.9562612530010)
(12.4020604791182,-7.39829463782738)
(11.4779004356441,1.79524285643673)
(5.09814307615779,5.08018518884284)
(1.15243979073863,2.62301036300023)
(1.51628904971665,0.478738573671713)
(1.96820403882035,1.11557551511502)
(0.226178272163763,1.41531646645251)
(-0.986996206619585,-0.711264840342645)
(0.553653407534185,-2.67578210056805)
(2.48158286262624,-1.90707339672239)
(1.88249395948436,-0.438950091402937)
(0.475660997633660,-1.51449286995242)
(1.98373899444947,-3.72160273785586)
(5.54010282030882,-2.62256793474314)
(5.96247612445040,1.99885623671645)
(1.35551784879556,4.64675090980116)
(-3.33836339298582,1.49687213924286)
(-2.74753258351426,-4.00167621890964)
(1.67699603617803,-5.85021655208770)
(4.28073795343257,-3.71807976473064)
(3.67723414262201,-2.46434479837976)
(4.19048244464459,-3.91262029509036)
(8.11453416318574,-3.70734714908253)
(10.9000373607851,1.58276859878881)
(7.29635658139560,7.86645586116519)
(-0.256910432474343,8.09141658452454)
(-3.83365354566488,2.05306280008388)
(-0.400032367348728,-2.84103649904947)
(4.31130469367133,-1.38339698602497)
(3.96115078191566,2.86788861428197)
(0.0351189370585799,3.35884804410698)
(-1.25649912707635,-0.116698608313837)
(1.60640950191607,-1.94747663459538)
(3.72446593004513,0.429237346966108)
(1.68398209955573,2.91281873206069)
(-1.30771118217723,1.41541495650311)
(-0.691218580877839,-1.82212625926539)
(2.26321659999537,-1.97800664396662)
(2.61360499269126,0.584868132066685)
(-0.148294159760779,0.829912067017982)
(-0.872539543340783,-2.74089832457624)
(3.22105234904514,-4.99084554019176)
(7.44121208424811,-1.56168133251524)
(5.82041666550988,4.00758426950547)
(0.000525150055247892,4.54638627865709)
(-2.44568401480904,-0.688037825781696)
(1.65182313630037,-4.69762110392392)
(6.75669859857523,-2.30249143521223)
(6.43473394093876,3.00889830035106)
(1.95399648183967,4.44340670827360)
(-0.346278127754321,1.29070645518419)
(1.67923765793867,-1.10080695853364)
(3.82801768537792,0.207765691876932)
(2.86949695171472,1.95887789195298)
(1.50144829240061,0.802765903456082)
(3.39449866699951,-0.832032898737996)
(6.45997249920668,1.44813228477595)
(5.33028895146686,6.39898367418318)
(-0.299040912346009,7.90427796849044)
(-4.30519350817004,3.63932829986672)
(-2.42925092619053,-1.20800724611540)
(1.76737132066348,-1.05067611118819)
(2.14587015469173,2.38043231342339)
(-1.22526915602849,2.98941093670145)
(-2.61519808569793,-0.564638328075800)
(0.561374679623559,-3.11413858071383)
(3.93508735669416,-0.950415512723414)
(2.88280920554235,2.63507741968473)
(-0.593600665045940,2.45366736241554)
(-1.15955396630052,-0.819700381207933)
(1.67759029202780,-2.06402381316452)
(3.18282243686355,0.101297257274186)
(1.31412166128553,1.25441320552609)
(0.393609518721693,-1.35050176540216)
(4.26924372743268,-3.44171859624366)
(9.17261497888076,0.454280866977489)
(7.86438922736478,8.06983157270493)
(0.00738083514248329,11.0635936036788)
(-6.34263240906071,5.96563344650843)
(-5.03297526435146,-0.946421751005012)
(0.319705881910699,-2.04377614428716)
(1.91171630883418,1.71761727621945)
(-1.38631879528811,3.18712932554373)
(-3.34094734546349,-0.240798180863687)
