505734497867330197269203385120.
0.040000000000000001
(-18.4009236565195,-7.01891950184114)
(-0.581613727063241,-22.4200411160143)
(19.4195969361594,-10.3020772366319)
(14.1315439869740,11.2918835209156)
(-6.34359847506647,11.8304482680336)
(-10.8361409134601,-6.54175128271871)
(5.75255232898334,-13.9301908190889)
(16.0948037451413,1.06074625144598)
(3.34138115174826,14.5843709374501)
(-12.9940739100927,5.07903010239752)
(-7.48899407784478,-13.1844039192463)
(11.6807507792429,-12.0631743822836)
(15.0890774595011,6.95319617865826)
(-2.65470639951427,14.7545430331663)
(-14.3528958902546,-0.709120334150294)
(-1.86947166484887,-15.6348865028062)
(15.7188148196800,-6.65841663114898)
(10.9473144401376,13.0464935979085)
(-9.88767058000617,13.3524779854225)
(-15.7591315811006,-6.95460584901306)
(2.16655770112398,-17.9325830518819)
(17.0016138487714,-3.64312584534908)
(6.77260926360170,13.7752061494972)
(-12.4037095730808,7.74623818486778)
(-10.9627346142645,-12.4817534430396)
(9.18516793126281,-16.0678014390540)
(17.7071418953072,2.50665573592899)
(2.00000748714832,15.2120353537926)
(-13.8790237251316,3.17559470487176)
(-6.02407510737403,-14.8971796674726)
(13.1798228576107,-11.5986524902291)
(14.4941000194818,7.51429141949832)
(-3.40971259008743,13.0322695432185)
(-12.4710328603846,-2.92831167815936)
(1.14354874742365,-14.9497949362867)
(15.7238110543444,-3.99788990442070)
(7.84566658260599,12.8409326890585)
(-10.8991102491842,8.65717368781972)
(-11.2448670018989,-11.2939893049869)
(8.56483591888703,-16.8698157021308)
(19.3214493016804,0.961001673389615)
(5.06882318451731,15.8548252949341)
(-12.4496368168911,5.90764085305292)
(-6.79934166732332,-13.0394634565918)
(12.9025696894197,-11.6332633619898)
(16.0539953071985,8.15792365476155)
(-2.59541032877721,16.2057450770326)
(-15.1391851738207,0.416583509726402)
(-3.55782015549098,-15.0932799515572)
(12.8933233877028,-7.70958126535562)
(8.34165703799313,8.60749412715785)
(-8.61737442669913,5.65462238383112)
(-7.95007219061090,-13.5904183838958)
(13.7758948909546,-17.8299130588396)
(25.2743086636092,3.88620084944604)
(7.36855536385598,22.5045528587889)
(-15.8769885962046,10.9926617604150)
(-11.1888650953173,-14.0963807386194)
(14.0764241011033,-15.7273064203583)
(21.9092578755147,8.62557296271131)
(0.0738257968009229,22.6935080151412)
(-19.3796562249151,5.39597365596562)
(-7.99984594486460,-17.5527167377249)
(16.4174254734224,-12.2992677333217)
(16.8455307595895,12.1946423955036)
(-6.87379388937692,17.9394318815337)
(-17.8240878535647,-4.18210269209978)
(1.63030962086096,-20.2174053966794)
(22.3573813904341,-4.71936567149006)
(12.2060256048998,19.8487875628952)
(-14.7201374962005,16.2840089812429)
(-18.3644766180916,-10.9345159516052)
(7.02731061613652,-21.4530516720247)
(23.4486629199848,0.611488188234018)
(5.62070358579656,22.1573297808075)
(-20.7058965113984,9.83278662945140)
(-16.1733375051637,-20.2358892575328)
(14.4514396274906,-25.6946897626376)
(29.6184772550206,0.586303056262645)
(11.4708544294371,21.6995346209608)
(-10.5387108134839,11.7573677328403)
(-5.76692049755214,-8.35307281021885)
(13.0869422500329,-5.95091361688973)
(12.9064791599456,13.4933187814168)
(-7.40152565945951,17.2003649184785)
(-16.0512988888569,-2.37075095260792)
(1.03481676676871,-15.4653606616957)
(17.5569753754965,-1.65318661476009)
(7.41989238088484,17.7427435733559)
(-14.3872371605010,12.1261133914811)
(-14.3095090116270,-10.8986892622749)
(8.06964173799084,-16.6533269007555)
(18.9354066100537,3.40592642588644)
(2.06728304784225,18.2414000488774)
(-15.9231924645563,4.83004508917835)
(-6.31540147601990,-16.0065262166646)
(17.0536878737701,-11.1203558528812)
(18.1650170467679,13.7150659872560)
(-6.06927630543961,21.5976442382141)
(-20.2263156724553,0.374686113896718)
(-3.69720992471037,-18.4256570700325)
(17.9478750416513,-7.09583387336687)
(11.7132734798112,16.2224397266015)
(-12.5802367306431,15.2028639389046)
(-17.2396015736087,-9.11330281083057)
(5.58732141272518,-19.6450948030624)
(21.4461954116319,0.0982873409477223)
(5.89400201382593,20.2907894533124)
(-17.7716530265780,9.69496294436354)
(-13.1894674255791,-16.6158826023832)
(14.0991154604244,-19.3923612066741)
(24.6947680780190,5.95659362773582)
(4.29434628556752,22.7768934402678)
(-15.6637876131672,8.50853495130901)
(-6.41682309457291,-12.1964487046805)
(14.8326925176731,-6.37963818071401)
(12.5088002129967,16.4154938812607)
(-11.7576564986079,19.2841548402984)
(-21.1779952687348,-4.45514130128732)
(-0.549329091067814,-20.0143712054397)
(19.5265629118339,-4.07555254171275)
(8.78966727981563,19.0221401742348)
(-16.3016863956307,13.8474080295994)
(-17.2403278561469,-12.0638939809354)
(7.85219219184816,-19.3650227603585)
(21.0743364254634,3.19846408584406)
(2.38616885206108,21.4009152620662)
(-19.6855993800081,7.55224802432170)
(-11.3958250029100,-17.1848278182693)
(14.6745676869072,-14.9347795134366)
(18.6548213891514,11.0388817328698)
(-5.73988869368730,21.1183006938691)
(-21.4006278057792,-0.231043045798698)
(-4.37443555867806,-20.5438911451544)
(19.3962546688859,-8.77017694272912)
(13.4932344153292,17.1834908388179)
(-13.2813499824624,17.5678949905539)
(-20.0881280313754,-8.48688000434865)
(3.63930439295566,-21.3805347432736)
(21.8242609584840,-1.38707204949297)
(6.65818338152942,21.0379862863498)
(-18.8038338511836,11.5562925459759)
(-15.6257598245836,-15.5344958781095)
(11.5139649643145,-18.8986766760254)
(21.2216708106148,6.72574913456336)
(-1.46713373698225,22.2443060962113)
(-22.0000467967662,3.77672075924550)
(-8.87723838152171,-20.6715684059112)
(18.0972877968347,-13.7227276818402)
(17.7673264503540,14.2249851986669)
(-9.54598116041097,20.5815783862504)
(-22.2693523393590,-4.49388079073573)
(-0.911676677731634,-22.8481200494798)
(22.0032651630069,-6.41382776556723)
(11.3999056929976,19.8049417122042)
(-16.7046710691700,15.6977784897098)
(-19.4364256284759,-12.6629634535799)
(7.46240181121798,-22.0761753272906)
(22.9137086456678,1.83719390876711)
(3.19111173551473,22.4381901118438)
(-21.5706766003541,7.92603512090169)
(-13.1941934488398,-19.8003469154792)
(15.9862968378216,-18.2442752385793)
(21.5044247341071,10.6712267403052)
(-5.40288511399563,23.0517794761602)
(-23.9968747830274,-0.185379359192490)
(-5.89500764799843,-23.8949699794702)
(21.4556171241304,-12.0045112455755)
(16.3644693559587,17.3622164247704)
(-13.4307339540547,19.2718237199440)
(-22.2796111716549,-9.40153439163550)
(3.71169559524584,-24.8436076819363)
(25.0492214271750,-3.04501351614605)
(8.81423648936692,23.1414512654143)
(-20.8165282200561,13.6444349341039)
(-18.8851854602560,-17.6244508087950)
(11.9362745608186,-23.4791204559895)
(25.0837385204232,4.88524100633022)
(0.801658890668811,24.3203254879027)
(-23.6849847947060,5.32161445158759)
(-10.8325173573269,-22.8853295449602)
(19.7461874146369,-16.7659896438520)
(20.8264002969150,14.8690023512139)
(-10.3480206126448,23.6771333761566)
(-27.1910042910179,-4.86246243394100)
(-4.03799463761064,-28.9677971268304)
(24.9811039202342,-13.4401454939622)
(17.6004756053823,17.4069577557325)
(-12.8626440576426,17.1177468258385)
(-18.5430610680349,-12.2636437588922)
(9.51601258999263,-23.9047755170716)
(27.7260233402611,1.62307254071118)
(6.98210101673007,26.1747351812745)
(-22.2219772239864,12.2628787857687)
(-15.9682904924079,-19.2317957817837)
(15.8631340112785,-20.4707088382153)
(24.2983611934375,10.3137054606633)
(-4.01230343005921,25.8149770364752)
(-26.1130320370172,1.79521810093869)
(-8.16694606638580,-25.6123728696749)
(22.6349409603685,-14.8339037300029)
(19.3122752617812,17.4816431008320)
(-13.0144206994237,21.5633413805658)
(-24.5233629535038,-9.37916904167442)
(3.28937206635255,-28.2599330561985)
(28.8481583402488,-5.69176042356058)
(13.4413374099527,24.8589097700436)
(-19.7095424427468,17.6361076020404)
(-20.5984075860955,-15.7789886880317)
(11.3883288361118,-24.1013618129415)
(26.5498075790324,5.29568358103538)
(0.986793750489925,26.9350462818232)
(-26.4665023096973,6.85085265294182)
(-13.4643905807162,-24.9417837318437)
(20.6058544897893,-19.9050730461084)
(23.6251475832200,14.4720024658121)
(-9.43534904592810,25.3523014801998)
(-27.9564215988336,-4.76319159384668)
(-2.65169608188155,-30.3557695428436)
(28.8062693658506,-11.6567439893218)
(18.1233436075474,24.0160792162009)
(-19.8338723345463,22.4885187429427)
(-28.3065971995019,-15.2413508804876)
(6.01720773247249,-33.5707461841163)
(32.4849117624530,-5.59550013595865)
(12.4180016795096,26.3694463561863)
(-22.8570828907815,14.5028131698798)
(-19.4917078343444,-22.6708400070058)
(17.7869411187497,-28.6700049691568)
(33.4211519009847,5.70550602674075)
(5.14808599333700,29.3158834888865)
(-23.3288766218928,8.69147348581029)
(-9.85412912460831,-22.0483901927477)
(22.2470099321356,-14.7155185900207)
(21.1684762916734,18.7511339829311)
(-12.9131736003173,25.1453907475167)
(-27.7307345607275,-7.38348889186433)
(0.484622104289160,-30.1782878357277)
(29.5519937834918,-8.38891992726938)
(15.2376476274568,24.9678422232021)
(-20.7813404087932,18.7010901295038)
(-23.2976488079504,-18.3489653800552)
(12.4074319951199,-30.2478604528425)
(33.1221132509499,1.09340211518867)
(8.57939286541712,28.4634062368459)
(-22.7015892508494,11.4758970148545)
(-12.7456144129846,-21.9033215242104)
(22.1583627023798,-18.6978429247082)
(26.5361510109444,17.1668113502837)
(-8.47733236036942,30.3038581037119)
(-30.4535074816622,-0.966237230091429)
(-5.60905876957967,-30.2678517827710)
(28.6907777712988,-13.3576279098126)
(20.2047777683643,23.8147547893552)
(-18.1742323261936,23.9759356869180)
(-27.3440075566353,-13.9296355358984)
(7.89428399340980,-32.3088607297762)
(34.8766059352032,-2.38912239294407)
(12.7344902213447,31.4097425965133)
(-25.2114506883522,18.5370761176589)
(-21.8591834801374,-20.8202553563848)
(16.7893531811112,-26.4683796060398)
(30.8885083169313,9.92206393914562)
(-1.63638035299322,32.1045370914829)
(-31.1497994112941,5.48389264523575)
(-12.3960558636318,-29.5948535787827)
(25.7241164537949,-19.6490441460663)
(24.2862497656437,19.3377675098428)
(-14.4863953604682,25.8665952256857)
(-29.3922145427448,-12.0249058587069)
(5.81708524871435,-36.4993627304449)
(40.1399344765780,-7.50671332643152)
(21.2912390575257,34.5172083449251)
(-24.2318218365592,28.0130038714480)
(-29.7208961740729,-16.7097583938623)
(11.3974456612204,-32.3781120237261)
(35.5808183937085,3.73868887371319)
(5.60815329005425,35.4534425781779)
(-32.6760535999058,13.2521391838660)
(-20.0855968607619,-29.8806561189499)
(25.3025344504933,-28.2289150571587)
(34.9465886254758,16.3905980773198)
(-5.96998258258514,36.6950860730441)
(-35.5292407818742,1.98811305526086)
(-8.97581670666322,-34.9221530864772)
(33.0915419075348,-17.9072593908308)
(26.4732995154497,26.9365885510264)
(-18.6505754758627,31.0188279187956)
(-33.1390781101531,-11.9118403493896)
(5.32961961697323,-35.9650561734136)
(37.7022829141221,-3.92327078159517)
(13.7690859873595,35.2305145502132)
(-30.3299729957506,20.8418434561432)
(-26.6167393051688,-26.0036881498989)
(20.4046679043983,-33.6247621630420)
(39.3569952959773,10.7496688231879)
(0.482850154368775,40.2568348944635)
(-38.0191641366432,9.53111547286923)
(-17.6608329749048,-35.6497428582140)
(31.2015768468685,-27.1510496436307)
(34.9711926110440,22.0197951411029)
(-11.3830333946532,37.2792489229828)
(-36.6254669167549,-3.95390165652980)
(-2.05108441235811,-37.6943515873168)
(38.9956876827459,-11.2204400952571)
(22.4482722515005,35.6815652652920)
(-27.8803301420402,30.8689709843897)
(-35.6612386963727,-19.5329093900297)
(11.4003376182180,-39.3668695716747)
(41.8045964176251,1.65810793869216)
(8.81090478371427,40.9399316974098)
(-37.6140637192043,17.7941624920968)
(-26.1604464257239,-33.5361005372081)
(26.9289387392963,-35.1528983598877)
(41.7690351725343,15.9229466352705)
(-3.78426320399000,42.6496508546552)
(-40.1239641617698,5.07991343872124)
(-11.9332014103758,-38.5611769590409)
(37.0705783540493,-20.7378299567105)
(30.7328635110598,31.6743782293736)
(-22.5158725774517,37.8601312310287)
(-41.5028101313433,-13.0066097718236)
(3.69714161028386,-43.9477171446704)
(44.8464283623721,-7.22916607154929)
(18.8546412791423,41.8348365220683)
(-35.3584913387542,28.2817290593106)
(-35.2295168724115,-27.8563181389528)
(19.4484584026022,-41.1714524155044)
(45.3459318853721,8.92962046713594)
(2.50999388847615,45.9818339123870)
(-43.8503661142046,12.7732395743428)
(-22.3029101239909,-40.5368198483665)
(35.0718520972848,-32.1272193337261)
(40.5313642428330,26.1126149306572)
(-15.2755052366727,45.4343220023837)
(-47.7197361041196,-4.61678684016068)
(-6.63791169847767,-48.5713132092541)
(46.2816009392281,-19.1950973849803)
(30.4920808719862,39.4708577824997)
(-30.4314690209294,38.2169521161234)
(-43.8463224769153,-21.4039558038461)
(10.8945470858497,-48.7563464124978)
(50.4130206388390,-2.18427408117884)
(14.4404795617959,46.8794380052010)
(-41.4165273788868,22.8628871664958)
(-30.2056106265491,-37.4748821437533)
(32.3912301051260,-40.1820042824096)
(50.2803415550686,21.5702115482708)
(-6.29527799081587,54.9028135451550)
(-53.3147062527407,8.08611685393235)
(-19.6318800026882,-49.1337616306097)
(43.8511845507385,-30.2335955923746)
(40.3294893082442,36.0072975422977)
(-25.3856751546210,48.1534836127512)
(-53.0606703747469,-13.4125230617672)
(0.487621869922834,-55.4273303032579)
(54.4350677730062,-13.3171818121198)
(26.2654498324539,49.3993308226196)
(-41.7406251307728,36.8334766373607)
(-45.7461959612975,-32.6967386632210)
(21.2334068806832,-53.3554181956924)
(57.4861042443602,7.01158961458051)
(7.30259975052841,56.7451528541501)
(-53.0745857717013,19.5852332907178)
(-31.0237258181773,-48.1064673145227)
(40.3008452310751,-42.4240136359809)
(51.3550786180097,28.7631214130937)
(-16.0900210707994,56.2209406783364)
(-59.1742021344249,-3.92171029307195)
(-10.1892626589693,-61.1825012470845)
(58.4109217614053,-27.3009546536941)
(42.6057108255969,48.1147259410588)
(-34.2731228507845,51.3301745237472)
(-55.5285513159966,-22.2626309811079)
(11.2472549240969,-59.8192015363064)
(63.4743383428658,-2.83481348251470)
(19.5451338238380,62.1731725449254)
(-55.1617963211627,34.6532485616502)
(-46.4414062063272,-45.3002225335275)
(33.7658232821318,-56.1183429171989)
(63.4737525611439,19.6739817887633)
(-3.70076129510634,66.7919089413273)
(-65.9809566927213,12.1851178664694)
(-27.4655889703828,-61.9663585146913)
(54.2926996912748,-42.0799769885309)
(54.2667633637507,42.6046879098042)
(-28.7512567007681,62.5691816729422)
(-68.0502309627992,-14.3211917371150)
(-1.77662929684301,-71.4573745901797)
(70.5073945191258,-20.1704793455705)
(37.8837912960769,63.2179968677721)
(-51.5464454439692,51.6088271904745)
(-61.7133731007712,-38.4525402757136)
(23.8176812586363,-69.7557344454721)
(74.5903315809077,6.59160687229588)
(11.5843835161705,74.3849603354281)
(-70.0204892679169,28.4141427172123)
(-44.1941973491598,-62.9590118596788)
(52.0626706966647,-59.5298328403832)
(72.0766229421569,36.0336714584908)
(-16.8868296068509,78.9995874200082)
(-80.6330925334158,2.29124959561561)
(-20.9589355403477,-78.6003615874061)
(72.5040405684761,-39.5087013522035)
(56.3675827616125,61.5040109251706)
(-46.8703984525912,69.7386769457371)
(-79.9061876411902,-29.9708357651845)
(10.1155358221083,-86.8440226757999)
(88.0097858500201,-12.5570464373737)
(34.4885200513449,81.6894160402414)
(-70.2571498509847,52.1971388208235)
(-66.2083862523944,-56.9802039283692)
(41.7017675439843,-78.4915750037040)
(88.1209919817500,22.6929630659560)
(-0.732161122373887,92.4985380624441)
(-90.9653790180009,21.6232297401957)
(-43.0087189903339,-84.3625406629853)
(72.7529933600399,-62.7996901809269)
(79.3746373049295,56.1639358549564)
(-36.0476028449246,91.2204251981611)
(-98.2751129396306,-13.9310129161383)
(-9.78136194971158,-100.439807639116)
(96.5895652608279,-34.1467008834986)
(56.8535430367184,86.4837565572255)
(-71.5305255836787,76.3489325549855)
(-92.5103950402721,-52.5393612121580)
(29.2766697666175,-104.256221111747)
(109.382476461177,3.18039492607926)
(22.6322948395202,107.778413514286)
(-101.463949486995,47.1185022831458)
(-71.4896332879540,-90.3179168083811)
(71.6396659166208,-94.3750587439419)
(110.856444120098,45.5730414242275)
(-16.9499143802728,118.258445773271)
(-119.016263385527,10.3835115336130)
(-37.2430035558907,-115.588538175540)
(106.375078036432,-64.7974213836147)
(90.3946819473840,89.2986830386611)
(-65.8996736693563,110.503855420589)
(-124.571959827797,-38.9699456798369)
(9.10016562896333,-133.084231510623)
(134.540690389039,-23.5650492085006)
(56.5708014088451,127.162111936023)
(-111.519137651044,86.7091242712850)
(-112.426832120377,-89.2872178320520)
(61.2915852165882,-132.853302548043)
(146.382835094995,28.4391521678471)
(7.26764790339403,151.721720768663)
(-148.615379226416,43.8363690214294)
(-79.6448822837467,-136.763730458391)
(115.961732195587,-112.267563951745)
(139.070038541679,87.5640971539296)
(-53.6118556706305,159.005376781845)
(-171.497604973852,-14.8231007460012)
(-27.8849186402549,-174.215978389060)
(165.085311211001,-70.6932516841219)
(109.162156458888,145.739602299738)
(-119.319456315800,142.434718903672)
(-171.275021474937,-85.7202974446126)
(43.3463843575404,-192.863939909857)
(202.292412208472,-5.15565161654196)
(53.8792408140937,198.813236152663)
(-185.576823636007,100.169030649288)
(-145.031498505063,-163.162739617403)
(128.628095311435,-186.814400693651)
(219.678207345153,81.6448118498435)
(-26.7051122568646,239.286893714720)
(-245.488077981329,31.6923227923751)
(-91.6456266782330,-238.541077398975)
(217.054247829385,-150.812909889694)
(204.911151294278,180.714360649880)
(-131.437887671515,250.253227089203)
(-284.557369483145,-71.1432982542406)
(1.48219949350485,-304.968186557429)
(308.337070089835,-74.1341139705262)
(151.060783115346,293.427894628248)
(-260.367786928792,225.562620732252)
(-294.082014913801,-208.825109316892)
(139.174500611662,-351.631600362899)
(393.287429273358,54.1508371673113)
(42.6293086928074,415.819189608292)
(-416.303983873583,147.893164017690)
(-257.162915385790,-391.494453284041)
(339.625742955921,-364.557249977909)
(464.544079611958,260.241802525082)
(-152.856620057460,551.071155998154)
(-616.824995844452,-18.9005379767002)
(-138.602407293865,-656.486622741490)
(664.129993762980,-320.211197629880)
(523.217760765318,624.472789494601)
(-527.181305073856,725.768372770609)
(-913.443348089789,-398.940757885698)
(263.714494953751,-1149.05354329905)
(1540.34136390411,0.0710603367394282)
(697.650216767035,1996.99101361509)
(-2016.37204631000,2003.77295360147)
(-3480.51257855247,-945.540164747775)
(-1286.39649612501,-4076.97367205425)
(2926.26765113320,-3713.37312188424)
(4873.45886850946,282.640293884147)
(2463.72055084815,4012.78554512903)
(-1750.20922697405,3864.86679389121)
(-3535.37136451650,501.221465095381)
(-1719.41907585304,-2228.22402317645)
(962.806194707369,-1870.99787044126)
(1533.37736839313,221.702327661397)
(104.951912388942,1196.43415576074)
(-977.945925162333,287.402916846767)
(-446.165218433685,-797.159232837779)
(599.809030431036,-567.756471598344)
(629.979028274930,398.542541436363)
(-214.518655467872,642.249100518913)
(-619.546746024062,-51.9209571106011)
(-89.3366242880932,-568.552663399403)
(494.291840372651,-206.464019214897)
(297.297802035372,403.325509762372)
(-301.825833428760,361.281444619271)
(-398.499162366286,-195.604845825510)
(90.3355479815993,-410.177372463980)
(398.482201436716,-9.14222310682792)
(98.4139515047207,366.070829196222)
(-316.883158670522,173.631404347776)
(-232.944710519579,-255.497358845696)
(185.147809349971,-275.591006152134)
(299.607409748944,108.981628174780)
(-32.7278720466435,303.710741101606)
(-290.710011680910,37.7949516065243)
(-100.992829297221,-264.752805644643)
(226.298111034560,-156.714100044917)
(200.622805567417,175.035538499121)
(-116.374496329931,227.328116714785)
(-238.070497191386,-58.4598275898925)
(3.34699379687672,-238.483112533369)
(229.047889781362,-51.8847953234797)
(105.257140628450,205.005146358554)
(-166.312709710973,148.512828427101)
(-176.755837768188,-120.498297431592)
(74.0211890976453,-192.707637989048)
(199.652908629272,27.1949573713967)
(20.3896846152213,196.350822512008)
(-181.231795242961,65.2814396451765)
(-103.539377549979,-156.374242944283)
(124.785495656907,-134.104063118751)
(156.586265267555,87.7444366237742)
(-46.7938854997593,169.379916313989)
(-171.699917160901,-5.03312970137725)
(-34.9734981423830,-164.528566097494)
(148.610136498627,-71.8320736604928)
(103.372124147749,124.272356340295)
(-93.5587775139135,126.933449469767)
(-141.843073647964,-59.7385651862139)
(24.6258071526204,-148.999635863819)
(148.256414319986,-11.0966111666333)
(45.4228457394200,138.820676583092)
(-121.616736101030,75.5792897604203)
(-100.303215240762,-98.6267249016177)
(70.8235649034622,-119.044283412276)
(130.150732242262,39.3379953317209)
(-7.23514522353894,132.625139510101)
(-128.195172469301,22.8055722949363)
(-51.0477159504702,-118.647736870886)
(102.754795321999,-77.8799212529495)
(100.185865118596,79.1165055707543)
(-50.4222063959542,113.990214321381)
(-119.258920485345,-21.3606604577657)
(-6.34130496004485,-118.624003309528)
(112.724870211126,-33.3821298765590)
(58.7711123487558,100.329682017172)
(-81.9312691023706,79.8104441709137)
(-95.2485302954307,-59.8020121214797)
(35.2959440142236,-105.302601146645)
(109.411410336193,9.01657461536778)
(17.2399558200433,106.735275470107)
(-97.9842023410894,41.2860879718712)
(-62.2907389681339,-84.4574824553170)
(66.4972749194417,-79.6957007208502)
(91.9450821472050,44.8357684807878)
(-21.6836985610990,98.2527877372826)
(-99.6639729558709,1.48963927563660)
(-25.0732899569161,-96.4053102581616)
(86.6408779688338,-48.1872559500239)
(67.1025008702369,70.1294805738696)
(-50.4452063962378,79.2842912319819)
(-86.4131506849143,-30.9291962389208)
(11.0052251532578,-90.7353597849426)
(91.0327849582764,-10.7720433735076)
(32.6294538539136,85.0653858483326)
(-73.5086310331882,51.4686459642473)
(-66.4475681357605,-58.5221542306439)
(40.7152315116928,-77.8060435708824)
(84.4120539731650,20.3772785665344)
(0.469779933142084,85.2872179386508)
(-81.4892529907028,19.9136867771694)
(-37.9483901947449,-74.0583871771149)
(62.3618636584316,-54.2346428099524)
(66.5999767627284,46.6287604989239)
(-29.4164232264128,73.9754372900704)
(-77.9937954817685,-12.2819851139630)
(-6.04667911546524,-79.3424123365033)
(75.6357073209959,-25.7470675444218)
(43.3506053810301,65.5679060532718)
(-52.0343740302905,55.9608811149264)
(-64.9727628456906,-38.1182338554439)
(22.9084926912461,-72.4991902686851)
(76.9162437186013,4.51955179013627)
(15.3342755885720,75.2695070298359)
(-67.7926069883397,33.0505666727807)
(-47.3165552844320,-56.9167797563401)
(43.7517124259793,-58.6725492345164)
(66.8065278534863,28.3096791755141)
(-11.4784277455361,70.8789980207894)
(-70.9344940562228,5.53708307907322)
(-22.1470450474594,-67.0930851023467)
(59.1055316227130,-37.2561525331862)
(49.2789831611086,47.9323774107111)
(-35.3850807281033,58.3175439778227)
(-65.6036330576752,-21.2632861711719)
(3.96132557788589,-69.8611628861605)
(67.7154530131502,-15.0161814163212)
(30.8720506488652,59.0604923887888)
(-48.2291787032983,41.4269761033491)
(-49.4280690494244,-38.0747089572344)
(26.7144893119162,-57.1324585504370)
(62.4932447970748,12.1641031480663)
(3.67829676043110,62.9629023695628)
(-59.3390747254216,18.0840571011748)
(-30.9567914826284,-53.3046104953642)
(44.5009959013428,-42.7216537751834)
(51.9346246905583,32.5554122452236)
(-19.0636263112670,57.3926617806227)
(-59.8339314553114,-5.36948307386959)
(-8.88826552942887,-59.6231844067650)
(55.5426290179716,-23.3297580082527)
(35.8035438490662,47.4234781250150)
(-37.0986534913647,45.1688547482109)
(-52.1824723305315,-25.5918132236614)
(12.4211159848241,-56.7396694656244)
(57.5332130430277,-1.63572147360230)
(14.6479677534555,54.9822181323243)
(-50.6630818788930,26.8015703754345)
(-39.3940570262803,-43.4989361633476)
(31.0777906431428,-50.2242178161023)
(54.8971779429774,15.2958337148027)
(-1.56710996272687,53.5081890998768)
(-50.8204778062437,8.57301180226583)
(-18.7824997939325,-48.6909037270013)
(43.7706037655285,-30.6480177160650)
(40.7226223490990,34.1732842311210)
(-22.7592693823736,46.4969797116736)
(-49.6916609713404,-11.8352272307053)
(0.120525262664419,-51.4824827719095)
(49.8780223820717,-12.7533375190964)
(24.0149918219886,44.2036611950920)
(-37.0666099645663,32.3763418128954)
(-39.8638976930415,-29.5583927799287)
(19.4820459546230,-46.8507286764029)
(50.2746932490095,6.49380039104886)
(6.01589396905166,48.9199268912320)
(-45.4505882836279,16.2364959560376)
(-26.0748907988492,-41.1816709261745)
(33.9482868023077,-36.0443485903022)
(43.2075566146301,23.1435462358343)
(-11.7014346733854,46.1639185438963)
(-46.9298375511095,-1.20615016797361)
(-9.75227489660280,-46.1720820583388)
(41.9780025325228,-20.8295809933380)
(29.2026974534779,34.8235354935654)
(-27.8520273354190,35.0226604986669)
(-41.4194029637450,-20.7256526639694)
(9.65074245066904,-47.5137303254265)
(48.1524574844805,-4.73909144096203)
(16.4615460087501,42.5793061162756)
(-36.2991209101804,23.3347311200002)
(-29.8553874158270,-31.8678066106142)
(25.1504352470829,-38.2801082799859)
(44.2711753937210,13.7587389884045)
(-1.77545106160934,44.7959710474642)
(-43.0094710612943,7.62936922662862)
(-17.0593709808813,-41.2806190281528)
(36.4350647906443,-28.1373619822999)
(36.7700110913215,26.4734271590131)
(-15.4763004369641,39.8648289013820)
(-40.5424522657882,-7.03382989017003)
(-1.24383908033824,-41.9158947440040)
(41.4780805916976,-11.9719713120054)
(22.4150429505623,36.3856961317418)
(-28.8861088387969,29.3376142122792)
(-34.1807424388735,-21.8580400737400)
(13.9940865080602,-38.9189085240882)
(41.6750462721494,3.75357937808953)
(6.69295919237941,40.6131365112522)
(-37.4602017564746,15.3865865511796)
(-23.6746336812050,-33.4702510781334)
(26.7545725291012,-31.9271144447437)
(37.2037531327571,16.9786283700778)
(-7.54465896427626,38.4667518486530)
(-38.8134259102675,0.122603234115814)
(-8.99707520671514,-39.3431160909528)
(36.4531963945770,-19.9831087425360)
(28.8262764565774,28.5425073250558)
(-19.5699704555889,32.8730927480197)
(-35.0681123273875,-12.4851606620458)
(4.98243098049869,-37.7767699126277)
(38.5655567197632,-4.76963986758503)
(14.1854179643448,35.5738942360437)
(-30.9952001696539,21.4554551982596)
(-28.4443180234961,-25.8105387601017)
(17.4881908497251,-35.0118974156278)
(37.1261422294818,6.44683307418621)
(2.06239834666016,34.3650792644467)
(-32.3133946114224,6.49482735621197)
(-12.3773279933722,-33.2587338079175)
(31.5911886027029,-22.6861175793840)
(31.9658129667573,23.2370041322214)
(-12.6459265077898,35.1000864195622)
(-35.0413571685233,-5.02640433015154)
(-1.66974484646093,-36.1736360662664)
(36.4088076435062,-11.1408179992304)
(21.1852831668551,31.9590308169452)
(-24.4035320968488,27.8072395616654)
(-31.6735995383525,-17.1240047519454)
(9.61272765904106,-34.9170939883433)
(36.3149713672940,0.573108531687741)
(8.10536686881983,34.6029428780706)
(-31.7416334205987,15.1334050828234)
(-22.5686022573429,-28.4685780270857)
(21.8414883849400,-30.5583436158968)
(34.8694614754512,11.3841825041402)
(-1.91724066364579,33.8517579367421)
(-31.8932131956793,3.97520185196055)
(-10.0989071159743,-31.6370202426296)
(29.2217458299699,-18.8584360472053)
(26.0245919529901,21.9730099428768)
(-14.0208415921936,28.2932416165539)
(-29.2348834932541,-8.90416343508250)
(3.34908376744104,-32.0939337025759)
(33.3628485894221,-5.72797771689772)
(14.6381719599994,29.6151903571260)
(-24.2242574079592,19.6216669360417)
(-23.7098333640003,-20.7457786283266)
(15.8508579704795,-30.1402305783340)
(34.9427405693815,5.87368685940204)
(5.26383533308711,33.2960556901247)
(-27.9999727990741,11.9069913179478)
(-15.4837553254251,-24.4496131596423)
(21.8783233197415,-20.4617791746691)
(26.0751796597157,16.5217265526499)
(-9.11153244254218,28.9025640530265)
(-29.4566757860664,-2.52122288612498)
(-3.93748037694453,-29.6907776808719)
(28.0330016228994,-11.5428951569285)
(17.6490473595558,23.1062770731066)
(-18.1913329329304,20.2817137802656)
(-22.9869507984425,-15.8233725654342)
(12.1803946082531,-28.8937507170722)
(34.1166915539136,3.10679145365618)
(8.33454732905812,33.3221244469900)
(-27.8915776136500,16.4924018864670)
(-21.3196682675670,-22.4326648730288)
(17.1444420057573,-25.8419470509304)
(29.4091646552431,9.86223963210601)
(-1.94639793492430,29.7506396583515)
(-28.2597854398169,4.08439726723185)
(-9.50911688690824,-27.2450110702881)
(25.1262373525150,-16.3263691432960)
(22.5214820615891,19.7682068908682)
(-13.1724380897746,25.5966989788081)
(-27.2179758220523,-7.78603955540592)
(1.92023710955801,-29.3591959169449)
(29.7826301718148,-6.18638885848360)
(13.8603883342260,26.3511244597061)
(-21.5910273387006,18.5580745246151)
(-22.5296060812810,-17.8910307162033)
(12.6957463010156,-27.7755152983294)
(31.0060480772596,3.80137843709910)
(5.22756630311899,29.1224017654950)
(-25.1073082481076,10.5374178540139)
(-14.3038107799651,-22.7897939845140)
(20.2882461950967,-19.9128438011579)
(25.4083818229897,14.3731817567606)
(-6.79594502822972,27.4660147571921)
(-27.3103834566192,-0.565639891138572)
(-5.40198463986321,-27.0194452651272)
(24.8026755036813,-12.2838191105020)
(17.1360017253238,19.6989883060010)
(-15.6247046632590,18.6155891438989)
(-21.3690542944131,-14.4980144168998)
(10.9696099977611,-28.1418217130261)
(33.2095543794844,0.927799349134406)
(10.4818936134092,30.9424987407614)
(-25.1057640544792,16.9789713331450)
(-21.3689449253045,-21.4043955575784)
(16.5939179267769,-28.6575736456989)
(34.3900776992346,4.97742441816235)
(8.76348396335327,30.6345452465480)
(-20.2868965585582,14.4044221367091)
(-11.7260962483461,-14.3240525387394)
(15.9162304265189,-10.6096506326072)
(16.1072232337225,17.3672029637300)
(-12.8878776881825,23.0417601143645)
(-25.9434254568030,-5.19904767588357)
(-1.55953300757421,-25.6081530174095)
(24.2991424725730,-7.36384367653645)
(12.9705710502351,21.7381610175668)
(-17.7630105682746,17.4692856035105)
(-20.7998520091903,-13.4579945005109)
(8.50076638749306,-23.8575042457265)
(25.5665944015671,1.86561339375169)
(4.86171881159405,24.2306975742224)
(-21.3479804193646,9.30494425206024)
(-12.6771253672272,-19.5284857842414)
(17.5553729726660,-17.6420838543216)
(22.8704282047910,12.4036766477732)
(-5.10583661630634,24.7869222525644)
(-23.7352553576064,0.595458395224433)
(-4.55000832135676,-23.1115929963604)
(23.0912951408319,-9.82936715093547)
(16.6267519671697,20.5323413264022)
(-14.7691720504488,21.7388736879431)
(-23.9070464069032,-8.46765138738657)
(2.86460974443885,-24.8385482392567)
(25.0528985723566,-3.17575365730604)
(9.49634611392104,23.2382131032921)
(-19.6313429214009,14.4078676261208)
(-17.9630437135481,-15.8685210680287)
(11.7091894362193,-21.4783700820052)
(24.1854918566524,5.79524661850467)
(0.853856374355763,24.2223243611108)
(-22.3396958469407,5.98346612161628)
(-10.0450520600285,-20.7058629055510)
(18.7415669535105,-15.0242182546591)
(20.0570951053153,14.2152858159827)
(-7.85731293045106,22.3791609162086)
(-22.1596811900139,-2.66589472531871)
(-1.07800751503740,-22.1813401845601)
(22.8269046905475,-5.94905767586430)
(12.4844038840141,21.4444186998405)
(-16.9562803726154,18.0614610938424)
(-21.0508318852043,-11.3931890482355)
(6.33208013879951,-22.5985465019732)
(23.6850488470002,1.08235551225900)
(4.90564596013226,23.4593781885179)
(-21.2520451611573,10.5987037680064)
(-15.0960379937473,-17.7981036513760)
(13.7783877660551,-18.6460887051780)
(21.4136016454669,9.02261984072324)
(-3.56869300130461,22.9132500423388)
(-22.9455090356360,1.98047791898873)
(-7.28651527656845,-21.7757033760874)
(19.4116251303101,-12.2835361192431)
(16.5432251993936,15.7776731971078)
(-11.3034725087528,19.6201499610960)
(-21.6169762736084,-6.45005999796131)
(1.18337926574439,-22.6196315124984)
(22.2326861851213,-4.37315759126373)
(9.53235605168474,20.3288535453431)
(-17.4139567833564,13.8736520954322)
(-17.5567296138806,-13.7517878169265)
(9.14410274680901,-20.4163600834593)
(21.8719877964812,3.88961346311094)
(1.25892669493377,21.9725212918715)
(-21.2274052031714,6.23638728432076)
(-11.3597760988945,-19.3620099535782)
(15.7738498983906,-15.9481397819930)
(18.9080799610618,11.0971466047692)
(-6.54769247511692,20.5008861712250)
(-21.6692661561813,-1.98851007134163)
(-3.38197312226474,-21.9933193688520)
(20.4313605430395,-8.91322460247327)
(13.3487027636468,17.5025452715076)
(-14.2714523001434,17.0954736462678)
(-20.9667558383083,-9.91594474826609)
(3.25277411441335,-23.4270533694480)
(22.2747108728932,-3.98364546583701)
(8.70637517150758,18.5540854611093)
(-15.4393461979180,10.9175879938403)
(-13.2547473334415,-13.5749304486946)
(10.8808242015884,-16.4961528307799)
(18.9346704374078,6.58521038893480)
(-1.96922750516162,19.8184336436122)
(-19.9088715053997,2.51344483795031)
(-7.37553775637763,-19.0120400022181)
(16.3860161935227,-11.8317995175861)
(14.7765642652474,13.0043943859505)
(-10.0487408336671,17.2017135303351)
(-20.2151217172856,-6.22714522861763)
(0.171194639689396,-22.0041315031134)
(20.5680658095541,-6.09362371467272)
(10.1185064581546,17.6591842344647)
(-15.6398781367198,13.4317820413316)
(-18.2239678972742,-12.6199252381234)
(5.95532842991768,-21.9308404933368)
(20.8246947064554,-1.61485898473116)
(5.40183298414980,16.9834883398415)
(-15.3416942572129,6.49520497843742)
(-9.53613462417263,-15.4761565953414)
(13.0731850136504,-14.3755330855872)
(16.9371582545927,8.09900070560562)
(-4.27906834207027,17.0601265164662)
(-18.0473224530873,-1.58834347284340)
(-3.14810563127681,-19.3728932172071)
(17.5563847906646,-8.99418435961922)
(12.0761404550931,13.5916837740261)
(-11.5221146843837,13.3567042273807)
(-17.0573833365353,-10.1678926332151)
(4.69422225946938,-21.7570317417228)
(21.7028870195757,-3.79587579360810)
(9.02190773373542,17.0091973983992)
(-13.6688920373314,10.0653150401171)
(-12.1815915836085,-13.0374976906571)
(10.4086306140925,-16.6203096606421)
(18.9073301246758,4.71170879441043)
(-0.191245892163230,18.1059179519026)
(-18.1997729200123,2.62266372403718)
(-7.87771588926056,-18.9765966154559)
(15.4177066643629,-14.8329822788526)
(17.3247899114659,8.00585974953630)
(-3.60044120206076,14.9102849057596)
(-14.4945774639766,-3.61045486356465)
(1.34682018287410,-18.1567312147655)
(19.4051069644436,-5.86026280544682)
(11.9116637578592,14.8572708492349)
(-9.77158735236787,12.8681753754945)
(-12.9366491061081,-8.08209390998969)
(6.34923523451065,-15.5420415757147)
(17.6055942545073,1.73216865899460)
(2.94842972615108,16.7742129423802)
(-15.5770109061688,6.00589330808237)
(-9.98985158715271,-14.6719989165934)
(10.8042507617583,-14.5116491903813)
(15.0668682988972,4.88079634420704)
(-2.70317192440813,12.3913232097135)
(-13.3299565059590,-4.17217032967717)
(1.67370073359228,-18.7408461473999)
(20.6648522885184,-6.94904062925504)
(14.1653426076346,15.5711034877867)
(-9.81292671663493,15.6929769881364)
(-16.7264115161374,-7.33690273294257)
(3.18034878039095,-20.2526074193968)
(20.5459868183712,-5.12392383460245)
(10.9666427768893,14.6466240525676)
(-9.31184855827075,10.3376939600046)
(-9.40192850328245,-9.30462405663843)
(9.16950470464520,-13.0352545045969)
(16.1396488813720,4.27175635287642)
(0.274157693950864,14.3001666908560)
(-12.9005535605078,0.0710845549258375)
(-0.913932219765642,-16.6977355692420)
(19.6883259501281,-8.48239846935144)
(17.3406437050735,14.9350077592628)
(-6.33584118278230,19.7618812792101)
(-17.7982856126545,-1.21562864169368)
(-1.36071147094722,-17.3497566053499)
(17.4688511287290,-5.78340179189114)
(10.4904730301370,14.6381196787941)
(-10.9466790179116,12.3058825976274)
(-13.6619121320352,-9.29353928700037)
(6.80001733067768,-17.1652343388868)
(19.3995341446518,0.913099262495824)
(4.66059731368458,17.6870852323990)
(-15.7881887026291,7.42738193227082)
(-11.6002391484615,-15.5144211543560)
(11.2427602708236,-18.4514651901074)
(20.3248303688855,1.14928552614751)
(5.50472064954657,13.4947615660332)
(-7.59238977782100,2.41668021819618)
(1.63840291136433,-11.2630854264064)
(17.3155030011261,-3.62196268302672)
(12.8718157515444,14.5980456802292)
(-6.61529582211175,14.8185080256353)
(-11.5352849818207,-4.24604975003423)
(6.29505549190958,-13.3851666142497)
(19.8294083823041,2.59038795870920)
(7.33335925126743,20.7045681880873)
(-14.1137411252234,13.7918425902707)
(-13.6773861321491,-8.41476623270751)
(7.02194881168073,-13.6203916256943)
(16.5001481342737,4.62097493279489)
(0.952139917318560,17.6067843756606)
(-15.2379942127263,5.23907425621934)
(-6.89104802110236,-13.6148739151615)
(13.6340902636711,-10.0430997770335)
(15.2773089827302,10.8799958239312)
(-4.57664069111105,17.7952046904248)
(-16.2515920929507,0.534248035843821)
(-2.75974731926009,-14.7839269211461)
(14.8708791339732,-5.58369484635587)
(10.0092176924568,13.2625095717199)
(-9.22287095671934,12.7003730035486)
(-12.9507055339968,-6.10518793701716)
(4.52129874533682,-13.9895256401240)
(16.1963852706815,1.24378856729996)
(4.00357218194570,16.1407473137770)
(-13.3962681370082,7.66182599649621)
(-9.18131434932597,-11.3869238838468)
(10.4886349720385,-11.8490854767844)
(15.7755032348222,7.18470462458412)
(-1.26809806690858,16.9314479753966)
(-14.5600686693349,2.90071907251050)
(-3.92637833087344,-12.9326288630720)
