99999999999999999999999999980.
0.040000000000000001
(-0.666985339918847,-3.87866995593933)
(2.14988209794053,-3.94602195934482)
(3.85689932176618,-1.80301788138595)
(3.24036256852958,0.583426228111246)
(1.32343675327066,1.34270714723330)
(-0.0250989437241997,0.450322979943148)
(-0.0419614302542436,-0.749943829066551)
(0.631335557927654,-1.25695104882378)
(1.17405953803215,-1.17202198375648)
(1.47642423868404,-0.968562152524969)
(1.75269151875438,-0.679786720336904)
(1.84813685565845,-0.126218638682351)
(1.41362816777458,0.433459460351204)
(0.611923848075195,0.412546839068124)
(0.165918103450260,-0.311251480364265)
(0.549762188794511,-1.09236519948729)
(1.40521006104426,-1.20364954380067)
(1.96857568909202,-0.623881486245576)
(1.91298994736932,0.0648422697977697)
(1.53482394819478,0.419103107083290)
(1.20808489450199,0.498788899825249)
(0.969066023849436,0.527822871186611)
(0.706168653282592,0.516760226009043)
(0.472402204821577,0.381020417080303)
(0.380528502351682,0.210303877382185)
(0.335484936341130,0.154380105238673)
(0.151425850382391,0.119710372002971)
(-0.0828283321970918,-0.134240108041796)
(-0.0441655257319836,-0.551822347106669)
(0.301532927774283,-0.716712066726155)
(0.467146075787810,-0.432048012093948)
(0.0145500377693206,-0.184141517319793)
(-0.718105834411450,-0.701696211402730)
(-0.773626250375535,-2.00839385415385)
(0.405181320718426,-3.16440793468652)
(2.27044795403016,-3.12253178484601)
(3.62444515651402,-1.75300840225294)
(3.69772198452271,0.0852000241658543)
(2.67999684875186,1.37454329223509)
(1.33331402564056,1.68756975000893)
(0.327280925965573,1.24203530574674)
(-0.0770147987332151,0.538108948381103)
(-0.0162351356034979,0.0351745454583067)
(0.0992462346632217,-0.0850073419872772)
(-0.111314929766728,-0.0877717206789498)
(-0.549937279182505,-0.497013320881461)
(-0.570105729412476,-1.45589408008310)
(0.336066170354754,-2.30511859146444)
(1.73797814732832,-2.13481773690665)
(2.48778829388125,-0.893851028329254)
(1.96656473506511,0.351042113703439)
(0.866360398508800,0.559535733133017)
(0.376216435066243,-0.0644811593672415)
(0.709914321995776,-0.410261400265541)
(0.928306676091951,0.0186458620285985)
(0.337854862717124,0.455787053915055)
(-0.470439480858064,0.0279157789381794)
(-0.451118308935093,-0.903446103944007)
(0.345825878351313,-1.18039181257535)
(0.776000380129372,-0.494916152073693)
(0.217393620077803,0.167680598899974)
(-0.582717030411365,0.00345072004083447)
(-0.772428822875592,-0.428348668156640)
(-0.860910908362514,-0.241794243338597)
(-1.91438042620707,0.0206207060057063)
(-3.44736112325652,-1.09302973417151)
(-3.49930742189377,-3.40340221318388)
(-1.61728138268652,-4.44587028077084)
(-0.636759174675371,-2.72888893855686)
(-3.60397839336154,-1.04477764116153)
(-8.73200809814898,-4.37913005159081)
(-9.44737080701669,-13.4132665533123)
(-1.36267849420913,-21.5543568045252)
(11.3492106567748,-20.7610061002665)
(18.8030177486644,-10.7081590933101)
(15.6997158238684,-0.274545686679945)
(7.44390307184547,1.62749391983536)
(4.24187104237702,-4.14560009467217)
(9.49008929969079,-8.23863668870346)
(16.1266062332901,-3.99712602244265)
(15.4110726886796,4.67675935728594)
(7.56810712312078,8.24468997423844)
(1.44176073049250,3.15581089892118)
(3.79132037711132,-3.98424447132604)
(11.4237882214347,-4.50395699514180)
(15.4890495690684,2.20205576470540)
(12.1193535818578,8.73759962147551)
(6.23664546489046,9.16849459294014)
(4.52204077046719,5.73102770921993)
(7.06312384565004,4.89765550221067)
(8.07324284578659,8.61480405416489)
(4.01512190476870,12.0603013453357)
(-1.66852303586091,10.2806071342100)
(-3.01991243492358,4.76178682844089)
(0.870490667408134,1.63902091408435)
(4.77655232434103,4.18423320967793)
(3.68116402130154,9.07515600008165)
(-1.57228220002173,10.6172150803578)
(-5.84275736160255,7.21683888121444)
(-5.77588103876389,2.43697714987649)
(-2.88451900089952,0.305066908031754)
(-0.796529134618838,1.14756228925546)
(-0.988935311167141,2.39003608904549)
(-2.05256833420197,2.16783994431015)
(-2.26371604399200,0.974082012589201)
(-1.54490662991886,0.153448864777587)
(-0.814803096827598,0.0579067231332469)
(-0.479074376165950,0.138908911169092)
(-0.241476864876894,0.0753007570609683)
(0.0899374310109561,0.0404181946457197)
(0.379875901168228,0.110480901822977)
(0.664455147818165,0.140518961769595)
(1.18040164249330,0.292908511919001)
(1.69605254110119,1.03889184727388)
(1.40236849607860,2.28302444609947)
(-0.0312333232827058,2.96587490159376)
(-1.60906162391846,2.14938922310722)
(-1.87018368283583,0.373145777387343)
(-0.649664531087280,-0.707974496511858)
(0.596579873227903,-0.238091811884370)
(0.539402645685478,0.796784162658661)
(-0.390411369529276,0.864827781138729)
(-0.667161832533912,-0.114865497610584)
(0.217848905975785,-0.744069377521431)
(1.05584790435766,-0.154072844900441)
(0.644614841281605,0.680531543787856)
(-0.360697949481174,0.210212374875654)
(-0.0712967517016446,-1.41755174309315)
(2.15189866913102,-2.14074684755668)
(4.50776751473713,-0.331574618572410)
(4.51433775553297,3.08816410516807)
(1.73421751351817,5.38052239270896)
(-1.70175112852790,4.76919090588641)
(-3.28865305262777,2.10297444039839)
(-2.48822875043463,-0.280369168646112)
(-0.778668148096732,-0.934811689727083)
(0.204784488976495,-0.300253470597995)
(0.141891716116701,0.343421763397574)
(-0.224669498131254,0.351304365825443)
(-0.249746081728787,0.0224253508119218)
(0.0370135098647042,-0.135530931685283)
(0.287579534382188,-0.0165724568125565)
(0.345282802638436,0.179232191222634)
(0.287089918443641,0.310816519527864)
(0.189535299308009,0.381749746365557)
(0.0561908478903139,0.394787198133891)
(-0.0767476842398224,0.311934030878851)
(-0.123735111060142,0.158019228428687)
(-0.0681968669593744,0.0381069281822138)
(-0.00314531074906424,0.00851269914105121)
(-0.00757348444824535,0.00196028777076233)
(-0.0390391083442286,-0.0717714679797449)
(0.00187526647176193,-0.196008885029735)
(0.134195547314565,-0.267899841975635)
(0.272519671649623,-0.225115383638279)
(0.323791481671757,-0.106290229391328)
(0.264421819793782,0.00172740274064824)
(0.131868106909816,0.0304104765401899)
(-0.00769084856674460,-0.0525940269250900)
(-0.0725262136050371,-0.235011423240344)
(0.00247295476269401,-0.439888892705796)
(0.203874936448749,-0.547611684848361)
(0.420033786055462,-0.479939353556562)
(0.507309045353212,-0.268628305911470)
(0.379541321711103,-0.0430634826049029)
(0.0531872781771439,0.0269250427730456)
(-0.330968838874761,-0.210111535949085)
(-0.502211546407385,-0.785009117254558)
(-0.177964937589567,-1.46742895492351)
(0.649351813266543,-1.78431363051464)
(1.51755215002912,-1.37476345921951)
(1.76428952116769,-0.444288168258097)
(1.17754916756433,0.250076061341296)
(0.345427014088290,0.0809225643360681)
(0.156858579343403,-0.739211834115718)
(0.856551215160432,-1.29268187837715)
(1.72633375206062,-0.928986297899821)
(1.86122685752275,-0.00657184882155372)
(1.20013710530671,0.511436188270808)
(0.581233792878284,0.181821614825671)
(0.728407536779386,-0.413694280517676)
(1.39078547278811,-0.398548415042872)
(1.67742583415873,0.334856205756689)
(1.14528888835749,1.02744134687071)
(0.288389825624555,0.992379276555141)
(-0.118107781426970,0.387099879762350)
(0.0770736225073952,-0.0917402041566631)
(0.363363846205308,-0.0939233201355290)
(0.317329026206853,0.0727328530812839)
(0.0896153736989646,-0.00701537975880393)
(0.0627524361425036,-0.286386572327447)
(0.266870002570571,-0.410589052155068)
(0.373420560732587,-0.273064627958771)
(0.192998437452223,-0.156746219636139)
(-0.0754466210377660,-0.322344961705253)
(-0.148040072082202,-0.689081906993803)
(0.00363696003918146,-1.02677282158205)
(0.260626908130138,-1.27342764413446)
(0.638002600249307,-1.45987548917507)
(1.19577594022542,-1.43164219658560)
(1.69651076425169,-0.955624594580625)
(1.66980131540555,-0.188496404211656)
(1.01376423590583,0.236904751732769)
(0.341837084391317,-0.129187312862335)
(0.411609358047515,-0.892972742321079)
(1.19036485226011,-1.13090762198145)
(1.77818788086432,-0.465678499149279)
(1.43487484606799,0.415146548998518)
(0.491173432375971,0.540957157240039)
(-0.0380290738181651,-0.174257367731436)
(0.308748515687887,-0.854521409023327)
(0.919237137127971,-0.779232527991916)
(0.952768833638094,-0.249978200922697)
(0.413872708435090,-0.105054939657970)
(0.0457161396528505,-0.584565411557003)
(0.253333252823042,-1.09302067409516)
(0.582246614833460,-1.14110762298634)
(0.484522031565526,-1.09815707864641)
(0.273674694343157,-1.63527473887510)
(0.837786665869794,-2.58712353643279)
(2.37245671897140,-2.87108643021468)
(3.83529101499877,-1.74887667758615)
(3.98766359268888,0.139941626092851)
(2.80654565956539,1.36893775645508)
(1.49326665001755,1.27698232392968)
(1.06915830093657,0.572752178404964)
(1.32842386347647,0.309745815711696)
(1.37990024062166,0.625187804938232)
(0.910725747219951,0.823284088881468)
(0.462298374143548,0.506269484578535)
(0.484942981618960,0.101209553178719)
(0.635290493901405,0.102454757657164)
(0.353826592415493,0.224826800768077)
(-0.147897608358037,-0.214177293678488)
(-0.0204461128301015,-1.17470916951062)
(1.02054766870785,-1.69716051649092)
(2.09518728893041,-1.07473671850229)
(2.13513956170376,0.135699132038509)
(1.22329824709634,0.724034883116317)
(0.457533079147367,0.335706845054388)
(0.451160566846871,-0.172097523896063)
(0.530861311797751,-0.0818379671416582)
(-0.149694158643185,-0.0115006582241435)
(-1.04262273952090,-1.12830290036478)
(-0.513965839272903,-3.23770863075699)
(2.02537884937195,-4.39928538398530)
(4.85759036987510,-2.98370206673550)
(5.49992248664686,0.173723721077203)
(3.49142400721957,2.34916596075457)
(1.05698269991978,1.84268367787404)
(0.679043550071832,-0.151153930604326)
(2.36948957584031,-0.972666420422775)
(3.83469774643696,0.471373524806753)
(3.21897800093394,2.64888919168062)
(1.08229360454242,3.38527720584164)
(-0.571251724956309,2.29800688522009)
(-0.702215947539661,0.833657111072274)
(-0.0682360670923094,0.261163850921856)
(0.189846048242483,0.365203227912410)
(0.0224555885273679,0.264619415291544)
(0.131628170623675,-0.146975666271834)
(0.641990813699602,-0.199402332151297)
(0.843207389383017,0.336636955387182)
(0.303925720886102,0.756901923409247)
(-0.391809244498588,0.404996497726815)
(-0.427356342641987,-0.356387466052149)
(0.0899383315043597,-0.658101647729443)
(0.325229834465409,-0.386537983264330)
(-0.000456003934928867,-0.315554952665206)
(-0.156472286823944,-0.872647345357960)
(0.475908168010391,-1.37014063112150)
(1.32457851887854,-0.940703541240756)
(1.27917012761483,0.0961614888030721)
(0.278989007899559,0.494275468354681)
(-0.463091734735406,-0.230826345914408)
(-0.0868711384566367,-1.05194428887215)
(0.662688198056642,-0.819735012883252)
(0.432190648064246,0.0676368947909843)
(-0.784069866165021,0.152526323661120)
(-1.55803146175126,-0.992289344997650)
(-1.10252341922367,-2.08384854607156)
(-0.542536856154989,-2.05890585530737)
(-1.25457790893940,-1.94581697280613)
(-2.36610258308078,-3.64439069396384)
(-1.25989963902497,-6.80406267000518)
(2.83973313404550,-8.23349585053994)
(6.80403433182923,-5.53223080366484)
(6.57297212166462,-0.808963064803117)
(2.31492741186986,0.765697801495653)
(-0.716026555942047,-3.15825773759243)
(2.37797419837559,-8.56801837879052)
(10.1878126065639,-8.73162667539894)
(15.6940034976357,-1.53349481713752)
(13.3886662550118,7.77460486577632)
(5.03605245064772,11.7561391383667)
(-2.30302177752226,8.22314088504411)
(-3.56100944278936,1.81165341980121)
(-0.109788099905434,-1.50491748794334)
(2.96677956789386,-0.352688312110848)
(2.78922677831795,1.95677785597919)
(0.930170792791754,2.18776021314399)
(0.342650133834917,0.644749925391276)
(1.54353563037353,-0.195643338606659)
(2.55284112464168,0.752126931474266)
(1.84546017195662,2.05141713228414)
(0.200520104893676,1.88393691433504)
(-0.527444880876317,0.269451032535251)
(0.358970715172669,-1.25649634101999)
(1.96031025658637,-1.55504876403422)
(3.14653979582170,-0.805799444502825)
(3.62248575179189,0.269505420826201)
(3.59900734798800,1.34449655594027)
(3.08722901261410,2.36731489291450)
(2.01073373863295,3.01308556200805)
(0.756277512278001,2.84603155840557)
(0.0471048655051799,1.99570584723354)
(0.138363721973370,1.21095055407850)
(0.480364004513073,1.03543924084869)
(0.413524979402524,1.18246323499834)
(0.00461508559859745,0.980657989320212)
(-0.0886157351640416,0.306169057984195)
(0.473019065239724,-0.232090795943558)
(1.23193082438072,-0.0672595613085941)
(1.47192496359138,0.620684668105793)
(1.03965200528530,1.13201720861319)
(0.447799839422300,1.04408548731279)
(0.240527319574033,0.592423669308914)
(0.446435513047292,0.291186627940301)
(0.679015922790884,0.355874720049243)
(0.624661738804900,0.565115165209476)
(0.338291466964470,0.581145269969991)
(0.121953678935629,0.308048491420660)
(0.192682674299392,-0.0383801275336589)
(0.457693892659826,-0.164193458001080)
(0.597102121061424,-0.0216498053979241)
(0.420410020092474,0.0919479999531178)
(0.155626858222420,-0.151627442544569)
(0.255733778224376,-0.646590300277367)
(0.799265251752272,-0.847622285591379)
(1.21436204123200,-0.429090732203688)
(0.884223068982809,0.119855824611947)
(0.0628282143265186,-0.101834090003582)
(-0.163409688111504,-1.24297022557935)
(0.870177590235412,-2.24173336577260)
(2.40026925148996,-1.94368534950552)
(2.97623439268934,-0.592459731086077)
(2.26672532040374,0.343877231675595)
(1.55034002356342,0.0740928168746492)
(1.93438687500998,-0.343354942066088)
(2.50914190868417,0.533824700570188)
(1.26686833365636,2.02223435238459)
(-1.79942486028220,1.34396176359862)
(-3.40587352503874,-2.98261311508359)
(-0.00403853554183806,-8.19553433738657)
(7.69280007760351,-8.98847794004526)
(14.1461775428916,-2.87917973524142)
(13.8709597380070,6.55554672186048)
(6.85217230055945,12.5935310925361)
(-1.43598438185076,11.6210976524749)
(-5.43008574583284,6.07325510025778)
(-4.35368809467850,1.21377311245816)
(-1.63545120511431,-0.203101059371633)
(-0.412909800377425,0.450077340452910)
(-0.659311222739991,0.642237808652505)
(-0.600836220692503,-0.121466906476566)
(0.362596791255609,-0.537768815354425)
(1.15318475661616,0.0655929437347706)
(0.962604135973755,0.790762657662509)
(0.471613866484527,0.704496118357875)
(0.687719919999952,0.271956665210385)
(1.33849007710888,0.568173023812802)
(1.25757773072220,1.54690259929050)
(0.168826267518803,1.98242925752479)
(-0.774995110731485,1.19968155173740)
(-0.524901332626764,0.0957202951345846)
(0.419514724269259,-0.0374024468070937)
(0.697426839250343,0.747387623240395)
(-0.0546895216497383,1.17433973539636)
(-0.757462659649751,0.532222449481704)
(-0.433870713641788,-0.374760261497243)
(0.443233712601710,-0.396664096906898)
(0.655890112016329,0.354324113110798)
(-0.0396509834281881,0.698713812745451)
(-0.594397323559717,0.0704262237751515)
(-0.165327216910214,-0.684909399717274)
(0.673903877334341,-0.493326315241150)
(0.680186151885238,0.428325361829296)
(-0.380948729285706,0.785861359492421)
(-1.36759253765573,-0.154605715422942)
(-1.12757512583209,-1.65906183016322)
(0.212959505960521,-2.41000264981885)
(1.53996188677585,-1.91093024222553)
(1.97057356326201,-0.737690192650857)
(1.41954470576447,0.273331050803372)
(0.224930639948006,0.583897188268272)
(-1.13832425083956,-0.183603397926464)
(-1.81174430700108,-2.21675099720232)
(-0.652378582772220,-4.86576968934270)
(2.69932072184715,-6.37874801357648)
(6.82521903297699,-5.04678251141795)
(9.17737224410887,-0.954098172796675)
(8.16840824707013,3.68120002085235)
(4.59583129371463,6.24799062581799)
(0.855025676532639,5.84891255035057)
(-1.14941679211852,3.65827071036772)
(-1.20086727463697,1.47935085983750)
(-0.221436755126114,0.304070608182718)
(0.870209913597408,0.160779797456146)
(1.57381616657407,0.730260954961284)
(1.59763499547972,1.62602599345625)
(0.872044260103808,2.28400213006741)
(-0.165544150226738,2.17371132680093)
(-0.749757621300731,1.35991531437748)
(-0.546299643214653,0.564484543224311)
(-0.0478382067575075,0.387539588691078)
(0.0496053878032739,0.608254577623258)
(-0.255846138678093,0.541533118045760)
(-0.321060450342295,0.0121225684131863)
(0.197290852767303,-0.394332377844698)
(0.823650720003851,-0.161300086340355)
(0.908451315105645,0.420259610672760)
(0.519970423714932,0.657626456456481)
(0.307522774670931,0.422970521360729)
(0.538912525358931,0.287512471298593)
(0.713257007624823,0.630602853658681)
(0.324189147307325,1.02522605101026)
(-0.328238845364007,0.819120237997930)
(-0.477969886693934,0.0998894060428591)
(0.0609176314677149,-0.351176006730052)
(0.619867831651017,-0.0848573969404855)
(0.568963481091603,0.441566067051063)
(0.122776046294377,0.531187297669172)
(-0.0486149934851283,0.187018963983417)
(0.205532429031045,0.00614080637874626)
(0.366628705573791,0.247097503941545)
(0.0858387766839041,0.463192510288231)
(-0.269073982003209,0.214764633114319)
(-0.171974096222116,-0.235465547873406)
(0.250692373842627,-0.299181119841473)
(0.389938945711515,0.0518872065853108)
(0.0642874525344743,0.232835850719191)
(-0.201771704827671,-0.0750463803202206)
(0.0266892418817422,-0.433074984903317)
(0.414740453772745,-0.310251356769547)
(0.352572761560733,0.0774305057329572)
(-0.0805613420473145,0.0563803696569198)
(-0.165913175038812,-0.456779343715786)
(0.375656337576774,-0.732413850929559)
(0.863836249940321,-0.268605627333221)
(0.573806341807985,0.386127434810139)
(-0.162868682143071,0.323890260262206)
(-0.330764224929428,-0.405760849154307)
(0.335096177730674,-0.775617834086361)
(0.897201661377992,-0.207585067099102)
(0.498126757235644,0.547958599191179)
(-0.382458854510719,0.418582164966786)
(-0.545413918028783,-0.446079036571898)
(0.220054628597957,-0.821336441673342)
(0.770510378117946,-0.132642787749031)
(0.193381505426082,0.669709307463193)
(-0.864509598464718,0.402104368082223)
(-1.06471396265746,-0.674669661863244)
(-0.261703715272912,-1.21222922556582)
(0.309773171650533,-0.708785873396611)
(-0.128221794342388,-0.225417717122717)
(-0.695375546315225,-0.769309403050490)
(-0.142548748246623,-1.66010730735049)
(1.14379078415787,-1.38166321127444)
(1.43166029514305,0.134660187796244)
(0.0546131722010979,1.11752043830794)
(-1.43655082694785,0.274080101832961)
(-1.23279471227715,-1.31023347700015)
(0.207013156664238,-1.50471172539042)
(0.647813239080384,-0.0596963297423140)
(-0.899329245277812,0.920843280961313)
(-2.73883774273965,-0.245462610498314)
(-2.69007440987391,-2.55129835203516)
(-0.922408675721993,-3.67631259290923)
(0.494207329373807,-3.05530953958651)
(0.578888096264902,-2.30224059150285)
(0.580669884826054,-2.50181791216493)
(1.62287356988651,-2.50609554195777)
(2.50097066039999,-0.932602026117622)
(1.27441671580049,1.10068214607331)
(-1.41571707766558,0.989119207867331)
(-2.49776748534329,-1.50999388909671)
(-0.621180328551430,-3.26121430419759)
(1.45174402119346,-1.81398463480165)
(0.346254147250640,0.785015855599099)
(-2.79601215796405,0.456641977335926)
(-3.28420190902182,-2.66299282626840)
(0.0528329481495420,-3.16585833241311)
(1.14174412684894,2.29779294492590)
(-6.83662904078005,8.02623013430598)
(-21.1171339900282,3.18734688385178)
(-28.6590716532752,-15.6019712983966)
(-18.4693943971815,-37.5756246199884)
(5.98640367653525,-46.5325702005144)
(29.0379439645796,-36.5465068991320)
(38.0185050841849,-17.1312825242089)
(34.4247875025675,-2.14352213680667)
(28.9070521715786,4.34967233184301)
(27.2942966803443,9.09768476686730)
(24.8712089373933,17.9577748597418)
(14.8599565350383,27.0226875672917)
(-0.773442780550501,27.4630067324013)
(-12.1495637876258,17.1647102204741)
(-12.5290213316651,4.13265346193677)
(-5.51344617623159,-2.27776122039827)
(0.0292070395740863,-0.999932149973161)
(0.114322570235642,1.64508325880894)
(-1.68265492447240,0.855422812445634)
(-0.895581405125566,-1.63282981528359)
(1.69970115894355,-1.81122612491118)
(2.24981475895394,0.159372403972277)
(0.203403573473856,0.341075799208063)
(-0.429271052367959,-2.86179093994186)
(3.37490704265714,-5.75064649167821)
(9.03764276803088,-3.76543400954206)
(11.0177417087381,2.58792270769348)
(7.28083283370061,8.04816848445556)
(1.40148252706561,8.55472914594434)
(-1.87983042811405,5.25776248061742)
(-1.61879254278430,2.15964120402339)
(-0.354880953051926,1.24443436884178)
(-0.0815784484881146,1.27976648721639)
(-0.248795262117230,0.739365925896388)
(0.281605323069506,0.0390448732697480)
(1.01424486711935,0.242888257730819)
(0.683570159974366,0.845388887212710)
(-0.423454865923055,0.242890566710370)
(-0.417608757547165,-1.80535444974336)
(1.73186285357011,-3.43290541885485)
(4.69201834613374,-2.83048864583038)
(6.29921029569152,-0.371879323921870)
(5.97239977505988,2.07570052953413)
(4.84812087965627,3.45818837465117)
(3.86231096160772,4.26774193325455)
(2.71026337996580,5.08447326777691)
(0.941339494944932,5.42579121026877)
(-0.819443174477757,4.60440732975988)
(-1.53344739938283,3.07528715647343)
(-1.25806731748923,2.02944184237929)
(-1.08765956117118,1.76160439498241)
(-1.49391933888128,1.32797583555587)
(-1.57346996239440,0.135938824910886)
(-0.486772407486537,-0.892855555806395)
(0.952712969213089,-0.513958388884062)
(1.06930100691411,0.822236310268941)
(-0.303186554644202,1.15044350673862)
(-1.17949758254473,-0.489315467409421)
(0.251961437227016,-2.46722227376365)
(3.16100628763409,-2.26817322568623)
(4.76349279307118,0.442655864681544)
(3.49863700245410,3.25951954351568)
(0.799048320670889,3.75368406317410)
(-0.676798074603652,2.12748233543569)
(-0.0607257078764481,0.657173826969144)
(1.10257503769675,0.871116807886333)
(1.04749226941751,2.02189782761496)
(-0.180801644315095,2.41961335291462)
(-1.18191687490907,1.56155887306176)
(-1.10356360200154,0.414580236101510)
(-0.431796798370364,-0.0609054697566654)
(-0.0115760499258476,0.0439778695734530)
(0.0365140863139607,0.113761206449850)
(0.126182720779803,-0.00798570667164642)
(0.369506887357614,-0.000751522898864113)
(0.445123768149641,0.224492305989122)
(0.222919322645695,0.318038815392062)
(0.0522276385964806,0.0603663672829917)
(0.254080571857939,-0.248520192678692)
(0.623005426415983,-0.202390909053995)
(0.702463155790583,0.122849469574149)
(0.417603805010327,0.272212503246027)
(0.154988590550639,0.0245967040405252)
(0.236298625606232,-0.367863579512922)
(0.575612255950919,-0.570813835242083)
(0.924638018505442,-0.539452224755458)
(1.20936396500784,-0.384825461020611)
(1.44462260218715,-0.0975340478281223)
(1.49370900188543,0.357063729270232)
(1.19280530094559,0.778083904304366)
(0.683117628700939,0.853739113078437)
(0.342617506324046,0.579164166500226)
(0.308298628564470,0.293199648656373)
(0.315204449306800,0.182293158591621)
(0.181861580972672,-0.00274301293922400)
(0.220781963215660,-0.483400957586878)
(0.815963807474866,-0.885646385478650)
(1.65702953043602,-0.561883441404094)
(1.84952039292003,0.436847582383845)
(1.02662776797174,1.12634290929177)
(0.0268510418159082,0.687885815035476)
(0.0148374092894754,-0.399556780179855)
(0.989149916191849,-0.816496331851513)
(1.67167485166214,-0.0737780510290249)
(1.12723387751055,0.747375232169556)
(0.106101188413944,0.319607661056377)
(0.250601013710675,-1.10208803727459)
(1.99552679958364,-1.74307654979032)
(3.78635167192200,-0.363675911731373)
(3.70734565870542,2.15566109134898)
(1.62710504621040,3.66295514847997)
(-0.673214771120940,3.02148575780123)
(-1.44886285817421,1.16176851293686)
(-0.665791609957545,-0.153659263247508)
(0.375202611766332,-0.188130663032217)
(0.668830381425531,0.394259905345644)
(0.352657379159955,0.680501569862128)
(0.0837533975436623,0.516501549975730)
(0.103851604059820,0.311160389228730)
(0.168313458610483,0.285753686099299)
(0.103318252067105,0.278113542694854)
(0.0380738806235700,0.150227083515120)
(0.0932214665425200,0.0204487908496771)
(0.151315464712789,0.00773372375183130)
(0.0767210897325390,-0.00790072459473235)
(-0.0203927083218678,-0.200741747992943)
(0.0802359419776357,-0.505662328094575)
(0.396756070707114,-0.687688118879423)
(0.742742585046875,-0.646667284782471)
(0.997724508986522,-0.476013105569474)
(1.18994165851086,-0.233658682129340)
(1.28708070497007,0.137570522178517)
(1.11763261806946,0.581916835959318)
(0.643784888940268,0.814940649551912)
(0.168887144465673,0.628920697959055)
(0.0528948467914731,0.229609966263882)
(0.250068476063325,0.0438413346541117)
(0.351625830023389,0.176393306534250)
(0.144840423234998,0.278314075798266)
(-0.0878638675923862,0.0605571626332549)
(0.00950191586838935,-0.263935007474203)
(0.311483807920570,-0.275636267760335)
(0.352082206327254,0.0175185725120118)
(-0.00494591435154711,0.143282392881609)
(-0.341029734873485,-0.182558864813528)
(-0.258569352197525,-0.654956591587001)
(0.0779091237792556,-0.831278018963016)
(0.247075192008659,-0.763966278304805)
(0.255854796915513,-0.837625306506420)
(0.506460184829736,-1.04432756868760)
(1.02098765185773,-0.879486929303055)
(1.15370082420496,-0.176641822526543)
(0.453724506250578,0.341393420666009)
(-0.441798273533167,-0.145301755789249)
(-0.366124735124227,-1.29023588057772)
(0.806004332761953,-1.71137018356972)
(1.69210528112630,-0.700461561910529)
(0.990557734729197,0.626008031339467)
(-0.722379820042833,0.492146818054614)
(-1.45441159699704,-1.27587111901563)
(-0.217284572215779,-2.82017408516779)
(1.60959455451448,-2.45290270423194)
(1.88720285998549,-0.830609035339603)
(0.428871308347026,-0.242554627169376)
(-0.639171371098880,-1.74372439677215)
(0.538636342328044,-3.70903377915674)
(3.18757886944962,-3.70437175889833)
(4.72400120921563,-1.40544360318032)
(3.74191718280273,1.02069638323153)
(1.49988422621810,1.44775512740028)
(0.251192341809572,0.0408827277358578)
(0.711719331155614,-1.38080118868066)
(1.76455859452788,-1.70160349865483)
(2.36125299637132,-1.45581304719284)
(2.81786009709665,-1.44203465155829)
(3.86182738742336,-1.25931063619852)
(5.03154637846372,0.0953602441092687)
(4.87889163299237,2.46377025887695)
(2.83754228261121,4.18791459392403)
(0.233042795109779,3.86396308879125)
(-1.02713264461430,1.99535589853015)
(-0.507551588111111,0.418397405407101)
(0.483039697475475,0.229000687655598)
(0.613271962627363,0.776906370478109)
(0.00178425526265229,0.801622424905925)
(-0.272607425893747,0.0720547665200548)
(0.263749794113205,-0.523431394992991)
(0.929786593556451,-0.310727844934298)
(0.896686087134623,0.289747503925244)
(0.268393792294177,0.384515922363423)
(-0.129424345054944,-0.253888128617380)
(0.202185262914621,-1.01375260796444)
(0.968427183515625,-1.27373599580036)
(1.62440876930245,-1.02371567225048)
(2.00585261995710,-0.588790674735006)
(2.23285003658466,-0.0802961780827343)
(2.25038147347413,0.584378226290137)
(1.82793762356686,1.25349340513632)
(1.02255652579572,1.50001972504865)
(0.333230836543057,1.13283007133703)
(0.201163421898618,0.530475390904755)
(0.489799741464733,0.255263729118549)
(0.667013092161266,0.410406305360249)
(0.467566940288426,0.582259655178505)
(0.167384768278797,0.423264108521495)
(0.145629534628550,0.0818443459242396)
(0.369090897689941,-0.0637869171547641)
(0.488086532329400,0.0536637166852924)
(0.356579853454716,0.132166849568735)
(0.224095196636183,-0.0328008311835161)
(0.346903033301905,-0.243334743497673)
(0.589860968546712,-0.187216690082372)
(0.589100372734794,0.0944130799860710)
(0.253691802823398,0.219594567804827)
(-0.0822016828570266,-0.0508992929675728)
(-0.0612356647247823,-0.506341775524552)
(0.276985206730611,-0.747860918307634)
(0.585036731792416,-0.652145879038594)
(0.637736279478316,-0.448044873487489)
(0.529756921717721,-0.380555703519578)
(0.458806516482920,-0.457810238036461)
(0.479561995084781,-0.563374567357067)
(0.555897787391310,-0.658090718093375)
(0.718807751616824,-0.733963515617963)
(0.987514092932115,-0.662731040901045)
(1.16490553709387,-0.309340606728135)
(0.939414694228181,0.156385603729236)
(0.319014459712585,0.264627642271117)
(-0.183164314636935,-0.245467158821194)
(-0.0238190072085211,-0.992502557885036)
(0.706212233209878,-1.25564125501232)
(1.29848027876476,-0.770955190488724)
(1.20421362400401,-0.0420341089791023)
(0.622172507147603,0.272709509411908)
(0.134852652469703,0.111064315194713)
(-0.0854422824502080,-0.107094597562716)
(-0.354144543036974,-0.247288479042530)
(-0.728655630880291,-0.671279051269268)
(-0.662886711869849,-1.45973144762299)
(0.146234004029111,-1.84283258388048)
(0.811405366560236,-1.06263318245625)
(-0.0623766268417825,0.158711612994092)
(-2.36567931161193,-0.209362885117331)
(-3.76216406909169,-3.14640422146730)
(-1.94318030925917,-6.67902249287340)
(2.26717257677192,-7.39127214579261)
(5.01895407417045,-4.39016240183083)
(3.55993577715482,-1.06885369880679)
(-0.0437760263455177,-1.76410786659489)
(-0.501795268933135,-6.47951588813890)
(4.76089273147407,-9.99018376212156)
(11.9649508267203,-7.18853419722707)
(14.3889176184262,0.957204766379073)
(9.52982250025301,7.85627442336255)
(1.93814234581487,8.09212790080744)
(-1.66556802315583,3.00240423699250)
(0.547719936659384,-1.25756711019972)
(4.28547204536653,-0.704761107514465)
(4.70780126039995,2.63539424325104)
(1.83532926979236,4.08898180942218)
(-0.410919248286639,2.19263441206958)
(0.399630049527252,-0.146345633851414)
(2.44849615999505,0.0311663668256697)
(2.60548333884711,1.96062942262344)
(0.678938009077682,2.61721063523317)
(-0.625410306992309,0.970961616647479)
(0.431954922135202,-0.783388122286300)
(2.35563464069024,-0.373508009272615)
(2.60398443191627,1.54791566851985)
(0.964574157722540,2.50046221040205)
(-0.452692547304189,1.54741708968271)
(-0.250737244834245,0.243520157135084)
(0.585372458663134,0.166502474054017)
(0.486911972500724,0.790055307356086)
(-0.342653293881288,0.616360881534865)
(-0.454009244053303,-0.398720812392489)
(0.450972009637722,-0.829779146953160)
(1.00594895553568,-0.0826961237423053)
(0.320527366100371,0.629249908327164)
(-0.622126469266951,0.208083114965589)
(-0.641471746538496,-0.548512220141278)
(-0.531780964818340,-0.374989796230119)
(-1.92122026772948,-0.201892150683287)
(-3.95496872415079,-2.49035816662718)
(-3.06493711285377,-7.18500724580967)
(2.47481099266873,-9.99239510043551)
(8.80247623878907,-6.77188951188603)
(9.62457422504443,0.560058942529751)
(3.76322978361681,4.78006442983191)
(-2.34118038604734,1.37626937069184)
(-1.56146525472649,-5.52257745813066)
(5.17378145447735,-7.46568787235320)
(9.46920816676032,-1.97406429964686)
(5.66698374217794,3.82593826471391)
(-1.49419829771489,1.56862441567337)
(-1.78348513517008,-7.56273599509260)
(8.18702475913024,-13.0431687106947)
(19.9703521215885,-6.74178085225552)
(22.0809794289615,7.45554060447120)
(12.5147978964163,17.5943435890267)
(0.470317678574290,16.5195541182738)
(-4.25115495990055,8.67088516290702)
(-1.32917294936139,3.61694024377786)
(1.76583793542316,4.97957357300040)
(-0.205621314496304,7.86126584201092)
(-4.61746233237797,6.48344012344290)
(-5.66710420573660,1.52366722364653)
(-2.22038576641531,-1.60590437550164)
(1.23357236543800,-0.163045959183404)
(0.814997103798305,2.76542588668977)
(-1.99316297143326,2.79494961696900)
(-2.87483830353337,-0.115846106880793)
(-0.482838116467480,-2.14513111991747)
(2.17811086191928,-0.914131063865488)
(2.04205121000313,1.63388079520469)
(-0.125536152978903,2.16154500726757)
(-1.13199669050426,0.309623503320339)
(0.315163230021831,-1.20572485698997)
(2.19202382539143,-0.418400269634294)
(2.13560968703307,1.45303878641138)
(0.529594731347023,1.91920677074411)
(-0.259776375937808,0.569015531927233)
(0.878527581918077,-0.575247204663262)
(2.46087367404588,0.153989104896115)
(2.46751452216754,1.97499819877254)
(0.880533309359602,2.79199325769284)
(-0.453651686141343,1.80613522675616)
(-0.124746400956558,0.300570709140631)
(1.36932373462633,-0.0213228989402728)
(2.45398841578317,1.17185858646101)
(2.17212480504011,2.85201663427558)
(0.764742630231017,3.87902558962994)
(-0.970989387216744,3.80309639072784)
(-2.33073212492785,2.74000615352731)
(-2.80956541326929,1.09738499326504)
(-2.18333564959101,-0.426210231522341)
(-0.831485155729476,-1.04858636810872)
(0.296586616281286,-0.550200790219221)
(0.455777269910926,0.377033474336069)
(-0.137758699269229,0.761172068244596)
(-0.584356312878280,0.373929558311774)
(-0.374660080894584,-0.117247817779328)
(0.0788513071841081,-0.0802673846604001)
(0.114141546853001,0.288252863222247)
(-0.249555680005414,0.335949658906624)
(-0.390458406388493,-0.0769056787069091)
(-0.0162333796258824,-0.383923344999242)
(0.396505352646909,-0.148820926377492)
(0.288628660599299,0.279815673100662)
(-0.151351680057239,0.254680151728170)
(-0.228997519605544,-0.216234715969480)
(0.241255177026240,-0.432510202438116)
(0.598148947614763,-0.00300725186946936)
(0.237890679213515,0.509003124333582)
(-0.447663170140619,0.298764471811085)
(-0.491546425868555,-0.489855185572907)
(0.282814027153542,-0.789282163738625)
(0.795309046327416,-0.0253933579032014)
(-0.00660950472700934,0.859517922445375)
(-1.57597073363428,0.309818451038032)
(-2.00787080522146,-1.86089590543079)
(-0.123412175187293,-3.82117508389603)
(2.93461797075960,-3.45188470643848)
(4.59498687051759,-0.675735342520933)
(3.43630442816975,2.26966541067446)
(0.642401465624231,3.03138251105866)
(-1.26658029630480,1.43908131880004)
(-0.990357468991897,-0.557963105946388)
(0.492242568650225,-1.08942499257640)
(1.32309612142269,-0.172340198097951)
(0.828865802942431,0.728908384532656)
(-0.0567766120318494,0.581889259884664)
(-0.203160676905668,-0.180809656921065)
(0.361590102634855,-0.487256968380787)
(0.700175139372286,-0.0568890801429564)
(0.287650530256500,0.345058633808507)
(-0.326686880193766,-0.0132706973235206)
(-0.253933885129984,-0.873384551105084)
(0.620438713563668,-1.30155155898687)
(1.50328686413827,-0.790225325721201)
(1.59977387282542,0.205760322792720)
(0.920094461783499,0.828119917552263)
(0.136392998360844,0.696369670077979)
(-0.170316143392006,0.138250142502455)
(0.0248919281804833,-0.291307628744364)
(0.357208652744422,-0.326221695985081)
(0.475631271043928,-0.0770367664007709)
(0.254619462310630,0.165882047191356)
(-0.191875901034518,0.118486279923918)
(-0.552749609916626,-0.350212258399226)
(-0.470197605089295,-1.06798722943004)
(0.155467371647724,-1.58180119942156)
(0.977782561114926,-1.50689343835367)
(1.45979838008046,-0.923636964092879)
(1.39713159061177,-0.321685003010042)
(1.09607288054419,-0.0728511152842442)
(0.948614634721958,-0.0573819573395474)
(0.937918091474389,0.0685459717909915)
(0.740781288052712,0.325643444953895)
(0.286126315552155,0.359884811854542)
(-0.0421655779372350,-0.0125506707724154)
(0.0949720124948525,-0.442822426221006)
(0.467483185932340,-0.453515087258950)
(0.524217209513017,-0.102029685457264)
(0.144882922856438,0.0615655862420990)
(-0.169723785712524,-0.228788339408825)
(-0.0379820053085698,-0.523204208648167)
(0.119436561219128,-0.299272249131500)
(-0.458574719107106,0.0901226631205543)
(-1.67561048429016,-0.438113094195242)
(-2.23324422377971,-2.35443173086644)
(-0.875348263140140,-4.54961420062430)
(2.04667315455796,-5.12723415245962)
(4.57885506216811,-3.30516575428444)
(4.93859233849613,-0.341282504082038)
(3.20649302804789,1.61137052881706)
(1.13668417383040,1.52058429183359)
(0.365295283612986,0.251801290701771)
(0.958737141293031,-0.558689226150532)
(1.68666737657430,-0.177042226855957)
(1.47927090408368,0.723779773021908)
(0.451458592424569,1.00711756716797)
(-0.406030146177935,0.290999141237074)
(-0.332638068866597,-0.763144119189848)
(0.466787328571418,-1.20655272518167)
(1.08591530399635,-0.760957198334580)
(0.841535766921116,-0.0783606187142349)
(-0.0269472461497888,-0.0920598621999646)
(-0.551197759749963,-1.06490949603969)
(0.0176457015694162,-2.25632824583578)
(1.41360148401518,-2.60355141056669)
(2.57189856780963,-1.78770468769397)
(2.70017257909177,-0.552733215525323)
(2.05475658087150,0.116569385267053)
(1.53191240497467,0.0421172105265349)
(1.56624684787958,-0.102684206922561)
(1.69149129901092,0.228574568766756)
(1.28774759592686,0.725202948561419)
(0.498450098019116,0.681695189518034)
(0.0802631139333775,0.00738742527791938)
(0.397071119402998,-0.600266504865813)
(0.940305640864742,-0.553294637541643)
(1.02074553797960,-0.0992948885488169)
(0.642969568510598,0.103403148349189)
(0.353679899178600,-0.0989576262447164)
(0.366819549742042,-0.275289728670957)
(0.309205682993907,-0.209339078628293)
(-0.0506127522879692,-0.288997541452217)
(-0.279753579083497,-0.834339278308471)
(0.113701612974970,-1.41460882346435)
(0.811868737315703,-1.33790776051508)
(0.986602840099543,-0.697899477239221)
(0.474262624956515,-0.330508450308859)
(0.0196178008156591,-0.577800340692156)
(0.0222975799908334,-0.750604952349182)
(-0.326573837782786,-0.389839290477135)
(-1.80282985683698,-0.565559904190102)
(-3.24316795379548,-2.80261593879941)
(-2.10923107748667,-6.45398369823472)
(2.28893961041376,-8.26072234226071)
(6.90079884174831,-5.69217190839512)
(7.61528918222659,-0.427392917518293)
(3.98706277450485,2.84213016290117)
(0.0699737510142201,1.60428229851258)
(-0.278108097887882,-1.54190322321761)
(1.97322809608083,-2.24752078338930)
(2.53608604184196,-0.0714611287010394)
(-0.238767254270582,0.991421009787622)
(-2.84215841007458,-1.88677042632631)
(-1.28677150011486,-6.02877661709497)
(2.99952347752537,-6.48145752803443)
(4.42821444090485,-3.08150630811372)
(0.912792169562852,-1.68766599859606)
(-1.99443249866930,-6.78605631455153)
(2.98624097881537,-14.3276798371766)
(15.1601666241598,-14.6955788346154)
(24.5648618304679,-3.59189123794359)
(21.8828803545671,11.8557106820460)
(8.61399253804181,19.6247143022382)
(-4.31922763365346,14.9457314988041)
(-7.88965571100513,4.36545678648244)
(-3.20411974472546,-2.25931631604626)
(1.91729693230236,-1.86133216210277)
(2.52665784907772,0.872026847418478)
(0.641467789055297,0.950455761410774)
(0.502059643665467,-1.27382422958980)
(2.65349615658401,-2.38350221912855)
(4.37303521751587,-1.35685777337214)
(4.42843177487876,-0.386372892901361)
(4.74873338207799,-0.790049455046962)
(6.91144427326509,-0.635757237325257)
(9.03927425482881,2.33649105187298)
(7.92420387830823,6.84770009606426)
(3.52666973991353,9.05015742599620)
(-0.510809277973015,7.25803769985848)
(-1.21428246899159,4.04035546025553)
(0.295581732036865,2.87169756256484)
(0.735283757367735,3.89423659189797)
(-0.903268756631288,4.32093656659848)
(-2.37489555332718,2.54568883328309)
(-1.59485116977188,0.212831052030963)
(0.537420003417441,-0.283380756984953)
(1.63215322798527,0.965374625009799)
(1.13751524091146,1.88631078770372)
(0.711765956200631,1.58984466810742)
(1.38095702302195,1.46402724446302)
(1.84730873373344,2.72873158843269)
