1096785418585585487051643762992.
0.040000000000000001
(3.04945162143435,-0.531068241837413)
(0.00630850090613002,1.02300179845460)
(-1.92050616375388,-1.83791006488290)
(0.815141687047847,-4.48934414554818)
(4.41806198408788,-2.34799196200051)
(3.42192146214245,1.89874095850691)
(-0.860955661447041,2.18564731868370)
(-2.16704136194488,-1.70613057435967)
(1.25140900236003,-3.74492618083366)
(3.98079486342827,-0.784664586395410)
(1.69369385547197,2.70636521714869)
(-2.35076972957683,1.52202512867650)
(-2.45547430037628,-2.43568839491405)
(0.802140775721967,-3.37480972763217)
(1.80171751161377,-0.732226474803311)
(-0.983639252478806,0.108804282848553)
(-2.37626392355498,-3.34500372450354)
(1.27780644216301,-6.21881316548160)
(5.78725226960318,-3.50879633338082)
(4.87634786187270,1.87092452184027)
(-0.364449483990201,2.83197522702614)
(-2.75083843565939,-1.60347865795469)
(0.635521450582926,-4.87462279322236)
(4.38980016251557,-2.49962081082220)
(2.92490417426976,1.59816541218206)
(-1.51235061543631,1.20416654198725)
(-2.62064062175787,-3.19013532231007)
(0.718041502303203,-5.79728427564388)
(3.71460590759629,-4.35817817202382)
(3.64316280730577,-2.56377048286277)
(3.47949328111685,-3.08882426660363)
(5.84449207699574,-3.07055304695286)
(7.66721127250939,0.587655055277880)
(4.72741310307551,4.91399055344493)
(-0.921181087344213,4.34985719702004)
(-2.85187371735169,-0.790273078815733)
(0.683713626555414,-4.13309399606168)
(4.24098396853202,-2.16507482870970)
(3.19097248797441,1.06502968839993)
(0.147025131319770,0.444632426435287)
(0.278773663936861,-2.66216063139314)
(3.23048893449106,-3.27003421835297)
(4.31029823679967,-0.980240986586055)
(2.60606158497854,-0.242797807253595)
(2.55862270683259,-2.38747121281766)
(6.13218813279639,-2.71597418942166)
(8.37132958590982,1.88728888933627)
(4.48419045728913,6.69579766774666)
(-1.90926094495367,5.10694713416715)
(-2.84923422778132,-1.25529457933538)
(2.54631544307594,-3.96864800291004)
(6.37922557863097,0.338706996470948)
(3.21381980309458,5.07677018586738)
(-2.13502997865120,3.36638606088195)
(-1.98027094423820,-1.91753461533498)
(2.67849433319702,-2.79870318214745)
(3.88801347724029,1.44374647720357)
(-0.750706439822092,3.02016522291476)
(-3.81037557371922,-2.34155121512058)
(1.13610087141011,-8.13419653389027)
(9.48401686103705,-5.83079885784185)
(11.3791162794732,2.90498858725321)
(5.06999772139099,8.32320202372085)
(-1.31511726666579,5.74069881404556)
(-1.41041060422708,0.767133461736347)
(1.65649485038761,0.0947984608346150)
(1.70425447384724,2.39004746356983)
(-0.975827447023426,2.13750467059201)
(-1.30428116525374,-1.01427220647370)
(1.67937814586711,-2.20714785902875)
(3.31759047188926,0.230496177236833)
(1.16996571863060,1.95314135110320)
(-0.871620241971234,-0.243085039597164)
(1.12382275483087,-3.07954840385290)
(4.68246774538008,-1.99875057358220)
(4.83352277458301,1.48601507751870)
(2.11879591573630,2.25470961353310)
(1.65602683023956,0.00340949842593151)
(4.51547612436855,-0.106381895357668)
(5.38945555527005,3.92631001181770)
(0.955963341415255,6.77326288996518)
(-3.95794904069495,3.45175533322519)
(-2.74786324663765,-2.50376833221351)
(3.06268239112129,-3.40437704815125)
(5.56815752649124,1.56868142050494)
(1.76012313538373,5.17494416112047)
(-2.41327209300306,2.72497302236269)
(-1.20778000648438,-1.39238858183317)
(2.51752061088724,-0.900730088264033)
(2.26378652464052,2.71948055517560)
(-1.77641010478603,2.89066936993437)
(-3.08493139667979,-1.51995130305720)
(0.864155261306819,-4.32217229087621)
(4.58412971647182,-1.66759470138596)
(3.17470790282386,1.97263039718128)
(-0.0104609193920603,0.987741358753206)
(1.14341079060619,-2.31898478797070)
(5.35870239195128,-1.32261266782349)
(5.42493696313574,3.93917523998581)
(-0.318767582079681,5.78944936890330)
(-4.23572534463634,0.375973036493762)
(-0.0626896932653980,-5.58822097770217)
(7.44268838380530,-3.72151829141280)
(8.62291109539943,4.00117094946142)
(2.35703124965880,7.82771768724058)
(-2.65725850480967,3.83737151698200)
(-0.428612611663330,-1.11869875591361)
(4.37611386440869,0.173085048208728)
(4.05977833563884,5.23937998653714)
(-0.947453609834303,6.49031938271192)
(-3.65999042950411,2.56654795816069)
(-1.31397367515338,-0.542297078422216)
(1.28971240300734,0.846608314556328)
(-0.00748973960550094,3.07009577013868)
(-2.48413157920377,1.75099212356140)
(-1.60530767947962,-1.16481539440322)
(1.42429685478608,-0.969818751516711)
(1.76075086212814,1.93842016897537)
(-1.07771880367539,2.70260123570102)
(-2.38921269063805,-0.0574104618185957)
(0.0702531339506488,-1.96119646234786)
(2.38673109556086,0.0350456988011665)
(0.791397707856669,2.61193671672747)
(-2.11657463830239,1.35349075941836)
(-1.36367133316433,-2.00447106607653)
(2.34735223825520,-2.06516175900373)
(3.41727618196821,1.67048792900176)
(0.0424920101640455,3.71980656451824)
(-2.78332791258841,1.00207918685126)
(-0.877085182196016,-2.32174322446109)
(2.67586446786777,-1.24641844464675)
(2.36034222951094,2.33474567992401)
(-1.13815465168754,2.67564630369040)
(-2.06155220401800,-0.717245151188617)
(1.24141797802912,-2.25415116188693)
(3.54365812179497,0.872745758526062)
(0.902302366068367,4.04925379409907)
(-2.97622522767351,2.30456103066029)
(-2.32078614304207,-1.83669685745552)
(1.70721680608519,-2.12261158784088)
(2.71828603895175,1.71364131787042)
(-0.961762740689093,3.46092507612163)
(-3.58678902493528,0.103561198112183)
(-0.903335240366731,-3.35828170724203)
(3.11419898365321,-1.59984913403439)
(2.31860187561679,2.67857700210989)
(-2.04031500158031,2.82610356988221)
(-3.16146106427276,-1.44157743491817)
(0.767646633869787,-3.52897473292648)
(3.69646749568554,-0.180480319887831)
(1.08323018952080,3.40800926437853)
(-2.99586671692951,1.62919983848573)
(-2.13790921569209,-2.76853519640537)
(2.38371992435642,-2.89057797618623)
(3.51175415683523,1.54999941468780)
(-0.618000965556567,3.68107926088761)
(-3.67104079913539,0.122529544746492)
(-0.892962471864420,-3.66418525169810)
(3.42869220511019,-1.76425430177445)
(2.49894558237026,2.96601795933791)
(-2.45544362741062,3.20158849241563)
(-3.99378310545668,-1.56395408910001)
(0.0943226943097741,-4.21151590466534)
(3.40090183499944,-0.986756535896388)
(0.860350806391032,2.70743455191895)
(-3.34840497723174,0.731469527434049)
(-2.24733866319087,-4.16840765104198)
(3.07311781532529,-4.47735002476552)
(4.99240790009665,0.536384241447344)
(0.964943858444529,3.67157014791041)
(-2.71023036640768,0.800461305683026)
(-0.696614628151952,-2.99096231458049)
(3.25712461250329,-1.52534584004292)
(2.40786837168930,2.82186127182263)
(-2.29594635964247,2.95443193960898)
(-3.64579595750282,-1.69833116082023)
(0.516430343396773,-4.13877144377183)
(3.78951436257869,-0.650242920548902)
(1.05496647111848,3.34979574154683)
(-3.58662011717005,1.61362077270200)
(-3.11580551648781,-3.31927848388868)
(1.62897476118919,-4.06610963338741)
(3.33453727736749,0.268479699957286)
(-0.545149531693163,2.88356871741045)
(-4.14419834047392,-0.187370148138727)
(-2.47599292651990,-4.32922720593510)
(1.17377971185441,-4.03798545910270)
(1.18976537387996,-1.48424391271215)
(-1.01122969909033,-2.30648067901380)
(0.495744067476138,-5.65084022372803)
(5.65891055318286,-4.95070855550589)
(7.22771472014738,1.17127777623612)
(1.74201402140802,5.29456624781534)
(-4.16161447909420,1.63064308942994)
(-2.73534130726906,-4.96495082077695)
(3.58039379709121,-5.63147075138674)
(5.78009649500535,-0.298484663534826)
(1.61326211773659,2.63609439832857)
(-1.52677819510862,-0.779021636208486)
(1.63460348953404,-4.28984406027453)
(6.07071686204746,-1.50076813710900)
(4.41179274477128,3.98749309589348)
(-1.45302938127430,4.10351942322732)
(-3.21538498729479,-1.17845469004548)
(1.03922783877170,-3.85731236532529)
(4.05814345582813,-0.372587760285931)
(0.949122275649247,3.02508002757464)
(-3.16741251458423,0.371467787844292)
(-1.45323338553997,-4.44958601020426)
(3.55823859646233,-3.91935934109916)
(3.86848313862576,0.871382265437621)
(-0.962201107789138,1.61378752537380)
(-2.47618445006209,-3.83185705328210)
(3.44744332552597,-7.15874384728288)
(9.24072808358900,-2.02468942929809)
(6.41385029471747,5.57383705718602)
(-1.40282261110814,5.54382563548979)
(-3.39936103854377,-1.28553812594533)
(2.37158074631116,-4.29074618136611)
(6.14435249185338,0.942649805548929)
(1.38387329932605,5.94869404530346)
(-5.12149222944141,2.36985820708593)
(-3.54468716915724,-5.09751812121821)
(3.88728943913601,-5.67856607262812)
(6.11392921493563,1.07014080773825)
(0.0348592010409695,4.47636778912492)
(-4.68189579584535,-1.06511306358729)
(-0.171374963085912,-7.49638966970574)
(7.75336980655535,-5.11841793548629)
(8.29006230689250,3.03948387458661)
(1.49716643034581,6.06311278073425)
(-2.56436826302207,1.36375318978987)
(0.639146923553010,-2.44343607475127)
(4.03103939634249,0.403873420830292)
(1.02940845729927,4.15407003917095)
(-3.76134776701518,1.45927281980318)
(-2.13219201041741,-4.30266124777768)
(4.08882382865868,-4.07254381478880)
(5.24334088802637,2.28223224311702)
(-1.10067039095927,5.00022602611294)
(-5.76623568370313,-0.796260946963687)
(-1.57853538635284,-7.29567564833520)
(5.71816945236953,-5.52129304989783)
(6.10343958873920,1.26896452357861)
(0.309127504791740,2.80745196259783)
(-1.76171368365009,-2.46278343185668)
(3.43922691957173,-5.37531924992364)
(7.73691903287471,-0.606415987838824)
(4.19485963010759,4.94354322375017)
(-1.90292576379644,2.94875190248994)
(-1.18915052053374,-3.25172363289045)
(5.18764373794603,-3.70514333713871)
(7.22379360667284,2.76375309030932)
(1.43568548567879,6.69673743296853)
(-3.86258592774204,2.52431095317002)
(-1.44637813825701,-3.05801147415726)
(3.85786579748448,-1.69265426729443)
(3.02041163145664,3.72831762545614)
(-3.01855741612403,3.86765491512476)
(-4.98694669399625,-2.31745503562512)
(0.0850641208925857,-6.07302141121480)
(4.38361900247970,-2.76194931909997)
(1.98392561505483,0.936233888631714)
(-1.52507422420945,-1.96158338338552)
(1.98011896327126,-6.96175891883820)
(9.48760310647122,-4.61229223598979)
(10.3792597650850,4.32091818037502)
(2.46493706342660,8.84719988123701)
(-4.11374448193847,3.68123953206557)
(-1.55944202138667,-2.98901035233550)
(4.44782859140224,-1.83619726332968)
(3.95012208465259,3.96260451487970)
(-2.12677570078187,4.39201469693878)
(-4.04720281491447,-1.65959597841785)
(1.20290756551330,-5.03752974966315)
(5.38156664202722,-0.995470327693884)
(2.27179633880261,3.41936267196711)
(-2.44352030130653,0.798638254205169)
(-0.375380840173399,-4.65598541608233)
(5.93021786874366,-3.74561676546815)
(6.71822177194270,2.89194916275838)
(0.493326315769536,5.36685826655787)
(-3.26748397891604,-0.0108900722648670)
(1.16732497397971,-4.72098787831452)
(6.65801016045624,-1.29873796702158)
(4.35674070510597,4.77008371202701)
(-2.08838272569625,3.55692089797068)
(-1.91745479424054,-3.33079408480399)
(5.60329141537295,-4.59860709350447)
(9.14720572669000,3.18335463838466)
(2.37273326024102,9.45235705045594)
(-5.90548701429653,5.12019724744271)
(-4.49897624907789,-3.63267229486082)
(3.54698721591649,-4.49945896578070)
(5.82628363407067,2.63333076291329)
(-0.609622873000269,6.07407592787577)
(-5.32765175842403,0.504510862594518)
(-1.11175024846274,-5.23440312069219)
(4.98488176732693,-2.45660558657250)
(3.16604635706937,3.69031597254891)
(-3.44428044969912,2.60048690678995)
(-3.76182620574466,-4.79624309438097)
(3.62099338658385,-7.41723671024007)
(8.22144836432712,-1.59708972300635)
(4.50442067848637,3.24272228166385)
(0.765069132560457,0.157538658539550)
(5.25730681725490,-3.44501200882513)
(11.4284033001424,2.43806266392991)
(6.93708673890057,12.7949302360823)
(-6.12195010304495,12.9485697706015)
(-11.7962488541721,0.680548851443935)
(-2.95562396482928,-8.65577883744085)
(7.56456343628075,-3.54806579758382)
(5.19014387978270,6.95824864509825)
(-5.27780108741278,6.70764474245477)
(-7.32353616313115,-3.66233623519765)
(2.30903711289251,-8.20439869025743)
(9.03430604171050,-0.0976113257483811)
(2.91240576022585,8.17741887598226)
(-6.31831814786975,4.18725789884246)
(-4.49784533607237,-5.50707366606221)
(5.18794600501718,-5.82606333179226)
(7.49923155912721,3.41440474076968)
(-0.972107981589208,7.48169444782238)
(-6.57125733142971,-0.0318658520007231)
(-0.145571544503527,-7.05339488351370)
(8.30980898486356,-1.96242775029104)
(5.06168377639398,7.85619056709959)
(-5.65927578603300,7.08119640603460)
(-7.69131994939075,-3.65678852209975)
(2.14846656867706,-8.28182396850709)
(8.84724010987684,0.108248989698595)
(2.16553467020746,8.45292118806639)
(-7.50382401278929,3.76001256431017)
(-5.11009278176354,-6.76958612208836)
(5.70022988136281,-6.77034173057580)
(8.03207185294186,3.90499353853083)
(-2.17225438422301,8.69474772231749)
(-9.65193946072788,-0.287181791313214)
(-3.09768039120589,-10.0828315589592)
(7.67140879226267,-6.74174124227835)
(7.08614506997573,3.50094802737969)
(-2.20029893848439,4.42526638416315)
(-3.98741239967490,-4.65018895631227)
(5.56293296872421,-7.93495614687997)
(11.4495917360654,1.61341676667056)
(3.29684257182360,10.4273849716028)
(-7.70748015285725,4.90586830145732)
(-5.31129590159606,-7.15809493185328)
(6.85027747506675,-7.88496703380295)
(10.5251420157396,3.55322074107198)
(0.592706188242956,9.75221497131042)
(-7.38231201486908,1.82139082012430)
(-1.43089461933246,-7.20004243289743)
(8.35477068680944,-2.95726115087018)
(5.84334249741008,7.68639893431024)
(-5.59877414598322,7.38611559847830)
(-8.04743532933672,-4.27573773605526)
(2.91934788924212,-9.59245961935656)
(10.7580016317845,-0.115096654556230)
(3.24693614110439,9.77196600667182)
(-8.33194497616819,4.61171172880127)
(-6.09286824796464,-8.23401075175546)
(7.12642961344902,-9.52442544053202)
(12.0220811531562,2.67624309657827)
(2.12080844624599,10.3371643033034)
(-6.92847000161153,3.15605477824080)
(-1.96131955660020,-6.26935346231046)
(7.70512314616601,-2.83384742115882)
(5.70826378988001,7.42202452424089)
(-5.19484244157757,7.35333487689605)
(-7.52316440113768,-3.68779041257761)
(2.93730605825301,-8.46004600851499)
(9.91769955166310,0.869013585029732)
(2.12326886685481,9.81025419349854)
(-8.51598639590211,3.98377361028901)
(-5.09950657465803,-7.92575623214465)
(7.49328899002585,-7.21579280774996)
(9.60721848487459,5.44506922304407)
(-2.51818224255973,10.4014044452796)
(-10.2429337721976,-0.536305611893483)
(-1.18954308920476,-10.7723607380923)
(11.0727337464693,-4.23641034771999)
(7.52720391095354,9.39371874351092)
(-6.71183809878978,9.12538781594914)
(-9.81374807497959,-4.90184584525447)
(3.15935006600575,-11.2439411379751)
(12.3640824975978,-0.109004009544191)
(3.68298282951301,11.3629122899897)
(-9.35591264624695,5.50043872403708)
(-6.45714258900836,-8.45453837241720)
(7.86715422632382,-8.59676246989716)
(11.1625479349051,5.52432692624602)
(-2.00651568918154,11.9965907917667)
(-11.3621222701328,0.611769996705474)
(-2.38462907517103,-11.0148814683136)
(10.8648570945550,-4.73645370134340)
(7.46171169800145,9.65063277067405)
(-7.58413038441740,9.40926978047551)
(-10.7814939926673,-5.56677258738004)
(3.20286518716619,-12.1662260549427)
(12.8014458627876,0.0253826908077816)
(2.93482482349732,12.1045324396663)
(-11.1640665467269,4.99126105826202)
(-7.29148577609835,-10.5988451360024)
(9.00343389382062,-10.4000091836782)
(12.6080760630382,5.60372708709967)
(-2.14814690040644,12.7546485340450)
(-12.3441574100362,-0.0291015518897578)
(-2.02425366371625,-12.7176624347112)
(12.6408573313264,-5.23057383119443)
(8.33196180420920,10.9021477592641)
(-8.68330440774469,10.1170366806560)
(-11.7149313588010,-7.04658072965135)
(4.69058321999266,-14.0321039477951)
(15.4893254182730,0.585955256427523)
(3.66858719038035,14.6859234874818)
(-12.8731675085220,6.43869276793179)
(-8.58894486876361,-11.5361603505894)
(9.91040591779258,-11.2854778937578)
(13.6762078546816,6.98253803758144)
(-3.56973710265148,14.7599698820021)
(-15.1825977168303,-0.507151272192489)
(-2.84338809100622,-15.4025644927702)
(14.5017487390543,-6.65561224428389)
(9.72163037751040,12.2958344810528)
(-10.0158317109839,11.7757948650580)
(-13.9514688315397,-7.74242353263197)
(4.18972466014331,-15.9117778722189)
(15.8691836578369,0.00664021478059599)
(2.38626446058140,14.4970847241548)
(-14.8467309730883,3.47946128352630)
(-7.02098268156848,-16.8421457666935)
(16.0955769165139,-13.8360642284246)
(19.4690541769707,10.3748079700983)
(-3.23703116290830,20.3662926983077)
(-18.5564505522391,1.28984562280909)
(-3.92345807870959,-17.5692121821468)
(17.2859486343133,-7.32552123665280)
(11.5039547449692,15.7109936470585)
(-12.7632915937987,14.9462043727483)
(-17.5692233221136,-9.39421648863997)
(5.36433627122163,-19.7903761120021)
(20.8361777220527,0.396639061561184)
(4.45547370173105,20.1689977315566)
(-18.6897401812779,8.45335269113787)
(-12.2801193096398,-16.9743173515199)
(14.2670310094747,-16.2420006793297)
(19.3979275995433,10.2707741340628)
(-5.84085101719998,21.3242821405149)
(-22.5871153391159,-1.24556240701128)
(-4.03881188084771,-23.0030859247343)
(21.7265846099325,-9.54246775813487)
(14.1779456884950,19.1220592153004)
(-16.1030031976011,18.2132822534244)
(-22.2988338087014,-12.0467085822660)
(6.12340347000114,-25.2202784927340)
(25.5977287023550,-0.204991568681604)
(5.21961319325145,24.7248099090350)
(-24.2506225498808,10.1845667763179)
(-16.7903096922793,-22.4823437501885)
(17.1146539258437,-22.9169078081462)
(25.4007085139659,10.0824312709652)
(-4.95322018597690,25.4994008898695)
(-26.6213743941945,-0.969872479869959)
(-5.09855094644558,-28.0671168480998)
(26.4805610142845,-12.5811032458045)
(18.0394266417064,22.2047983432143)
(-18.3482232610615,21.5124049091433)
(-25.6356695802342,-14.6928883096792)
(8.68842647461144,-29.6701084283107)
(30.7540911767849,1.43137530773422)
(3.91351665048420,30.1053310420916)
(-31.1766690805074,8.80379733653449)
(-17.4465020000708,-32.2292939223982)
(27.8144944145831,-28.5293348117242)
(35.8106974832011,17.7085025429425)
(-7.57848158032751,37.2238319493292)
(-36.8193598285148,-0.375232183111815)
(-6.53246427336563,-37.2195216266458)
(36.3809826587600,-15.1395630759703)
(23.7137203758317,32.5198587004732)
(-26.6976084110628,30.6309489663690)
(-36.2596416671169,-19.8200207836219)
(11.5137710716505,-40.5475596730905)
(42.5922348445120,2.13582488716398)
(7.35063961721010,42.3031782652774)
(-39.8373479289103,16.6182593954637)
(-25.0165690541336,-34.8847926232466)
(27.9398337968800,-31.4634254658577)
(35.7836054616375,19.6411712130486)
(-9.71691641615564,36.8403796332802)
(-32.0804884222572,-0.759385920130387)
(-2.49173403162710,-24.0281222321526)
(16.6652585391548,-4.00267764985942)
(6.92990947686920,-4.99847351440668)
(59.0513557299987,-29.1047485726696)
(177.486192271562,81.2556423823761)
(105.075963709214,399.107248843447)
(-411.487565238734,592.969402053928)
(-1097.72983873939,126.714703540272)
(-1140.53844814389,-1010.60665520362)
(-19.6419264364080,-1923.68573983481)
(1649.03231339996,-1523.35255936019)
(2424.88319031510,226.514370900398)
(1452.29161395288,1989.59223342845)
(-530.291323777466,2263.12921753188)
(-1832.60603831796,905.609552488425)
(-1501.47724432535,-733.760536908267)
(-193.668263459048,-1252.06025434572)
(692.258620660606,-563.971180698126)
(531.961306710045,275.274948922520)
(-89.5563138804511,402.263694155286)
(-319.394157382131,-16.0030779997847)
(-39.2080247217113,-271.691292518129)
(223.620492739488,-88.4288120863589)
(120.849683017236,171.755837826794)
(-123.784770149243,137.856975800715)
(-145.124815906858,-80.8582151977407)
(42.0235013532868,-144.492807773086)
(136.993582293773,8.01361540231733)
(20.7173529778540,124.400511731162)
(-107.953072397858,44.2619429122186)
(-62.4311736755364,-88.6740260851893)
(67.7874549697476,-75.2379653137147)
(82.9297973138443,46.2493613314506)
(-25.0325273190176,85.6518357839945)
(-84.0136557101711,-5.21928658430866)
(-12.8446392766440,-78.8697421039090)
(70.2045752444438,-28.9648532225492)
(41.6921703628319,58.1718170758806)
(-44.9142500437367,49.8868894877428)
(-55.1347935806198,-32.5181195920497)
(19.8730468785854,-59.3773981744747)
(61.0121301436193,5.19119580938572)
(9.32486888144755,57.4199774240965)
(-50.4301051080799,19.8622863984457)
(-27.2651193396779,-44.3138548026482)
(38.8043662630912,-35.6805599912635)
(45.0786451889460,29.5300284929382)
(-15.6587295610432,50.5612790782737)
(-49.7196368647708,-1.78595775761113)
(-8.63566547846190,-45.5665750469228)
(41.1396932152863,-16.8590107934128)
(24.7236185993829,35.8652136925529)
(-28.5971510389248,31.4234355823854)
(-35.8170675608361,-20.1989330882010)
(11.6380454207378,-38.3246016160438)
(39.2009514129881,2.70332833162397)
(6.29878481554038,37.7601331976023)
(-34.1245818149651,14.1434734061949)
(-20.4921067254677,-29.3832862960371)
(23.7969485334257,-25.8847471339567)
(30.0227594313402,16.9718193706992)
(-9.47749595642387,32.1433487300779)
(-32.5409099405808,-2.25484590490243)
(-4.79122098806935,-31.7491098333550)
(29.2844603055447,-11.7003218751123)
(17.3568458277538,25.1141019573635)
(-20.6618084414410,21.4591753989731)
(-25.5667427905042,-16.2275814115543)
(9.69187850545422,-29.8391429938022)
(31.2061704528422,0.436617067376714)
(7.97538071333350,27.7590818294567)
(-22.4909308798696,12.2705547392750)
(-14.2298446452013,-19.2435540519664)
(17.2290204990855,-17.4621865327154)
(21.6781794541035,13.2597173153626)
(-7.28128040038601,24.0122561482676)
(-24.0662095519339,-1.70084624347126)
(-3.04847058098102,-23.5738174752799)
(22.5361747071230,-8.22551301383050)
(13.3434528557472,19.6416345023709)
(-15.4554777698430,16.7993650058374)
(-18.9605547859364,-11.6059486040493)
(7.71822924021683,-21.2330221256029)
(22.9752407065353,2.39227407453878)
(3.67497603612884,22.4428790836292)
(-19.9208386485453,8.50744362285162)
(-11.9015825984412,-17.1074502912359)
(14.2736924408472,-15.0187308300643)
(17.8638366323629,10.5346511573378)
(-6.00442682857950,19.5254759134783)
(-19.9643007867881,-1.49743130453307)
(-2.90639420884185,-19.5849072105308)
(18.1344291063901,-7.23397716651298)
(10.8072263638124,15.5967484960585)
(-12.7789910373779,13.4446780503432)
(-15.8779510147109,-9.79347454514102)
(5.78206487343530,-17.9140913982489)
(18.2813129768081,1.09531798001128)
(2.64110417482573,17.1847539054791)
(-16.3332551764937,5.49003715801179)
(-9.24241888797969,-15.5379614267006)
(12.5914357624245,-13.5356842691210)
(15.5364715308953,7.67174627778321)
(-4.02628332045425,14.8626347322154)
(-14.8214929153795,-2.62582740939836)
(0.224239944384479,-16.8266595311569)
(17.6917196587130,-5.07027705289457)
(10.3655185047082,14.9186960056093)
(-10.6912886858322,12.7479071912832)
(-13.5788125795849,-7.78920924131807)
(5.28474613116837,-15.0930056769115)
(16.3249343432863,1.38956556049616)
(2.81786609629898,15.5919387287350)
(-13.8654161131261,5.67795449010043)
(-8.00097859735099,-12.5792421108736)
(10.8644178836128,-10.9133300142725)
(13.3570812645170,7.69987628889653)
(-4.15416209999425,14.2628091391200)
(-14.5174723386095,-1.16270092981992)
(-2.13554710951942,-14.6343208031974)
(13.4055324059351,-5.85686924146217)
(8.29211165715491,10.7822540185961)
(-8.80644229572246,9.22741240856872)
(-10.8822926135588,-7.80821904427597)
(5.30534839557470,-13.6447504725163)
(14.6667151836356,0.662897506302747)
(3.07799746130362,12.8055352925494)
(-10.9570801820425,4.26446140560802)
(-5.48426547495834,-11.0569357246998)
(10.7693839494883,-8.81773752695331)
(12.1964123532342,7.83266433791080)
(-3.84811687451901,13.2487938425317)
(-13.0196051125774,-0.950175602959512)
(-1.63098204282566,-13.0696568077453)
(12.4671099968644,-4.92118422181052)
(7.66236379195941,10.4003114273498)
(-8.30627840698022,9.08088007804741)
(-10.7181386278639,-6.81099778234903)
(4.05446179153031,-12.9923556072983)
(13.5073324636741,-0.453411343071686)
(3.92979979585147,11.2890977885129)
(-9.07309530403735,4.79695159413128)
(-5.43584295098955,-8.80559442727582)
(8.46635398015542,-7.90009800030022)
(10.4609995250331,5.96733568008225)
(-2.68942427373098,11.0354588053932)
(-10.6066304970336,-0.519951400110152)
(-1.28283752878969,-10.6504860079242)
(10.4063333864874,-3.77958186859475)
(6.09167445844146,9.07398204941839)
(-7.58559869816296,7.64056742784626)
(-9.46336515859013,-6.16964435035336)
(3.40660464179064,-11.4311891754463)
(11.5225871509836,-0.530397114306997)
(3.16261132615716,9.55068428922476)
(-8.05223912121692,3.83296083570283)
(-4.87222134141600,-7.92736176879293)
(7.00971591562055,-7.17314923760679)
(8.58381998768720,4.46058972740453)
(-2.46502516922641,8.25693022565111)
(-8.39971418633471,-1.89460437998170)
(0.480744957502862,-9.92784319794987)
(10.5136111824338,-2.86366814420191)
(5.94842988238609,8.78783835966163)
(-6.52071886877035,7.26712776122076)
(-8.11678123031842,-4.98097668309213)
(3.06382500262343,-9.25669764607919)
(9.43200794990533,0.458942091429430)
(1.32083828460597,8.54877113105105)
(-8.30136453440532,2.28545311838921)
(-4.30154091132452,-8.55321014668109)
(7.16889552008864,-7.16973491864046)
(8.50811738622948,4.20029202148154)
(-2.02035889812401,8.09979281039187)
(-8.03032076829783,-0.949451191735469)
(-0.774781587442197,-8.40157746930191)
(7.59058262368706,-2.83463355228108)
(3.57790401689050,6.35335467652547)
(-6.42199832816198,4.21166876373573)
(-6.60918885994198,-6.01020711337541)
(2.89464724465055,-8.23658127950802)
(6.15994914325735,0.444903599822144)
(-2.79647542079571,4.52645977033216)
(-9.28730126192067,-5.36635247417310)
(-0.138354077567919,-16.2711709163154)
(14.9093033127237,-11.2734611200372)
(16.2306180925470,4.72275970338817)
(2.94538818121606,11.3306710224288)
(-5.98904997011860,2.11096569647974)
(0.209909169091525,-7.02175127436113)
(9.33532996479431,-2.45994689385980)
(6.14491210580752,7.26398825409707)
(-4.30081502097269,5.97443207504436)
(-5.36420979439154,-4.70743776231085)
(4.88123296315058,-8.24630161505727)
(10.7641097941683,0.846444813350264)
(3.48917221271279,8.59356972202443)
(-5.36981373768324,3.41071328045530)
(-2.08878766281456,-6.03014039827621)
(7.88831388920455,-4.53355802020638)
(8.57132720143041,5.91755003058465)
(-1.66870465098113,9.28425799156931)
(-7.58844050354627,0.337381519869804)
(-0.625936437884579,-7.34628886702942)
(8.06960828034102,-2.40492556755629)
(5.04638669160988,6.98868775017348)
(-4.82322450626025,6.06801980727549)
(-6.23719681410607,-3.73526523015705)
(2.79665923489278,-7.35465676180073)
(8.19522286519116,0.444424478137103)
(1.83272389921029,7.24112935707867)
(-6.08928712714192,2.50903412507895)
(-3.21856664973399,-6.18217788582880)
(5.78757426433508,-5.27145086811747)
(6.81004989271160,3.66036132223614)
(-1.67796600105073,6.62598378923130)
(-6.52108685346575,-0.860193887393384)
(-0.628059738112307,-7.09376304680009)
(6.17470098935575,-2.86811397763180)
(3.03614766192256,4.07751634620710)
(-4.51015717654824,1.56906087500452)
(-3.18021970043614,-7.29502218076648)
(6.78436285795442,-8.44787105985819)
(11.1949124021992,1.17623676671640)
(3.50799678639999,8.25858153252216)
(-4.89151362750481,3.08926738146161)
(-1.85455023774730,-5.70157943614987)
(7.17952848758473,-4.41875416124083)
(7.81075331793701,4.81521674690509)
(-1.12020308909362,7.62793360533571)
(-5.94393523769167,-0.301444450073895)
(0.599438739531112,-6.66886045641370)
(8.20523666151006,-1.64076566378494)
(4.98999993108288,7.03253132573260)
(-4.26746363693990,6.08627965590208)
(-5.69041739280829,-2.89300845718723)
(2.31658292551638,-6.20380650809488)
(6.93660696644352,0.714436168572086)
(0.990368767988791,6.51101909842600)
(-6.10986038132446,1.79905268171551)
(-3.24193991795951,-6.34341565045764)
(5.15184979324493,-5.61621756219288)
(6.21191696015167,2.32552637821907)
(-1.17959862931653,4.66202773432568)
(-4.76072351114055,-2.38017413960660)
(1.75586253116025,-7.55737120829638)
(8.62630024524990,-2.22826045998612)
(5.11166585765870,5.90627989397261)
(-3.68467247951419,4.45349567015584)
(-4.37879976913968,-4.53539479471790)
(4.27139075173877,-7.52371069247258)
(9.49153281121282,-0.0288032565150310)
(3.93146465597646,6.79080669530850)
(-3.50961800179549,3.35462930692158)
(-1.77779405040316,-4.03603627171660)
(5.47735734555186,-3.55648123290309)
(6.20295305914870,3.68891540009930)
(-0.914909892591941,5.81480061784770)
(-4.49868639431620,-0.831681869300615)
(1.39275037455751,-5.75478235259551)
(7.59530148367037,-0.811462654475547)
(3.96001882810420,6.68733267695939)
(-4.59989792038052,4.96215159892754)
(-5.26751083020101,-3.94003153515001)
(3.04705040226353,-6.93710182848978)
(7.82987863094232,0.200677282588556)
(1.94398514199628,6.30010950633824)
(-5.45310087313710,1.70218232064926)
(-2.69589022584251,-7.06657414086082)
(6.86837565447598,-7.05488575202473)
(9.98936253640947,1.90474548078735)
(3.07660241620521,7.40747405481681)
(-3.31925147977656,3.04565196318928)
(-0.922183053408064,-3.05509791817885)
(4.60992653910578,-1.69498481900706)
(3.80200575048179,3.63023927471514)
(-1.65714489639507,3.46102357192006)
(-2.40443518640814,-2.12241078111907)
(3.07093599325216,-3.92089029958395)
(5.89914695244833,1.24000151819259)
(1.17374211610321,5.10044237664386)
(-3.83727123440666,1.01795453914135)
(-0.874865787176478,-5.19628374570870)
(6.19716841845041,-3.98114438424372)
(7.05613972760291,3.14002326663688)
(0.726055305687029,5.77776080547358)
(-3.02667718893621,0.585467856339276)
(1.17124593012507,-3.82989280881742)
(6.20832815977699,-0.487982528389943)
(3.88817794468703,5.18611195892549)
(-2.17921076702315,4.12226859414741)
(-2.37822673725435,-1.99434671599704)
(3.61842575799554,-3.35105603335256)
(6.18127414570211,2.43780921983035)
(0.879376728952086,6.33738515297316)
(-4.28532967730256,1.96175388818953)
(-1.16203568395373,-4.17261650835650)
(5.65949706215651,-2.46078426067392)
(5.56651627752929,4.82796629812346)
(-1.78827002550283,6.66324863770821)
(-5.67831329993461,-0.0444739361190402)
(-0.399235462858895,-5.66128040094015)
(6.23553981309734,-2.29205728976441)
(4.81282328027918,4.58487250045523)
(-1.72692985321896,4.81729850453823)
(-3.20429140227742,-1.09394284450138)
(2.03079570601131,-3.46409701245214)
(5.09561184671321,1.17797734915975)
(0.948661898841279,4.91401312296748)
(-3.59965552385191,1.26196432878620)
(-0.695941992406787,-4.32243293568971)
(5.95233955820360,-2.76795613375019)
(6.44418473100754,4.41581275504254)
(-0.214473313733611,7.16090727788013)
(-4.59352121477019,1.99443432585060)
(-1.13146860775705,-2.99616660223670)
(3.83890203347093,-0.764844944322814)
(2.37511777857618,4.20886288658800)
(-2.81883412868577,3.50811324413420)
(-3.11113497718603,-1.85405055472904)
(2.16928374418176,-3.23389753941767)
(4.61963911711780,1.77078431373270)
(0.0858472022604625,5.34251452471450)
(-4.61160788564655,1.65647761258844)
(-2.20020951471512,-3.88155617894713)
(3.68288821803566,-2.91486109836111)
(4.06479633171378,2.92175345647108)
(-1.50530992536162,4.55739052390766)
(-4.36956576444705,-0.471904460016776)
(-0.265054789833560,-4.36946846631907)
(4.20570187132613,-1.38925643493251)
(2.15669129889434,3.25139948514577)
(-2.66397103049946,1.81220865656395)
(-1.85722913773746,-3.50251232446617)
(4.07604956969918,-3.80648979562899)
(6.04195285958982,2.34869609605877)
(0.430225380370185,6.14241001611012)
(-4.86044852023439,1.78928074816436)
(-2.15072351889433,-4.39774574778749)
(4.33574448263523,-3.38169464744454)
(4.85694476523485,2.95242826221953)
(-1.05909248932649,4.78323663616444)
(-4.04390267432796,-0.598098949644682)
(0.665173611608797,-4.73682064209095)
(5.96643642980137,-1.06109929573882)
(3.83963205961373,5.09715531408187)
(-2.46912948508444,4.77667571585939)
(-3.65290983552229,-0.982140523323476)
(1.35740046743932,-3.08274715445002)
(4.09307597089133,1.42648862064169)
(-0.0422313789681951,4.98915178316730)
(-4.64410967756234,1.56112249425389)
(-2.42394732054487,-3.87280670533048)
(3.33560540907600,-3.06885638826782)
(3.83768872228185,2.61344623600782)
(-1.57674284651649,4.29451762016678)
(-4.41854833378808,-0.664924641927470)
(-0.214563946712795,-4.60509993829997)
(4.59966495892391,-1.45574883020490)
(2.68334855500082,3.90820848450617)
(-2.89479504775379,3.28298172268306)
(-3.52087788470124,-2.19395102558249)
(1.60156895975785,-3.94723714800435)
(4.34463731763732,0.660121347227483)
(0.389165422421633,4.30915291914810)
(-4.07798709870441,1.20727630158608)
(-2.05465462012639,-3.88022186564846)
(3.35825233197607,-3.07041488621144)
(3.78832184375329,2.36890940275367)
(-1.39805357406885,4.00630775721709)
(-4.14323911420318,-0.651849418297692)
(-0.232833530939946,-4.32440679737784)
(4.18523984677373,-1.29362253935113)
(2.17461641015752,3.73217235622688)
(-3.24159508501281,2.94933711731544)
(-3.80437691527941,-2.46550408597307)
(1.20811163571874,-4.24596869135633)
(3.96884522244154,0.160812477906372)
(0.274523106385807,3.77592059974195)
(-4.08202405003662,1.02356807106789)
(-2.49881542347116,-3.72509854019599)
(2.19081001245788,-3.20522784469366)
(2.38070579213527,1.30799628930137)
(-2.20084043026890,2.12505100302165)
(-4.01808745814148,-2.58439629099823)
(0.339446034921484,-5.72688944398467)
(4.58544376081806,-2.35812817193137)
(2.42495154146884,2.42596703329352)
(-2.54601786354430,1.29241538395737)
(-2.32657759356636,-3.85357680711785)
(2.96881707922480,-4.70888351465727)
(5.09615426623146,0.459830400874108)
(0.455966195742950,3.86477631730827)
(-4.07160865608039,0.108557037753421)
(-1.50108984155400,-5.30641481556785)
(4.45965208540275,-4.17619675423629)
(4.88917184727370,1.87846620755226)
(-0.801754325705738,3.79018683428121)
(-3.96706728644891,-1.18452105843312)
(0.0900214035205371,-5.31769455453115)
(4.95952558063703,-2.24229527910869)
(2.91967109168977,3.28234814582650)
(-3.23857818799889,2.54222325412783)
(-4.29692489138899,-3.94050388063791)
(1.66595112986178,-7.11818074573770)
(6.57273054885559,-2.74329488954904)
(4.34543212008236,2.79285181926452)
(-0.702469518382102,2.35162199583649)
(-1.15489293146869,-1.80136819418865)
(2.43739269342573,-2.52211938728018)
(3.44310943918486,0.955816769497098)
(0.0580844898426020,2.55109725482951)
(-2.18069931284027,-0.450922387469924)
(0.308176485451098,-3.10395283714193)
(3.27777309372447,-0.994254567653353)
(1.54292505155151,2.47983522295650)
(-2.52183723855130,1.46216936898560)
(-2.54456655751009,-2.89264507770016)
(1.74937071621089,-3.93864893384412)
(3.82368938252527,0.208980325993571)
(0.156705637817553,3.68526415283659)
(-4.69387203718227,1.65296182565954)
(-5.32484679095383,-3.02525811670750)
(-3.13837579447547,-5.28549329895945)
(-2.40080477929245,-5.95225500295011)
(-1.90244993826505,-8.96331038710249)
(3.17261975347459,-12.5359071278804)
(11.4685511462631,-9.92723504682512)
(14.3660403981256,-0.374346128713654)
(7.67760559461798,6.96808525407240)
(-0.828788456119529,4.36929978734506)
(-0.901689421875785,-3.30863045531434)
(6.11427614962244,-4.78117523475451)
(9.21148578444450,1.98170269113090)
(3.47509733776233,7.17500846496117)
(-3.13009687925655,3.59759877721076)
(-1.78904050776595,-3.05438491904328)
(4.26608069749282,-3.06292293122214)
(5.05120160050889,2.77858962928149)
(-0.952229855549033,4.71634183304585)
(-4.64397755986455,-0.958607028371245)
(-0.266276904422536,-6.25694612269633)
(5.79784008788615,-3.64108287782960)
(4.67725545428693,2.54375576691570)
(-1.59215472406615,2.66254885065905)
(-3.21381169749294,-3.64614268554563)
(2.50178755015190,-6.99020843798670)
(7.05421361184877,-2.52535732446765)
(3.64209175553111,2.55805411184409)
(-2.31171198585090,-0.313969680685017)
(-0.766278897648180,-8.11323944056592)
(8.36504626081512,-10.0520409999638)
(14.8413467489516,-2.53254532704348)
(11.9886691811657,6.30956551431376)
(4.72979886212685,8.08575461602696)
(1.43212070967156,4.43876559552137)
(2.81415381142133,2.44071853439200)
(3.44342791653431,3.92288377258725)
(1.26173775999858,4.69978984706158)
(-0.205177888413341,2.77911179556746)
(1.05879338794899,1.42690269504598)
(1.87729988036193,2.88042447941595)
(-0.417156854774373,4.02191885512205)
(-2.86152465202966,1.53327451059450)
(-1.32317052294741,-2.03587425129493)
(2.42842281802913,-1.74617020505515)
(2.85399536769031,1.74870690015522)
(-0.723389490151764,2.63126522222651)
(-2.56639981799870,-1.21415414535588)
(0.906500094289812,-4.52668754776872)
(5.35455644824087,-2.35602927672577)
(4.73532397880278,2.29803586908078)
(0.417250520859716,2.72414695706308)
(-0.686162599533955,-1.46751843925818)
(3.59104869780271,-3.61461771860599)
(7.30990135831800,0.165641559105834)
(5.07009248385526,5.17424703055703)
(-0.148776320578344,4.91596811305970)
(-1.38344203645720,0.359024856058861)
(2.42111551670767,-1.76612748567047)
(5.40357307564560,1.36677058483031)
(3.42292751290321,5.25807063833785)
(-0.669984882424084,5.06716784099542)
(-2.02896565925876,2.00414622986760)
(-0.577528559031869,0.327970919407669)
(0.283644337815476,0.809931839066650)
(-0.352301758614301,0.766722571125094)
(-0.108535984452069,-0.581705238614969)
(1.77723212740329,-0.767250923895295)
(2.58890914021774,1.29497491109963)
(0.571270743035521,2.78143344450111)
(-1.69798830560362,1.08355031221448)
(-0.819014920958145,-1.89269255623551)
(2.31992991711203,-2.26540340436578)
(3.82708788362701,0.217539057894488)
(2.48182553769062,2.11123769341734)
(1.04265624850772,1.61245558039980)
(1.51483567591737,0.854815432786880)
(2.14516762728724,1.88189754669567)
(0.762910800780167,3.13081467009171)
(-1.28401300772860,2.12736705331988)
(-1.16518056386618,-0.189233052011224)
(0.762816517344739,-0.769169833585333)
(1.43418955864315,0.628212291292036)
(0.112656473080505,1.02000958615763)
(-0.259445804775769,-0.778659452090573)
(2.07351561725935,-1.82380965553373)
