10000000000000000000000000160.
0.040000000000000001
(1.04312883974869,-0.384433027469486)
(1.12264185220987,0.362954365713418)
(0.554419438941674,0.699187297368932)
(0.0811667866953796,0.309576968911902)
(0.285584328326296,-0.292007843552344)
(0.971510278351152,-0.385542753101960)
(1.44361044044510,0.173600373547544)
(1.27917109554187,0.875269243560391)
(0.699807120289452,1.16382609032433)
(0.217508443788839,0.975187507246394)
(0.0763161331386145,0.650163252849644)
(0.131764889733780,0.468344695894400)
(0.173055821167896,0.416996246070518)
(0.175957227370523,0.381032050989847)
(0.194738415226064,0.369105293078356)
(0.163643136223965,0.434226612125090)
(-0.0247065605203970,0.470520166794992)
(-0.271821146776065,0.281415657540028)
(-0.290708762746068,-0.106299589403637)
(0.0240488412997517,-0.353786174387900)
(0.353129329495247,-0.188460197496159)
(0.260641897120101,0.177816418158506)
(-0.236477151928430,0.194782326732994)
(-0.572522977873093,-0.380989703439687)
(-0.235185648165602,-1.11059514353361)
(0.608829767416189,-1.29662383285469)
(1.25003138047550,-0.757298103708520)
(1.20957654466497,-0.0195542376595928)
(0.717904555962838,0.306356229908118)
(0.331466359366765,0.181960303305568)
(0.225543568287824,0.0163829336857049)
(0.101699318952593,-0.00381008804117423)
(-0.212756176918155,-0.168134906526308)
(-0.377551355806301,-0.711114273299075)
(0.000768491385300518,-1.27872540827120)
(0.658256473189840,-1.27459470571637)
(0.815236470782293,-0.757556813285508)
(0.212443690071392,-0.627307849561871)
(-0.259396778326830,-1.58237652182917)
(0.613960054479012,-2.99297779142825)
(2.82083989136359,-3.23614263910433)
(4.72364360064189,-1.41889994996789)
(4.55616281194776,1.39501059439260)
(2.32106137826848,3.01794537878645)
(-0.0692313242349708,2.30184613414982)
(-0.686211467639682,0.291234353424962)
(0.515279592154766,-0.922629559298275)
(1.84032395503354,-0.372731572780972)
(1.78188791946281,0.958397902170174)
(0.539753597841653,1.42771714692339)
(-0.439694871958169,0.543781974549197)
(-0.165051157570481,-0.688528302832019)
(0.942562808414534,-1.04388941439114)
(1.72611859332181,-0.356562851939786)
(1.58501214569868,0.542366236978851)
(0.900353385936969,0.875700838035435)
(0.366246419974362,0.621171885667822)
(0.235540038542651,0.232894864852564)
(0.303594229694824,-0.00417466180155190)
(0.380136408103241,-0.148686017059884)
(0.509630935336275,-0.283671506863573)
(0.743848174528157,-0.300605251693206)
(0.922596575809613,-0.0828179098704135)
(0.817105238096592,0.241979283491123)
(0.425026070621765,0.370262523387005)
(0.0165622912323903,0.125145723710857)
(-0.105584602493689,-0.377674717788259)
(0.158546750019424,-0.839791826887329)
(0.663075101304343,-0.990812110539355)
(1.10626418833055,-0.738717059511501)
(1.18477086830594,-0.251292680487585)
(0.822300181780180,0.0815883409693463)
(0.336624346115748,-0.0716261561854524)
(0.242870118636269,-0.590974388684966)
(0.689067453786127,-0.883299290526238)
(1.11692000588047,-0.495976218992481)
(0.753492218650053,0.189951611974463)
(-0.393636993024223,0.135109442436445)
(-1.22340004803806,-1.22048131790156)
(-0.562865593836552,-3.07235673327012)
(1.44155179289162,-3.85611255636333)
(3.26498145148730,-2.91391099067560)
(3.60417821038180,-1.31750061751647)
(2.88289371398591,-0.686715267545209)
(2.76024495772573,-1.23216283952073)
(4.03514774356192,-1.40860654974224)
(5.43768467087732,0.197154618727375)
(4.95767922509657,2.89810726881063)
(2.32245873479755,4.35459921256986)
(-0.354711160759095,3.15301353509596)
(-0.737000503588160,0.557324943397169)
(1.14471389071694,-0.738789708043646)
(2.90483171762370,0.457510691772088)
(2.46660760439183,2.58525323916769)
(0.312140980429044,3.18674122077011)
(-1.23573137654726,1.67341618693123)
(-0.741757547625769,-0.189990286671791)
(0.841168496991289,-0.487280438985336)
(1.51814822707264,0.689679332580043)
(0.642484251591862,1.60138800824290)
(-0.516421499150672,1.07581598156659)
(-0.496162552383951,-0.194578292646352)
(0.615101125929673,-0.689912759744902)
(1.46656387679787,0.0565737899899665)
(1.17502219632384,1.05570929885932)
(0.262308921833012,1.21951992699021)
(-0.200840457806291,0.618731357944570)
(0.0503611643040536,0.151774777597115)
(0.341186241219685,0.277091137013218)
(0.116127975670188,0.521453359133628)
(-0.325361151676698,0.266624955323856)
(-0.318053570072975,-0.373135169366813)
(0.241705432572653,-0.737745464138328)
(0.793754626644290,-0.509564362448032)
(0.880362376027843,-0.0644921493322499)
(0.678685214919390,0.110789011718014)
(0.627204880014440,0.0527716718189382)
(0.759253596834471,0.148643053962481)
(0.697447523717769,0.481715062210534)
(0.270342624233564,0.664959569160720)
(-0.165675953484072,0.393304985978952)
(-0.173671990799450,-0.0854746826677676)
(0.170000268182635,-0.261771621940495)
(0.366655498338578,-0.0268005159212654)
(0.152718493960463,0.200625481569563)
(-0.171363989910005,0.0506758232995804)
(-0.176127046905783,-0.309275249247808)
(0.106995120526415,-0.429847129899174)
(0.244541157631044,-0.209742218965747)
(0.0117140207603698,-0.0321687871548302)
(-0.291260864098246,-0.229192431925779)
(-0.249009554186467,-0.614321578754406)
(0.0937017589883677,-0.723243861449546)
(0.272605967543495,-0.439265048620325)
(0.0100494086795937,-0.164498771141738)
(-0.415440795753183,-0.307289787243557)
(-0.519088365166263,-0.755352967701971)
(-0.226462329873955,-1.00928835035090)
(0.0159810232549206,-0.798128321628302)
(-0.251076574663568,-0.421237235237485)
(-0.995256314254764,-0.449838643894423)
(-1.72215537127373,-1.18702282786615)
(-1.89631527741513,-2.45558046403945)
(-1.26828228228533,-3.78642829337065)
(0.0797313584714946,-4.68071501908956)
(1.79612509234271,-4.76206405958130)
(3.33039927845779,-3.91656054892349)
(4.13895941310903,-2.43424921890528)
(4.02637332965753,-0.922855682261713)
(3.29062411303212,0.0953800358087118)
(2.41806137125971,0.539625855776142)
(1.62503479527705,0.643463711247549)
(0.824351042653917,0.488514108867629)
(0.0799029782812962,-0.146297591360838)
(-0.111605329371772,-1.32040473783271)
(0.734037871047164,-2.43998815318842)
(2.32605997962577,-2.54827501164127)
(3.53282058685721,-1.29656854109560)
(3.34078852908576,0.489090033524774)
(1.89495127608049,1.45133749979926)
(0.415364251684569,0.992314145037736)
(-0.00867339737198961,-0.183321107470556)
(0.550049663233862,-0.880829391227433)
(1.10721279748896,-0.661924675301742)
(0.934846792566970,-0.150106417515692)
(0.283091827252840,-0.161534050007319)
(-0.0828960449724144,-0.764441858361316)
(0.148186970348744,-1.33001554990616)
(0.532851101568231,-1.37968426274800)
(0.496454080385119,-1.14178820535613)
(0.0320883451995554,-1.20796275938047)
(-0.352556127944651,-1.80977252038499)
(-0.279106966137879,-2.61561979379058)
(0.106670481886727,-3.22471638223229)
(0.445417065100155,-3.68709270611835)
(0.760474817408765,-4.39697360207427)
(1.59517144660949,-5.46875663419267)
(3.46056127429723,-6.30072417233743)
(6.09858316775431,-5.87219385052978)
(8.30764220989705,-3.63306811222494)
(8.65728701056993,-0.257236182289205)
(6.67029970698875,2.49785547412124)
(3.50903333332457,2.96582903894985)
(1.37351137555952,0.991793291067715)
(1.81842668615460,-1.67899506119698)
(4.34023087854999,-2.67463364178963)
(6.66938296414521,-1.03057131561024)
(6.74958442123746,1.90854532371184)
(4.60588984548726,3.75279696292282)
(2.18389547968346,3.35588901197794)
(1.25988500879893,1.76905306708845)
(1.66020673230802,0.821106605956966)
(1.78245146278881,0.922017479947241)
(0.820886802313375,0.649978380729682)
(0.0531997919147368,-1.32375504156699)
(1.53928732412299,-4.20102261776466)
(5.60567668126843,-5.40303220585452)
(10.0102170966306,-3.08781843742628)
(11.8330402927002,1.90450585830397)
(10.0605705438096,6.78722221491024)
(6.14693044137459,9.31768411003458)
(2.26749249817197,9.30789388137913)
(-0.501611860261821,7.87074701032499)
(-2.20437139981522,5.84468678680906)
(-2.86034488638625,3.44451208673938)
(-2.10899631230632,1.15666640342390)
(-0.145847347752330,0.108114803846331)
(1.63200476352703,0.988037848722129)
(1.63976263832301,2.86442308027099)
(-0.154154722611096,3.73597444687671)
(-1.97032246427895,2.54408881688234)
(-2.03092294998350,0.341686747807451)
(-0.444677955886234,-0.871599992553631)
(1.05071608191616,-0.350910798156909)
(1.15911363578186,0.733002968863459)
(0.412919660886119,0.873930124007333)
(0.288796312601569,0.0455258944260270)
(1.27602066449934,-0.431272151129869)
(2.31206664494099,0.338809398420153)
(2.17413744840607,1.69461076281542)
(0.985331812649828,2.26535521634326)
(-0.00313925692136977,1.61276730538550)
(0.0669264121515429,0.621929837965456)
(0.793066595172424,0.321402088922435)
(1.22366293546215,0.751521552334239)
(1.02247566491181,1.20356201648937)
(0.594627464940613,1.23840595680275)
(0.286402096185266,1.01136061771012)
(0.00803864582690626,0.641831003137066)
(-0.176128221935311,-0.171428851753575)
(0.444909518227889,-1.48802863786485)
(2.52283478310934,-2.32258722375781)
(5.37342623408714,-1.15481035686636)
(6.90514722228755,2.38137401978234)
(5.34241012348968,6.52511727877546)
(1.10292686333947,8.55209912542169)
(-3.28173985931033,7.13016747967981)
(-5.28281774663137,3.47124412654177)
(-4.40670026449380,0.125572110263434)
(-2.19692184961262,-1.24173044677306)
(-0.504286588312079,-0.867018588894552)
(0.0169480488109010,-0.0242446511653823)
(-0.123933681494049,0.408114798424732)
(-0.274420856178026,0.433709677838196)
(-0.286254388391237,0.388655813989901)
(-0.304351890153308,0.369203325798538)
(-0.341653495775839,0.279335187222290)
(-0.282158285115406,0.143827257587773)
(-0.145080018448779,0.108072311567614)
(-0.0952238342338813,0.179532117328097)
(-0.176198614487928,0.183834643226041)
(-0.213385697836143,0.0336571359374780)
(-0.0687295289292691,-0.109520176098292)
(0.129330487414148,-0.0546764832794879)
(0.145540788752238,0.126304011469983)
(-0.0232499762774851,0.175869110009283)
(-0.126161573210848,0.0106495572835206)
(-0.00775463549882041,-0.150689407114205)
(0.162316102265472,-0.0943545991328575)
(0.124237236732051,0.0703675839006966)
(-0.0852312624676136,0.0485753217205429)
(-0.150582211548526,-0.211207405542329)
(0.0855472035615206,-0.396677141611856)
(0.352870587808366,-0.230626939301691)
(0.256617996142991,0.115621852336822)
(-0.197317311899692,0.166915772901809)
(-0.536610701181749,-0.284785093808120)
(-0.344207401046151,-0.884165179372719)
(0.244468238798238,-1.07989049573722)
(0.668370665487929,-0.739793645703676)
(0.551553307879779,-0.303005265578940)
(0.107668987586731,-0.307053966473639)
(-0.0855900734760318,-0.823616217018636)
(0.331708844853317,-1.38383270181666)
(1.15432021183285,-1.41839626907342)
(1.77974346938462,-0.763472197946184)
(1.69295867638176,0.183580543701072)
(0.882773675521895,0.736077766317892)
(-0.0880029368459228,0.419950289954901)
(-0.436351497232735,-0.613383475755712)
(0.234594163906660,-1.59223808692845)
(1.51796162573026,-1.66996602111556)
(2.42688705602383,-0.666464280831394)
(2.21594803658102,0.679005011587017)
(1.09048268632037,1.31471229331319)
(0.0421541351149343,0.853908759217818)
(-0.117335116186555,-0.0690052147981318)
(0.453031017595451,-0.489015410003982)
(0.870874414832135,-0.134933971850684)
(0.549619412518018,0.334664134454827)
(-0.154546443980932,0.133522971414842)
(-0.380616183704464,-0.743579332208001)
(0.257307374762490,-1.53032793414286)
(1.27834880765152,-1.54430861856276)
(1.90792641013093,-0.864179075748030)
(1.86464143584003,-0.115137830519885)
(1.47596824796105,0.247454585482657)
(1.15433474073069,0.269562036445181)
(0.993979636573071,0.193824607541184)
(0.914835120608857,0.0926667398522401)
(0.962126330427910,-0.0544042590057074)
(1.22658798948681,-0.0859723177694255)
(1.51950830751384,0.255748640061143)
(1.39867715911151,0.898447782068000)
(0.680602628700154,1.30660694322764)
(-0.189526724202958,0.985863040388838)
(-0.492319167272770,0.0945479118812205)
(0.00180048315123096,-0.628988079609460)
(0.761874872182805,-0.623449012792197)
(1.07512662353738,-0.0793174314681905)
(0.800338783225736,0.341592279686736)
(0.417692378967305,0.277387145753961)
(0.379130510232271,-0.00468501522727941)
(0.598278453983153,-0.0528923181370262)
(0.666363229534349,0.183485235045491)
(0.426953707262188,0.359683405403809)
(0.141539965393780,0.240110971271823)
(0.0906666308202267,-0.0108736856720381)
(0.203259525923829,-0.104608645071048)
(0.205247309745734,-0.0380559093557434)
(0.0349713097563087,-0.0674083421863951)
(-0.0694426589863863,-0.315143990808045)
(0.0855333832015789,-0.579441294373068)
(0.371261002434915,-0.603234934157499)
(0.506972778111726,-0.411793455978369)
(0.420328315803506,-0.253272512286138)
(0.291601193480169,-0.252348275034858)
(0.245487993370485,-0.283218012388814)
(0.160668311043013,-0.233477875369102)
(-0.110235237446654,-0.253981338561310)
(-0.422480115167945,-0.596255608864410)
(-0.406418134937010,-1.22605940965375)
(0.112432629959792,-1.74696152623078)
(0.869370617090759,-1.77985825897968)
(1.41310021985380,-1.34458400806545)
(1.54282929197417,-0.788098507974432)
(1.40899746431191,-0.388950152958554)
(1.22395510368480,-0.145497645090646)
(1.01343635799622,0.0499209145771519)
(0.707277214910003,0.172144489438311)
(0.362007440741381,0.105873543741565)
(0.154548607908947,-0.134310430272286)
(0.159854518758535,-0.362372078351510)
(0.248404780833512,-0.428663466923124)
(0.251285693046020,-0.378071975940104)
(0.148785189116939,-0.346873575022481)
(0.0279093432799625,-0.373936078632712)
(-0.0868534486830578,-0.398983807602613)
(-0.260598469835900,-0.406035244193821)
(-0.530103798974839,-0.459546199229461)
(-0.878230958221419,-0.607010329473548)
(-1.33404486886494,-0.888564605140094)
(-1.92024775160706,-1.49628994641012)
(-2.35957455484413,-2.72890191766970)
(-1.98338796186029,-4.53022590469253)
(-0.278447818053681,-6.09565680356048)
(2.32373913498684,-6.28366941623960)
(4.44388300208126,-4.71706263328649)
(4.89201291810936,-2.38852257094647)
(3.85092144953277,-0.846230355825301)
(2.65749528928124,-0.669913738691975)
(2.26580114631865,-1.01420587878231)
(2.20512646237452,-0.887999592922197)
(1.44486186105486,-0.636850858029762)
(0.203818850854934,-1.59881358659936)
(0.277711873402333,-4.08234313553938)
(3.04129326250728,-6.17152288532094)
(7.28984715441051,-5.25909954063094)
(9.74899699476138,-0.968116573730942)
(8.17948817790139,3.91054071821374)
(3.78079381865076,5.89156054522264)
(0.0751956558264256,4.17947250767435)
(-0.628326685956228,1.23401141575001)
(0.713897439663432,-0.0765209337162289)
(1.48695391099299,0.565055149529132)
(0.594685227293863,1.14961095059237)
(-0.566362833222313,0.172864655969260)
(-0.247848271570164,-1.52547544224561)
(1.29171941496448,-2.05245674037954)
(2.17530454643380,-1.02969847100679)
(1.39604254729353,-0.0942008074558485)
(0.121890651521926,-0.768137218142558)
(0.171394900616141,-2.52827838936981)
(1.72049916333609,-3.55963831657373)
(3.24542447662600,-3.11432964980318)
(3.69237792294395,-2.30138996501248)
(3.86763134793339,-2.26763282126282)
(5.05635420956328,-2.30934186991897)
(6.67347254469736,-0.710626150788295)
(6.34046877999754,2.49239817795370)
(2.84972050993495,4.49808746719678)
(-1.46086884400651,2.38560153847214)
(-2.25480410543754,-3.21351991718060)
(2.44394609191732,-7.79877563899633)
(9.74314105149020,-6.94338499537553)
(14.1860083736003,-0.570879797352234)
(12.6534209432664,6.91465225084122)
(6.88558628705442,10.7166549289843)
(1.32985011009770,9.66786194702496)
(-1.05481138006955,6.35952182867755)
(-0.729822637212442,3.93660942586177)
(0.0689886610329995,3.31403829423714)
(0.0414108391464940,3.35482821278477)
(-0.377403267765383,2.95146839154711)
(-0.337323208918254,2.26661843301851)
(0.106079943388718,2.05063801262108)
(0.209133368701673,2.40139071002256)
(-0.356079663048460,2.63176555733273)
(-1.08213273400286,2.19074376328808)
(-1.30004216552581,1.30353976448839)
(-0.936241919789809,0.597087199121139)
(-0.436921960545940,0.352879402578879)
(-0.137332345698049,0.346265142648634)
(0.0384859564691311,0.309372174408587)
(0.275591201556842,0.283509444936038)
(0.512473311601782,0.440916899514395)
(0.526349978498934,0.738536508837686)
(0.267261378128715,0.918211952019642)
(-0.0531339731210220,0.811328430577144)
(-0.202938532601958,0.507372935391450)
(-0.142210012617622,0.205295243967449)
(0.0317119300408806,0.0102193014417647)
(0.236159359163880,-0.0725123140740683)
(0.418039697854566,-0.0467518973956958)
(0.498758774787976,0.0547873206114160)
(0.443718118301158,0.103790159611786)
(0.387771349261964,-0.0227862131786917)
(0.548480771260861,-0.229635106098140)
(0.926066094704694,-0.215848900532997)
(1.18385468252294,0.173900900110246)
(0.980785513993078,0.659891917871960)
(0.428121929523429,0.749620280810599)
(0.0658456607239242,0.306771404273574)
(0.283716132192120,-0.219903056800198)
(0.845754000970885,-0.260854544739947)
(1.13022688093278,0.223421857024888)
(0.837192300323142,0.698252897194588)
(0.309627383385437,0.688672470741955)
(0.0773028239676307,0.311005314893320)
(0.212803805777892,0.0481334184419135)
(0.322799082014024,0.0885495593899969)
(0.156880254840327,0.114256480677962)
(-0.0125230156916209,-0.182078839034527)
(0.210176753553832,-0.572458100310235)
(0.685849153781756,-0.540943174074990)
(0.777035687208701,-0.0547248956244560)
(0.173782183839396,0.183941460398301)
(-0.501167659203012,-0.502495149970773)
(-0.204712629364308,-1.80704242022424)
(1.32400884947705,-2.50466306267679)
(3.05065651341497,-1.65868619893349)
(3.54056047233743,0.304899334434462)
(2.38537554821180,1.89952838795636)
(0.618878678722845,2.00471467766748)
(-0.338007744889948,0.903420003559188)
(-0.0518604032860366,-0.150038056039211)
(0.683299398017934,-0.284727423036305)
(0.882525897628830,0.214260326069890)
(0.434255503107331,0.465552167243817)
(0.0329867566366153,0.105873518280950)
(0.194362186843072,-0.359900910859193)
(0.592452404519104,-0.304397071756355)
(0.498519692151374,0.148419928480978)
(-0.236639100146222,0.201780008716771)
(-0.860099823226756,-0.650452224595610)
(-0.495270695429471,-1.90029776957494)
(0.815952427821051,-2.43327184506287)
(1.99845797289604,-1.70242333308314)
(1.97858003656604,-0.413956260692136)
(0.837037533524574,0.0783830071839856)
(-0.150759674255955,-0.864256393141798)
(0.272723480784589,-2.41853658617346)
(2.03272883596007,-2.99514124775213)
(3.64013482391690,-1.78934609173847)
(3.52627041863252,0.302068886858059)
(1.58756053148107,1.35282482057855)
(-0.540412413024928,0.128415099466702)
(-0.808630016876296,-2.71447085784706)
(1.49078361877445,-5.07548055805845)
(5.11967173631276,-5.10965777124118)
(7.93534900413057,-2.64488137227088)
(8.56180659227719,0.883460368322165)
(7.19646860232359,3.74841822554216)
(5.01819504620187,5.17419524434743)
(3.01290664766457,5.46369930105950)
(1.40725382495330,5.20636493775912)
(0.0435466182471547,4.59816114946319)
(-1.00920995950988,3.53720922917680)
(-1.40515878928745,2.15026687346150)
(-1.00763815814163,0.957526134321747)
(-0.206828879421158,0.435636476946714)
(0.386481748862150,0.534438466787088)
(0.523306744406964,0.761915506024838)
(0.482552007193581,0.745535920267148)
(0.641854591794156,0.604034917374863)
(0.986002019552526,0.713251450364585)
(1.12908900443043,1.18387039875135)
(0.786675261771679,1.68326498447256)
(0.116938388810951,1.78291511634354)
(-0.443480925118167,1.39163394238875)
(-0.606142343307155,0.791245080049729)
(-0.423051131166792,0.310249116988717)
(-0.107537092648886,0.0636753597980226)
(0.204095248720456,0.00431472511833233)
(0.463818477993805,0.0937661000487423)
(0.594166985716946,0.310624694843807)
(0.508876226724868,0.534994094887342)
(0.273393408626543,0.574213306719849)
(0.126409166293047,0.380165142620358)
(0.235780320395644,0.166313521594679)
(0.465785655822072,0.193334428971355)
(0.501266071821286,0.435231958459190)
(0.239372480799516,0.566015536728798)
(-0.0350497677427501,0.347543666675541)
(0.0370668983433389,-0.0358611201764697)
(0.428731107160691,-0.147687984384462)
(0.700232413952417,0.179796562174751)
(0.490543209545043,0.599437528860457)
(-0.0396623379739422,0.611856381176245)
(-0.359050616946096,0.133961731874439)
(-0.151642828254859,-0.400463537643411)
(0.350302692483843,-0.527829344887804)
(0.664415981474096,-0.244724494178844)
(0.599222325089655,0.0645583970091002)
(0.385207833394397,0.119792890003840)
(0.295498124500598,0.0175257556866497)
(0.299591921325118,-0.0198412171913143)
(0.202031858491976,-0.0191336068375925)
(0.0334807356182745,-0.211821597588028)
(0.105147723533831,-0.624740069156680)
(0.594649794944990,-0.896357400058729)
(1.20145804929805,-0.644611653916599)
(1.38399677493966,0.0310456022580817)
(0.957728408784938,0.571281455914362)
(0.330829799079574,0.539493010175176)
(0.0607453034076381,0.0872598724524655)
(0.248750929813701,-0.260150164108203)
(0.497017529036742,-0.232475366611929)
(0.457064697869231,-0.0860506337790254)
(0.269863307338769,-0.204240860342203)
(0.351906159656677,-0.555196804123653)
(0.815415918081812,-0.701402439652577)
(1.26724699736486,-0.347496842590238)
(1.24564703852884,0.264242563284835)
(0.756519555747033,0.602624026775835)
(0.261518937307229,0.432195838380367)
(0.155527692705139,0.0350386512731048)
(0.370282066974715,-0.155111345241532)
(0.534159126097929,-0.0281593441645229)
(0.426227699400501,0.161512223610439)
(0.167942105818513,0.151906387359739)
(-0.000219408306159325,-0.0557659160080527)
(0.00115203076099116,-0.291033249734701)
(0.0889819453289531,-0.454248992474087)
(0.199058191831103,-0.566713053944615)
(0.344923913638196,-0.637232711321497)
(0.503602129452598,-0.612789006273963)
(0.567758451125477,-0.502528027814282)
(0.491951130432301,-0.451834050104907)
(0.425628871757553,-0.586652624585261)
(0.585441600913424,-0.801131150547009)
(0.970187253065388,-0.805787347421565)
(1.28272333081351,-0.443775650213227)
(1.20626794322685,0.0861987635250674)
(0.744074494018925,0.386690126686942)
(0.237248262305198,0.241958114071310)
(0.0449651394252131,-0.188197780978713)
(0.235625209054662,-0.540168671418010)
(0.575102770299686,-0.567067170890484)
(0.754354384009578,-0.300790010489309)
(0.613516038769140,0.0193816461899778)
(0.224481887863830,0.126525093385457)
(-0.162660121311541,-0.100759312335369)
(-0.287431459235936,-0.537305888269097)
(-0.105647517927438,-0.882120127498685)
(0.123352650826873,-0.941428587176396)
(0.0889995613441532,-0.896075245054606)
(-0.136507661241012,-1.17176067765615)
(-0.0135829240710636,-1.89005716890446)
(0.903454852992405,-2.49021723753048)
(2.26354730643343,-2.14197072501217)
(2.99044463400809,-0.707398160102143)
(2.31516400241179,0.833329787963912)
(0.734309585028837,1.20446797966560)
(-0.318549991333734,0.190483216817287)
(0.0594297082607742,-1.01819972348941)
(1.21556302123115,-1.05230462191695)
(1.61587732145499,0.111484084143241)
(0.557434032919495,1.08780977044464)
(-1.02271334650855,0.619523301448176)
(-1.58767357433787,-1.03394867794986)
(-0.668877051245410,-2.44369348055841)
(0.768951797166147,-2.61121026996278)
(1.56823890797475,-1.89113319784350)
(1.60074823584352,-1.26019701949459)
(1.53432106602186,-1.05066577205788)
(1.68428743402047,-0.804747865561930)
(1.62168677319940,-0.260419829591109)
(1.02479757329604,0.0820310020118589)
(0.427327519190531,-0.296424140410780)
(0.615850738078465,-0.957013779848128)
(1.40003045423817,-0.860339025069896)
(1.57871278465622,0.198030344460093)
(0.440409761216709,1.02828469352174)
(-1.08540375675142,0.388645550383529)
(-1.34804155709222,-1.31691377706229)
(-0.0432146192257681,-2.29355441514954)
(1.22559537643288,-1.50485624672318)
(0.835318676354520,-0.0611673288889373)
(-0.780186112449987,0.0855855713485665)
(-1.61341325459896,-1.34868643572924)
(-0.704321819174423,-2.51293477660966)
(0.424394451962103,-1.80390755108598)
(-0.447231873371382,-0.169542205705446)
(-3.30820140248158,-0.256744024815555)
(-5.60216241235076,-3.25821907380977)
(-5.10814352314020,-7.40182910608764)
(-2.43476788584871,-10.1060491148943)
(0.138696161676025,-11.0928348044476)
(2.04336357721877,-12.3069250480275)
(5.45117817955236,-14.5198907571332)
(12.1334818914687,-15.0702595915800)
(19.8459234267400,-10.2504371076889)
(23.1827902244907,-0.0966213429780261)
(18.7604780253168,10.1831451670069)
(9.11983817816258,14.4694618692923)
(0.720585135123596,11.3904273962605)
(-2.00941945720915,5.24215068418537)
(-0.171543718842507,1.32412081335814)
(1.98393238739517,1.02547447469852)
(2.02382942233671,1.81381901149234)
(1.14784801530330,1.26446617914955)
(1.48914759050276,-0.131518479562925)
(2.96487415147841,-0.391399863177083)
(3.63848302986691,0.841346495834341)
(2.61282492741816,1.77641447796908)
(1.31540436974385,0.993526588110638)
(1.52252949143124,-0.631146057190381)
(2.96760843771033,-1.21218575831771)
(3.85318443607435,-0.499995048605149)
(3.54553141351189,-0.172404733366723)
(3.68409573166977,-1.27948638047803)
(5.99375043514700,-2.29729681649161)
(9.54359515325427,-0.620865593414536)
(11.1491754699332,4.13315476755779)
(8.72791780681369,9.13951254913043)
(3.65418765354970,11.0737409115053)
(-0.675926391906901,9.38620551954402)
(-2.28567169204506,6.40955412603110)
(-2.05966564840755,4.49656968602085)
(-1.90459066988692,3.78883522067298)
(-2.32111200233360,2.98844588412860)
(-2.33500006997126,1.58038768567581)
(-1.35622179176401,0.459359859168207)
(-0.167313218290210,0.444459680169066)
(0.201743847924985,1.02931779287377)
(-0.0803208630187705,1.13168697034682)
(0.00880940281046210,0.659531696938112)
(0.747933758343228,0.586892734155634)
(1.17191960682644,1.41445527555970)
(0.458791792028863,2.24323077780783)
(-0.727785977697555,1.88813669963576)
(-0.926398663868152,0.581892061702012)
(0.190194620275405,-0.133855800150748)
(1.24334594861672,0.648115233326790)
(0.836005554731954,1.94649666623428)
(-0.629854543773709,2.06149327672544)
(-1.40959786557959,0.728158777544900)
(-0.610646103970902,-0.540522529347822)
(0.708247805304504,-0.386403021621696)
(0.954459585797341,0.697031599819071)
(0.0622432578922056,1.10435716729459)
(-0.508832519368484,0.285083373174424)
(0.195268821007163,-0.546083673123256)
(1.28883778594280,-0.0951888467056457)
(1.21245814835142,1.18607380902519)
(-0.128949064672984,1.60590561315663)
(-1.11930895188989,0.458186202942155)
(-0.480450992395714,-0.962051423699898)
(1.02736168404564,-0.957733057101496)
(1.51807920568256,0.373281258257175)
(0.399863672170830,1.20880837565566)
(-0.807520254596540,0.325397521173480)
(-0.375513234915048,-1.26892285604019)
(1.37130656031171,-1.52947516429688)
(2.32437962713700,0.0222501082041283)
(1.16072858734283,1.53122912124155)
(-0.893494102155920,0.916252746550144)
(-1.28746466785643,-1.60524894269595)
(1.01078009070317,-3.55089718928408)
(4.28771695152459,-2.74275313499689)
(5.78420321065145,0.462783869084300)
(4.36545702537714,3.61106850289132)
(1.37376154525512,4.55094512691262)
(-0.903339720080003,3.20047729999076)
(-1.27875623590477,1.15663764380864)
(-0.280701368832501,0.00423571781140307)
(0.784298263345505,0.135978302210950)
(1.04987327356808,0.874926522463977)
(0.558874810851861,1.32651939529352)
(-0.0452964146953302,1.08357967734915)
(-0.122677205203926,0.418791017705014)
(0.455310037577086,0.00898975629216281)
(1.16331856353969,0.356748863338649)
(1.23178766053435,1.26912677016397)
(0.399280917630045,1.91485791701137)
(-0.706032733759983,1.58661438138405)
(-1.09890678594948,0.481166964679880)
(-0.453065637036778,-0.415280316454332)
(0.520176913644499,-0.338753296275651)
(0.836739338704249,0.442115587273707)
(0.308598688253345,0.974186654476286)
(-0.333352220881655,0.724316729295389)
(-0.377434967384128,0.114357513555187)
(0.0541140020674663,-0.118306972906562)
(0.297109110744483,0.138202129587814)
(0.0805657833575998,0.332228862955333)
(-0.157801859012095,0.0852465316415158)
(0.0471006465654619,-0.275299389267393)
(0.492388328857074,-0.205648437832149)
(0.575917205632806,0.247774622902861)
(0.156952305182927,0.470074269192491)
(-0.201787143730662,0.123128190681268)
(0.0176347565442879,-0.351919289104663)
(0.557810666086806,-0.300953162724420)
(0.695602677446759,0.249021806329944)
(0.207375529642877,0.592732420250801)
(-0.313317829710923,0.274109285808435)
(-0.236460415184851,-0.303377450577135)
(0.267747028335924,-0.419243098857952)
(0.472995052908983,-0.00565695401606519)
(0.0947341977315012,0.275259818758933)
(-0.323412776761117,-0.0440375514223506)
(-0.172734613486455,-0.581656892592416)
(0.358059220219630,-0.638389014565080)
(0.534386955914790,-0.194117731557188)
(0.124244767116581,0.0325184004807082)
(-0.218103335569973,-0.403714373317204)
(0.167723151525571,-0.973709943820306)
(0.963664238910667,-0.819428052023577)
(1.18185143848423,0.0494010246695632)
(0.456760206459604,0.644416364081099)
(-0.386597040872918,0.229815732856667)
(-0.329167213526164,-0.680813979469233)
(0.518320837083617,-0.929081302276789)
(1.02050866173365,-0.201187837631903)
(0.479010601611007,0.541225801757654)
(-0.439966007066496,0.301890696725914)
(-0.561044158983108,-0.631925519640364)
(0.248390735273586,-1.04335804306861)
(0.875970346200022,-0.384118733266941)
(0.412695695937035,0.480967664661364)
(-0.642617821153632,0.392834368219447)
(-1.03475905966676,-0.578039423145192)
(-0.418605271357022,-1.23813571213720)
(0.190212473667449,-0.895614229165430)
(-0.171091431168353,-0.325958354650492)
(-1.01169427292380,-0.715710272995157)
(-0.958328203463563,-1.93627006475177)
(0.340858101030836,-2.51876217929263)
(1.51766799658394,-1.53601939153134)
(1.09653392914542,0.0182619342704345)
(-0.541199119988170,0.312344994572856)
(-1.48824792765193,-0.974567575895045)
(-0.766176237580249,-2.08529303477267)
(0.150085391158942,-1.41248784580547)
(-1.05479224219770,0.0625381989808152)
(-4.39479793460190,-0.670451932964582)
(-6.69006842852053,-5.28538863410920)
(-4.38425157744949,-11.6303217602972)
(2.72292928789020,-15.1162228252168)
(10.8358616260701,-12.7752510539973)
(15.3418076084954,-5.85767315219297)
(14.5287471495224,1.51303682859033)
(10.2947591605304,5.92543924227737)
(5.75368699705184,6.84093474605721)
(2.66726925489942,5.76781027147041)
(1.05613104341842,4.18155857201648)
(0.448166758398938,2.63341781800830)
(0.691337203761690,1.36949679636245)
(1.54076332027382,0.891768727583795)
(2.16947387115645,1.46456271774135)
(1.73384849567445,2.41951754924558)
(0.411842595009916,2.56164071753859)
(-0.574048531759296,1.46076568082008)
(-0.240973199500508,0.0546526113352113)
(1.00357075486365,-0.316809913585244)
(1.75903701179053,0.589443852647122)
(1.17596908367092,1.63221193284860)
(-0.119667378192651,1.55041553903469)
(-0.747788847956410,0.322995167008615)
(-0.0641392779116982,-0.876855930281805)
(1.24569080879760,-0.971661830536703)
(1.99307650854216,-0.0189360780447946)
(1.67709193242452,1.03112202812482)
(0.776696192044065,1.37907659726934)
(0.0632214036819883,1.01303255074354)
(-0.132551733478519,0.439479808649736)
(0.00859207895677802,0.0669082211294720)
(0.182000098319587,-0.0448101978504322)
(0.222586096202450,-0.0240728711263896)
(0.0876242880241087,-0.0259851700267895)
(-0.165302728623953,-0.225344664030134)
(-0.299874794005251,-0.736265477867185)
(0.0108272747892944,-1.38112062281909)
(0.800519252323589,-1.66088074673597)
(1.54393637501444,-1.21035078731963)
(1.52611075498757,-0.362281207998567)
(0.662772609147668,-0.0614022947912463)
(-0.134215651393362,-0.959433787581253)
(0.332270906934907,-2.54650785584674)
(2.30621654445306,-3.36679949210634)
(4.60550003042580,-2.30574431037123)
(5.54349455622587,0.282386570404096)
(4.41676217169252,2.79269224379217)
(2.08724373622250,3.76018047903326)
(0.114014090305727,3.04072125775106)
(-0.620518748423666,1.67209048613190)
(-0.422598052418351,0.723025625433492)
(-0.108628864330266,0.409982762612668)
(-0.0648145219443593,0.278288053705950)
(-0.0628030245517579,-0.0116134618338871)
(0.179001876237833,-0.302259661285393)
(0.534990162554714,-0.295915283568597)
(0.665910921937208,-0.0375015524210124)
(0.500583110624312,0.141424874288487)
(0.305138620746999,0.0837564296861237)
(0.261860636280233,-0.0101505533714608)
(0.181613350359887,0.0494613725717453)
(-0.195223770351000,0.0456166708393017)
(-0.680014799527321,-0.449145786499703)
(-0.651383719319998,-1.43822079082895)
(0.264587587775396,-2.24165961855649)
(1.60696056542741,-2.07187548871016)
(2.35926184301767,-0.897302239933126)
(1.91071410823741,0.391832228642238)
(0.687687998348478,0.785387676787325)
(-0.253464706080927,0.112579569684180)
(-0.263183069009919,-0.851909392934454)
(0.318688868797287,-1.23327937237772)
(0.615593490104646,-0.952194298510880)
(0.194594009849316,-0.757091605646102)
(-0.434706385497361,-1.39798471271693)
(-0.278358911610059,-2.78345933797995)
(1.17955363966679,-3.92268739182552)
(3.38358264140567,-3.70348452209813)
(4.99904009288295,-1.85186117401655)
(4.88745744548684,0.707673240997989)
(3.03480154947626,2.42597354479578)
(0.678057508789115,2.27987754411805)
(-0.590284910900423,0.623853832775668)
(-0.121328677975525,-1.04833512574978)
(1.21550632368640,-1.38780473981889)
(1.84488259862693,-0.440347223661327)
(1.05630252233387,0.402031401875851)
(-0.219383572761586,-0.140675042631485)
(-0.365003338002056,-1.78616517013206)
(1.10320935171540,-2.86978968135957)
(2.82747685796052,-2.13994054224175)
(2.96092204468771,-0.284241768405707)
(1.24938544793841,0.614306863167931)
(-0.484341752201924,-0.714662396234291)
(-0.158714840460427,-3.22858288995070)
(2.32975233349696,-4.53044943282989)
(4.92871642889783,-3.34428482751078)
(5.56407026738888,-0.812573044274518)
(4.24775418512983,0.810372679846575)
(2.85109633100719,0.581429859138137)
(2.88738263528303,-0.301347188237309)
(3.86772743840419,-0.0988070190341867)
(4.04120695895626,1.37162963624111)
(2.55030089149066,2.54045688600409)
(0.487044156491175,1.91493397505828)
(-0.277042731179082,-0.227879279582771)
(0.941588107381781,-2.13944291883880)
(3.04993313470045,-2.40253310118778)
(4.42320067454517,-1.19123652111277)
(4.44844505480334,0.199585672863196)
(3.79989320187474,0.756246608057631)
(3.49709905250463,0.526274530762506)
(3.96871213448321,0.259006186165958)
(4.91565748551296,0.644335955808847)
(5.68817453943025,1.92525445501991)
(5.61140518623052,3.87105272946913)
(4.23297339141686,5.78539083999681)
(1.70601142398037,6.65687526802991)
(-0.962910814174856,5.76140816556420)
(-2.37866670472840,3.41954257869272)
(-1.85244558266655,1.03135581857673)
(-0.100173846614849,0.0341499825372455)
(1.33438605637599,0.675279613727247)
(1.47078057546559,1.89492442915114)
(0.655625769286907,2.47382698366768)
(-0.0740579073459277,2.18286277479309)
(-0.206881668777752,1.71114786569235)
(-0.138565232159973,1.62399986414915)
(-0.415607879014895,1.69719497187753)
(-0.927468362444772,1.37126982419965)
(-1.07634734844581,0.608503467375701)
(-0.615480303025081,-0.00685947964933005)
(-0.00457602168117458,-0.0165853893232149)
(0.168683875416367,0.338634693217076)
(-0.0938632572168654,0.462216920616532)
(-0.279137047363071,0.167205684898774)
(-0.0816421306433130,-0.151174651524313)
(0.217666355503766,-0.114658263249111)
(0.183093738221289,0.110141770869461)
(-0.160449900712457,0.0468210055019904)
(-0.353052231983667,-0.456087373944746)
(-0.0802709872456639,-1.05366329538553)
(0.505461949771768,-1.36777407476208)
(1.10474869272631,-1.38613535175371)
(1.68487528172951,-1.26160144704599)
(2.34656627642590,-0.898953923429000)
(2.87032629083484,-0.0481918351013452)
(2.72902525523432,1.14570576379906)
(1.73617420648206,1.97069338972295)
(0.508299125009064,1.79932201939311)
(-0.0156115146312151,0.868486690264899)
(0.423876785250021,0.149570063850528)
(1.08508856608600,0.319653773772163)
(1.05539612530095,1.01138831507832)
(0.294762764226440,1.26487697786367)
(-0.350071861856827,0.665483944377573)
(-0.169718262152101,-0.189390610210010)
(0.588162757092184,-0.427893438841100)
(1.06191894632513,0.0821781997930521)
(0.802322279927298,0.655316751531676)
(0.217783553448385,0.661546320676329)
(-0.0316014726956449,0.226539003887973)
(0.144012175631522,-0.0590295929254892)
(0.246203188992266,0.0363858079326393)
(-0.0786014468534225,0.0939523689105826)
(-0.521579102371195,-0.390092735639507)
(-0.436190974615225,-1.32525698559293)
(0.423622646450708,-2.04991345257003)
(1.61291807738601,-1.98311281925102)
(2.40796333662063,-1.15265613629781)
(2.40432704739749,-0.115400496195373)
(1.74101593557925,0.506533365678746)
(0.918234503242439,0.396122258841961)
(0.501742263354594,-0.349782239022989)
(0.865993011398895,-1.26813640904117)
(1.96416459613072,-1.70874001417260)
(3.24178238320281,-1.20538114918948)
(3.91600515445386,0.129659659661919)
(3.54721408163603,1.59020630512451)
(2.40967358277181,2.38870321364417)
(1.25194948073724,2.26904024064950)
(0.661844809038412,1.62087985844405)
(0.679463313267135,1.02730504929667)
(0.978311089913557,0.785462176384824)
(1.26800917404308,0.868043181431686)
(1.41895443623728,1.17834457780614)
(1.31123747084693,1.64100944638667)
(0.812726523475321,2.04958757681861)
(0.0178639373531453,2.05293754706311)
(-0.639775886426736,1.48525998793114)
(-0.727336601857681,0.659627095872949)
(-0.292427916855817,0.141918690051173)
(0.146117629624049,0.161349528671798)
(0.175589102882313,0.364427563781976)
(-0.0417220791169091,0.262398073306297)
(-0.00639552907861372,-0.157220237179118)
(0.461723691328462,-0.426560354426817)
(0.986457531387053,-0.204351855094031)
(1.11402761032572,0.295920251848896)
(0.865957426936267,0.603400139070616)
(0.642058766455378,0.590663602134040)
(0.639485274926767,0.563037369063098)
(0.608944562000662,0.741403059404381)
(0.286461045403325,0.892509314350363)
(-0.125542927130892,0.658446758452714)
(-0.155085782006553,0.139886248987651)
(0.279350222943300,-0.121520877183323)
(0.661324116497566,0.178276881261192)
(0.483953007409572,0.654100779966237)
(-0.0810337619500054,0.667001990659385)
(-0.362064144357122,0.136590378455387)
(-0.0365100974105249,-0.334986603459341)
(0.444169175607925,-0.231351568859467)
(0.435698923354899,0.197589107765282)
(-0.0435276527193156,0.247074104032458)
(-0.302868027585274,-0.317479425174490)
(0.147572832151955,-0.917818522012151)
(0.956962170192993,-0.859228535035473)
(1.34789137392475,-0.180226248776269)
(1.04668107093344,0.419647998934926)
(0.548292794668127,0.448362932550021)
(0.428775033063662,0.156616285984934)
(0.643659399616832,0.100416476715569)
(0.700632029136627,0.380356801782125)
(0.393495604995831,0.573584705936168)
(0.0705864609227290,0.382974517599669)
(0.107991918509110,0.0643913301712777)
(0.362852782660072,0.0497222256269521)
(0.378230986600938,0.321697772960285)
(0.0403274668521547,0.430636368996704)
(-0.244586781857065,0.130984774100552)
(-0.109604106506304,-0.257423756016570)
