14963047608632064952545301782115.
0.040000000000000001
(-3.32196038700575,-0.538121248438554)
(-0.713508710508786,-4.27105818239218)
(3.41670330727670,-2.56153169010472)
(2.64261914033603,1.58516927144556)
(-1.23428949686194,1.51652471363070)
(-1.56058892368278,-2.07621057512583)
(1.96581887471651,-2.66223741367122)
(2.99837501418245,0.994807005755483)
(-0.636159758034904,2.82559188928251)
(-3.31469396240601,-0.256455294917067)
(-1.17179454944261,-3.24846245003762)
(1.46239394589698,-1.71777263657282)
(-0.276178032629244,0.572812827433468)
(-3.06096375096955,-1.74394112854103)
(-0.782699906045935,-5.83332785132019)
(4.56398968502114,-4.65683475465356)
(5.11477987290153,1.15888283462355)
(-0.310602822281458,3.39188827003703)
(-3.81305886413657,-1.05412573982870)
(-0.654598356337303,-5.21560543450301)
(3.45449549201950,-3.20638429119715)
(1.92081071189895,0.508031153661539)
(-1.88151693764719,-1.18023459015405)
(-0.295588066087370,-5.95156021704589)
(5.63089338867657,-5.56129004358794)
(7.26752151067503,0.581875012629483)
(2.13175194090073,3.96184934520107)
(-1.99438180184081,0.268494540908379)
(0.667041359578406,-3.93617986038668)
(5.00333974325741,-1.87630136733979)
(3.65359380531516,2.81174555181514)
(-1.15405593802869,2.49494508091405)
(-1.74457248708712,-1.89087372537216)
(2.09586127216008,-2.75566019317058)
(2.86243928025724,1.18388876824921)
(-1.90498908573250,2.47787159312379)
(-4.97306348328726,-2.79471476690296)
(-0.743011172869997,-8.12188495524820)
(5.70819927005374,-6.39614782776629)
(6.41064004524567,-0.720929970127371)
(2.45918891950106,0.922406951436183)
(1.22944566561979,-1.92939727742657)
(4.16054170984443,-2.64291854681382)
(5.14425242674109,0.870095552617921)
(1.39955640400936,2.81309416924087)
(-1.64933129937996,-0.496635805291513)
(0.648859187632961,-4.32500265028428)
(4.58083368180940,-3.26844703592546)
(4.36981342025383,0.0910885205040983)
(1.59683035473196,-0.100255940118727)
(2.11764729256720,-3.07942559599084)
(5.95609300535522,-2.93210906924735)
(7.16469660866594,1.29399374238087)
(3.72125603243193,3.84310052458551)
(0.857432253281469,1.66228041910963)
(2.42953210080093,-0.789842051951725)
(4.82801450698803,0.877531490095450)
(3.31553182369799,3.88178700993832)
(-0.141188947359757,3.26376232912247)
(-0.507128458498186,0.170524281238045)
(1.83050981168283,-0.462125684921389)
(2.15268051963311,1.58898828697043)
(-0.214529845289002,1.81760588955118)
(-0.892650109064384,-0.825372848476745)
(1.56235393632880,-2.01119530499831)
(2.83831139516276,0.165947434683960)
(0.476170856084519,1.41161657596700)
(-1.29650046885522,-1.41210229414208)
(1.46643272518885,-4.28574351627335)
(5.17770730775432,-2.40329828591094)
(4.22956777813245,1.29316502666215)
(0.786053326121017,0.475056889919256)
(1.89950101728056,-3.60184337571688)
(7.51540257861470,-3.12508647720049)
(9.21696513740970,3.54660966450438)
(3.18109174449003,7.93289074857896)
(-2.91456473027211,3.87291563686185)
(-0.914779154191941,-2.65040288443043)
(5.49412193272286,-2.22771461054862)
(6.52554013853302,3.92597586362590)
(1.12531356106630,6.42484319345656)
(-2.26636293820133,2.39037604236580)
(0.518489853352860,-0.942579890989657)
(3.44964545104046,1.41569116902707)
(1.00027496026525,4.49699647783494)
(-2.80372333797943,2.34251894291300)
(-1.62082973210785,-1.95521894198112)
(2.43346908178952,-1.78477794042488)
(2.64174603304386,1.69250744853508)
(-0.676853330245476,1.74713848032752)
(-0.730825192131262,-2.06411563322939)
(3.78016163785180,-2.78030502265635)
(5.75019805639866,2.02975710663334)
(1.32833328825770,5.39835390356563)
(-3.14844577935684,1.96383549665181)
(-1.02236083657176,-3.07105418657952)
(3.93384945995156,-2.19832974156258)
(3.82223968639981,2.22946882745295)
(-0.210232326503474,2.17034073106477)
(0.0668268735620734,-2.27249254615975)
(5.72657148498505,-2.51513612389881)
(7.87481313164904,4.13416771501610)
(1.73003464272112,8.96024463710583)
(-5.02585160553183,4.98762597087210)
(-3.68269298676733,-1.97103670740250)
(2.23031179745585,-2.31632594581665)
(3.04053573525376,2.58336997661212)
(-1.61974049738787,3.44204550268178)
(-2.94004080432504,-1.47655172374424)
(2.06961320340325,-3.79570301124945)
(5.54578111208322,0.796704600619731)
(1.81062040493545,5.22260219217743)
(-3.19562806857020,2.56913413436703)
(-1.62461614805010,-2.63385559850893)
(3.52139311068277,-1.95665863502396)
(3.53421314655326,3.13204919714522)
(-1.64121047263157,3.88856434866869)
(-3.49090135499690,-1.27479827054550)
(1.04742270195762,-4.42818579815492)
(4.99966186462299,-1.29566316982814)
(3.35441295663613,2.27901365208358)
(1.02640471855280,1.02456370266350)
(3.41700551666126,-0.581590470811071)
(6.08901044937582,3.37648099114205)
(1.93963607065721,8.62024543047692)
(-5.63779942206301,6.41304433793400)
(-6.46334784229962,-1.71493941723919)
(0.480255922006217,-4.95356043697580)
(4.77868260557838,0.333437779265645)
(0.616101215935891,4.90893409065981)
(-4.30540455519299,1.37150747997466)
(-1.45913330049828,-4.18002771622929)
(4.66875022635293,-2.37081666592365)
(4.05934675688268,3.99564314679466)
(-2.28188595907852,4.48927659641383)
(-3.80381753878390,-1.79415738993679)
(2.39085687543536,-4.53696702055406)
(6.66058758543464,1.16666993181560)
(2.23479139608494,6.86970707914205)
(-4.11268861452066,4.31918046339560)
(-3.22176578708997,-1.64770757650703)
(1.96417208823240,-1.54229563240618)
(2.00711365890397,3.33043275159837)
(-3.17252453091286,3.71073369304466)
(-4.49862799591139,-1.77264948915914)
(0.749331361487366,-4.29259474380300)
(4.20013699554414,0.294811866620430)
(0.314647641518892,4.36841625452526)
(-4.31468036242564,1.14192771590425)
(-1.86693082846866,-4.02974753172193)
(3.69044270055026,-2.51772412797095)
(3.15436141020366,3.21678456057238)
(-2.61168134237058,3.65275848996835)
(-4.05083646457054,-1.99047881429806)
(1.24878251706471,-4.41147147395500)
(4.51979995160305,0.363152001836808)
(0.340111932631528,4.35518533434958)
(-4.33481411233905,0.838648670582549)
(-1.65335520434745,-4.47169728341397)
(4.10892098663324,-2.82149101082164)
(3.56965946605523,3.11151439054091)
(-2.28266561659737,3.63112697754661)
(-3.75956222348224,-1.97432431984761)
(1.49318025123901,-4.32070954496826)
(4.65563264053372,0.489241900104719)
(0.410335239205444,4.43161472302932)
(-4.23029502770604,0.914647640157610)
(-1.57705592661647,-4.26038149040736)
(3.95580110051462,-2.51818689154972)
(3.15183250347705,3.25856292030849)
(-2.74227928372261,3.49138786565168)
(-4.09667527675300,-2.25527769533867)
(1.17222722749860,-4.62165827764040)
(4.26536129576854,0.00486841700504938)
(0.213059926920717,3.60697556394442)
(-3.89875262948746,0.0284137039807583)
(-0.860701214595035,-4.69879304402130)
(4.50078242609635,-2.42735270165182)
(3.26145541707028,3.41746507954125)
(-2.74128462186254,3.39567996356258)
(-3.90037650800133,-2.33438038281101)
(1.25329105799816,-4.34878351391076)
(3.73429100986234,0.297144335134651)
(-0.732440047045309,3.19382831413266)
(-4.40964435116028,-1.20680762818008)
(-0.467437340908739,-6.00854980182539)
(5.32481768282168,-3.13616784869597)
(3.83150583168851,3.10076562357625)
(-2.35257387645016,2.84242968911992)
(-3.03663853061923,-3.13730749012103)
(2.81714195831829,-4.67099368271345)
(5.36885459164385,1.04520525214384)
(0.108743957146781,4.81261268006156)
(-4.75885018427999,0.555463563650054)
(-1.88188207937694,-4.83507208216520)
(3.31535448190171,-3.13189265331916)
(2.08349405443157,1.64394548731126)
(-2.79382321964494,0.367881861705825)
(-1.75905960394686,-5.36276347121481)
(4.97854579881430,-5.48541265221547)
(7.00414617137570,1.55860394870379)
(0.677974917196288,5.46980776098369)
(-4.46178471344077,0.505451456832305)
(-0.873559083215385,-5.13010522003480)
(4.90095694111751,-2.56804108403189)
(3.10562565296154,3.41451968948546)
(-3.25894148476936,2.50165409936689)
(-3.59167414996165,-4.10570452880343)
(2.72035100222358,-5.82722110151988)
(5.44483610894506,-0.310522976581665)
(0.662465232668785,2.81385681993098)
(-2.72355463023343,-1.77374435384608)
(1.95927986292696,-5.97747927757154)
(7.61902875394892,-1.72287683045787)
(4.80684799883989,5.28647940217820)
(-2.61475371910851,4.50180994330451)
(-3.51572437785753,-2.35791720425294)
(2.55893181903151,-4.16993544982796)
(4.97618416214538,1.51463181747519)
(-0.451703770535737,4.89265754686530)
(-5.00908589141785,0.314006880199932)
(-1.91326804111079,-4.77693777556493)
(2.69748466667581,-2.82827521505577)
(0.763881800065362,1.19182330899003)
(-3.75085204406369,-1.23915526647087)
(-1.76158912593933,-7.16787386043443)
(4.99596945475222,-6.92608079510503)
(6.45545588338455,-0.805471994272250)
(1.40038119271822,1.00230200204131)
(-0.00687132644328057,-4.18294290848862)
(6.45068176633408,-6.25367283133826)
(10.8530924075197,0.836056440558823)
(5.00538126433113,7.81406716338651)
(-3.19715317832468,4.29655653298567)
(-1.53989686955696,-3.90923090784873)
(6.72203936322072,-3.36255026094799)
(7.56333226557352,5.45000471212043)
(-1.38008282090819,8.53779937456776)
(-6.80782632094887,0.714855451499810)
(-0.942943746472797,-6.09600929273763)
(6.25197570068660,-2.01140489449587)
(3.42678780252232,5.29647424385267)
(-4.09716529991600,3.62466624315654)
(-3.73627852766641,-3.96169118057125)
(3.58194952181047,-4.84305378747236)
(5.50969287722611,2.09309160499351)
(-0.971041789316172,5.10459411393713)
(-5.04154599162795,-0.467912180372682)
(-0.802488389967164,-4.88373243405232)
(2.94642574952926,-1.37468654447959)
(-1.36565077987940,1.85038978544887)
(-5.89669998523359,-3.94993471794067)
(-0.167763326766463,-11.5674565103435)
(10.0294131111904,-8.50889775020946)
(10.5180934761241,1.73508118200102)
(1.99582661063688,4.06758780175419)
(-0.221855514405567,-3.61171130627846)
(8.65558144216645,-6.12112399610761)
(13.8078209611876,4.19725897095437)
(4.30209899780937,13.4558534794965)
(-7.99481080555350,7.28915172205061)
(-5.79895022732415,-5.72099543760991)
(6.48875564448155,-6.52496330282879)
(9.42912004358196,4.89706495071593)
(-1.10923922289948,9.90425637754907)
(-8.13243280329510,0.832144281131780)
(-1.09486773918178,-7.53432071280779)
(7.77987372797218,-2.42732299433876)
(4.13640890640754,6.66599351382231)
(-5.30354776848477,4.36893086602993)
(-4.61326745367393,-5.30013718829545)
(4.78654866232434,-6.24680158247135)
(6.93502781096101,2.58493824212533)
(-1.60675322767349,5.59152440219278)
(-5.78629937685709,-3.04300415825592)
(2.68219479042715,-9.09354953373108)
(10.8655628783667,-1.71404130445137)
(5.44180473108325,8.10042032957654)
(-5.21929908167061,4.93651706287497)
(-4.29565059527493,-5.99702534661710)
(6.40164515819975,-7.33130865714301)
(9.81893530142918,2.40136874232395)
(1.63170906403461,7.13346202136799)
(-3.41950287063953,0.236679597437740)
(3.16276390675709,-4.89601021440530)
(9.23922723186728,1.97097791967907)
(2.70230631054592,10.0413642538009)
(-7.43199331446093,5.21000972630281)
(-5.25429572895033,-5.95097541790137)
(5.66861771842645,-6.33437434106924)
(7.84792554302485,3.68302391955329)
(-1.33240814153179,6.92437884457091)
(-5.38482126325312,-1.89122437180997)
(3.46576675651926,-7.11218078034680)
(10.5934506990080,1.60882729022425)
(2.91911911927429,11.1338715154272)
(-8.64691243703501,5.69472592338754)
(-6.07433057571298,-6.82892281551646)
(6.38821817075232,-6.91939993836731)
(8.66191599712199,5.06146733795861)
(-2.71988629097922,9.35104762920153)
(-9.04292148101335,-1.09496344479961)
(-0.0207995699360282,-9.20385316088975)
(9.41923526588832,-1.81844208006777)
(3.66123279463977,8.74138357758827)
(-8.01718052520230,4.89941912802635)
(-6.71936912769075,-7.46655636639471)
(5.24130169967449,-8.91182607062177)
(8.64670790965074,1.69065540561683)
(-0.704703910556302,5.93104603562051)
(-5.50182494911786,-3.06372090973593)
(3.57255086047188,-9.18757027398652)
(11.7710084115015,-0.690633457520238)
(4.85782586019413,9.39835223169877)
(-6.40592505551885,4.43096121264172)
(-3.25134510101049,-7.71823286440068)
(9.92072004747372,-6.67761093737589)
(11.8810771415036,7.10475271147123)
(-1.12641962440579,12.5035611260846)
(-9.14000911015729,1.67799321019264)
(-0.754987585664643,-7.49342332420626)
(8.80543071371338,-0.792825211768466)
(3.22135385044441,9.42907456699249)
(-8.07765022504128,5.26240554198978)
(-5.95000716804783,-6.86532420535018)
(6.35251111913431,-6.93623457833745)
(8.38995680783487,5.17101136084126)
(-3.46545021940028,9.15272044985727)
(-9.67530870568286,-2.14973090196311)
(0.338480332320394,-10.6369924788150)
(10.5966474803290,-2.59487518961451)
(4.72436018104962,8.73203641135276)
(-7.23112574026868,4.94330762556906)
(-5.56065150886799,-7.36877131270106)
(6.64403977467040,-7.89528471735625)
(9.08967811173028,3.63805295541574)
(-1.62946339122561,7.40512046669108)
(-6.43338634920212,-2.92791712866842)
(3.88752717835446,-9.24037802074492)
(12.5098802423608,0.645548051334189)
(4.22950464253102,11.7962090267979)
(-8.68582730312825,6.19469394196106)
(-5.98661638823930,-7.26965558017253)
(7.23983410067832,-6.92083160553452)
(8.67520749289598,6.07764162846634)
(-4.44400199316060,9.40897914590598)
(-10.4202704496688,-3.66067944971645)
(1.46437847158793,-12.8397688237487)
(13.2906222500438,-3.69901539339540)
(7.65077347835777,9.08922208414695)
(-4.46269147713470,6.18710367205517)
(-2.74255836073351,-4.98053524483450)
(8.56329216310700,-3.67493537788795)
(8.41364821558343,8.78275466078628)
(-4.90573820900171,11.0966138055996)
(-10.1439268495489,-1.82062996076219)
(1.42049480155128,-9.38898871483723)
(10.6592661850300,0.732375630977349)
(1.88775551452989,11.6007292595721)
(-10.7515676682264,4.61042264605495)
(-6.24138045687724,-9.42052487604944)
(8.37135017433138,-7.67308329300883)
(9.18497262779475,6.90161813258457)
(-5.10086824524466,10.1028658762871)
(-10.7713349671544,-3.60639844343971)
(1.78860765145481,-11.7492137616791)
(12.0473927743823,-0.922701609317366)
(3.23822401034205,10.9249170764041)
(-9.79695368836236,4.20332923629809)
(-5.24645547673892,-9.72767355067656)
(9.25618973145400,-7.43214778786447)
(9.21081756064029,7.35421547500782)
(-5.70256816438698,9.62159827124214)
(-10.5891968573561,-5.14894067281338)
(3.31219305349744,-12.9197855191724)
(13.6229177141113,-0.857272852188269)
(3.84400850125221,11.0251295388686)
(-8.86227682596774,3.07565691994654)
(-2.11436114838364,-10.7110684068277)
(13.6242208479520,-5.50006615814613)
(11.3801126599368,12.3644842044367)
(-7.35976398159094,14.4130728495026)
(-13.7163178919373,-3.29615235678790)
(1.78157453887797,-12.8152409133822)
(13.3603049327686,0.440065058734800)
(2.03776936378430,13.7797563157827)
(-13.1696470119038,4.57373979973294)
(-6.65754459798545,-12.2708262362035)
(11.1835851352226,-8.82950715612802)
(10.8441142401770,9.40444747211343)
(-7.35681132976081,12.1902975667984)
(-13.3855008392640,-5.42467596063703)
(2.86561775903527,-14.5609742673445)
(14.5414244223773,-0.274375403457149)
(2.31272484701411,13.3323217689636)
(-13.0553841711908,3.02942685723982)
(-4.88192596267671,-14.2813171250472)
(14.3759302616530,-8.91317748257046)
(12.5994778419686,11.8104322146947)
(-8.74325648590887,14.1952843417722)
(-15.5963168264506,-6.70987267026528)
(3.59176378164372,-17.9874044426143)
(18.6107111609665,-1.84045755796822)
(6.29667486159019,15.5770598887007)
(-12.1558034454738,6.93720268310899)
(-6.48969299690509,-11.9433532267581)
(12.9490019670640,-8.93008127420069)
(12.9929062708177,11.0899799490165)
(-6.92857135141091,14.6772428578145)
(-13.8928885688347,-4.16767769183655)
(3.38482097291929,-13.8558272210417)
(15.4215512056485,1.90964633511894)
(1.25363532853572,16.4504132055323)
(-15.9189547383998,4.51492423396517)
(-7.01388082667288,-14.8776379893757)
(13.8399100952795,-9.43307743117066)
(11.9538757769959,12.2345240189053)
(-10.0226040011242,14.0172174662485)
(-15.6169211807067,-7.64022293924890)
(4.97270850918167,-16.9748945075744)
(17.7603345938773,1.92583437884149)
(1.03305866077920,17.9007075887689)
(-17.8764401641321,3.93453220157018)
(-7.34134377050227,-17.3801618028546)
(15.5465231445145,-10.6605411129085)
(12.6051425432048,13.0791885991201)
(-11.6423285716457,13.8530422192992)
(-16.4280111786574,-10.6072925906708)
(7.51172623802459,-19.8464398453705)
(21.2423275858343,2.44370137016141)
(1.61211571471297,20.1384256121209)
(-19.3242519459761,3.74096632727686)
(-6.47705299045756,-19.8850095113691)
(19.4259620344622,-10.9716624189285)
(14.9630757189199,16.6922516658035)
(-13.7092636353312,17.1867164002117)
(-19.5132434186730,-11.5102201649817)
(8.04530036019462,-22.6940328667221)
(24.2722286189590,2.53787638052223)
(2.31027505308875,23.1006717978465)
(-21.7978748411046,4.96799507420301)
(-7.87538692491403,-22.0704281843325)
(21.5342657206688,-12.8681201257354)
(17.6353669512684,18.0588758698736)
(-13.6208017179273,19.7080176708191)
(-20.5284773848129,-10.7871308304220)
(8.57392535605288,-22.4909770145846)
(24.9071675926967,4.82375184421818)
(0.0458584754636503,25.8504485743876)
(-25.4772968181283,4.46785959644914)
(-8.54301657747272,-24.8690346403074)
(23.7238472779877,-12.9993666750943)
(17.3464994842922,21.3897070159761)
(-18.3079549677989,20.9571902714112)
(-24.1479178339730,-14.8623113316558)
(10.6486827101511,-26.9419764882640)
(28.6857706168651,5.82583240312566)
(-1.16028637504895,29.5462884439938)
(-30.2247498246237,3.64961639590844)
(-9.35869468024855,-30.0642045078110)
(27.9857309183048,-15.0122348410933)
(19.1751766427305,24.9857668479680)
(-22.6670926254203,22.8232331824883)
(-27.7052084328973,-19.9105608969118)
(14.5989136529182,-32.5534974026921)
(34.8058448067027,7.86814466175086)
(-2.47034924119002,35.2941788264391)
(-36.7594865445586,2.31304231247264)
(-9.39693497213209,-38.4105253870404)
(36.9250709216056,-18.1531098720698)
(25.0861462457839,32.3956899908657)
(-27.9791888689576,29.8639232465425)
(-35.2180351076132,-23.8775794710004)
(17.2923772074432,-40.9469501331117)
(43.7778604326775,8.47094449915355)
(-0.984986128705070,43.5417671235431)
(-43.7088853171600,4.57830788606594)
(-11.5155941373955,-45.0381628365381)
(44.2762902089906,-20.7653187989075)
(29.2473216433549,40.1426537864825)
(-35.2545726587843,35.4857400259301)
(-41.6953502673802,-30.9171105183596)
(24.9544761743224,-49.0036182004369)
(55.2541917015092,16.0276732207734)
(-5.79240864848107,58.8106768505931)
(-60.5647866722246,4.34214119083558)
(-14.9323046947086,-61.2532241152375)
(60.1404777921898,-26.3079805011294)
(37.7060191821987,56.8077946025874)
(-51.5736317637412,48.7203014289776)
(-59.3068374997950,-44.3546314239910)
(35.0244280900026,-68.9608355309792)
(77.3615470589881,23.8678019678902)
(-10.7420343468487,84.3288573824484)
(-88.8681363763437,4.16020034158829)
(-19.2743718247873,-90.9706294376960)
(92.7585532896237,-34.9139755396388)
(54.6166444684478,93.2909652619805)
(-86.9211585970870,77.4204055585157)
(-95.9692405695063,-74.3798453914447)
(64.6604709990239,-112.521984782365)
(140.757063902203,50.8554749448693)
(-6.73595412336957,167.497116657275)
(-140.796222167439,52.1495396964164)
(-31.2256329006042,-61.9744690559306)
(77.8813719141845,121.706952042296)
(-232.107219942658,355.051308141745)
(-777.807654705498,29.4044923955236)
(-743.064594903906,-881.418114331253)
(279.388466699568,-1456.11777116583)
(1498.78600424050,-813.950256294752)
(1645.64429678664,672.821992379155)
(477.564372664975,1617.78800990922)
(-855.731874705863,1175.42641375991)
(-1129.83370724394,-14.6698792398504)
(-396.118606924543,-674.738484664987)
(289.902785226027,-385.965933322298)
(256.659629547990,148.276136347911)
(-130.317214584937,203.989400597885)
(-212.351561070233,-100.890802392349)
(46.3921356686417,-210.221368714750)
(187.006424668823,3.49282615706713)
(22.4890284081645,165.144094929470)
(-147.794131663994,46.1585883571132)
(-68.3477587569977,-125.737814229977)
(100.355891734924,-81.9128998905936)
(88.3226539914079,78.4423289587759)
(-59.7695483547332,93.1612681567783)
(-96.6462245360095,-40.7752460653288)
(21.7138492494847,-96.4737565914570)
(92.9910665776940,4.51873123151049)
(10.7064317433669,87.5347766933544)
(-80.2419299176177,24.3059446148355)
(-35.8784242197980,-71.2544398418003)
(61.1810555417708,-45.3312015626617)
(52.8063562246569,50.2106728265002)
(-38.5915361854390,57.9993128238919)
(-60.9628179867743,-27.0745609209008)
(15.8435482001216,-62.2892948576784)
(61.8246903076180,4.62876346014763)
(5.80710562061268,59.1395234524544)
(-55.2597909512306,14.5624541446249)
(-22.6770413434337,-51.3258187221037)
(46.0301200103563,-31.3874776084836)
(38.9621900487267,37.6426716331853)
(-27.8446567067664,42.8149008008835)
(-43.9751780331066,-19.7512858803289)
(12.9428518806695,-45.4340916218779)
(46.8717757005599,4.70785864899020)
(4.55521353087891,45.4990340008386)
(-41.4753353696858,11.8320398127126)
(-16.8575791680591,-37.7112294428174)
(34.6126751582526,-22.1701414201714)
(28.0113153720840,29.8325812862263)
(-23.1996761957135,31.9514546096349)
(-33.6702994034045,-17.1648676221702)
(12.1237092683976,-35.4595271695022)
(37.6096080355690,5.82639288870996)
(2.07248958374533,37.6626920624603)
(-34.8354325613324,9.03161518589311)
(-13.7886936469422,-31.2717115218254)
(28.2886515060453,-17.8302514705069)
(22.1604979201984,24.8315730699357)
(-20.1601442347589,25.8605220549226)
(-28.2899031551252,-15.0282261321602)
(9.86132074337107,-29.9012701877157)
(30.6784901512364,4.36019909605823)
(1.08450896068826,30.1683814292987)
(-28.8423309298385,5.82827860728521)
(-10.3464600968765,-27.2950049337213)
(24.8136528001304,-15.1002546388083)
(19.0016958080577,20.8205643572165)
(-16.5722639321855,21.1268420864045)
(-22.6329268701466,-13.2459775505077)
(9.78554680097448,-24.7404230470614)
(26.3699769972162,4.92942490002789)
(0.283724234225789,26.1129765901649)
(-24.7917441494780,4.40316993087325)
(-8.09423915011015,-23.6262355001320)
(21.7901633096961,-12.2815993807660)
(15.7745679220526,18.3916245698377)
(-14.8669739003284,17.4433227553270)
(-18.7608482641014,-12.6109444144626)
(10.1712972430378,-21.3269540408763)
(23.7456283679014,5.67978931705578)
(-0.257321314179267,23.8389982606620)
(-22.2097686187792,3.84209092844394)
(-6.76492972931161,-20.8049340425816)
(19.6014049821099,-10.0035491881679)
(13.4401085437908,17.3941574369817)
(-14.3265977003548,16.0105219118536)
(-17.7943474675183,-11.2190440922581)
(7.90822411475905,-19.2178900122606)
(19.7902248250193,4.28696827077099)
(-1.24212062840489,19.5028776040949)
(-19.5608146026525,1.20026953463754)
(-4.55754949020195,-20.0285107040321)
(19.0253163896136,-9.06496095582133)
(12.6047297419109,15.9197694133685)
(-12.7453719445909,14.1106626999191)
(-15.3179338839085,-10.7559751124965)
(8.43276524538767,-17.4078416352362)
(18.9021112393492,4.69503032093550)
(-0.994231236878482,18.7492791742706)
(-18.3203917340748,1.72407897624334)
(-4.88711066952797,-18.3106356247057)
(16.9619596355448,-9.02529252333163)
(11.9780326560625,13.5730282443306)
(-10.4456744257643,12.6308098251890)
(-13.1139321535850,-9.01939947137310)
(7.40435535846152,-14.9452595299523)
(16.3607761522699,4.12292675597232)
(-0.881184952578171,15.9020461951534)
(-15.2082416888988,0.888399877307430)
(-2.80395209387129,-15.6386851256488)
(15.5058241112698,-6.19619965344446)
(9.32964439826542,13.3857415099303)
(-10.9219050538688,10.6729594375635)
(-11.7203023188541,-9.61297619824982)
(7.99372040330213,-13.8422297483364)
(15.4823777467164,4.73175440568114)
(-1.41851588201430,15.2140941940358)
(-14.5333857650168,0.445507325078499)
(-2.25717301656614,-14.9055087952226)
(14.9459698762312,-5.45119514914954)
(8.68777271733929,13.1451419628164)
(-10.6272725510718,10.4004084685584)
(-11.4207576121828,-8.80324697825539)
(6.98375023424175,-12.8112124098365)
(13.8113052739036,4.44647580183976)
(-2.10568250803736,13.9321783435332)
(-14.2573378862388,-0.245088752310428)
(-2.49878709884855,-14.8748666217610)
(14.0026418644719,-6.19248648709660)
(8.70428587360050,11.3009535691296)
(-8.94155407416397,9.28245573353430)
(-9.84763917018233,-7.93351995529445)
(6.66709780643286,-11.3941888811530)
(12.5246488973912,4.33551583940947)
(-2.22016921782289,12.7055551183417)
(-13.2165891200587,-0.478814555118967)
(-2.40039898551153,-13.7863348414727)
(12.4010312140453,-5.87013853025557)
(7.33156503818857,9.56007678855349)
(-8.28748243050196,6.97751631534093)
(-8.03626226457969,-8.75627611797344)
(7.66505238576124,-11.0077289751079)
(12.6098499679666,4.21095281546149)
(-1.53169022361485,11.8047596788047)
(-11.5285095777590,-0.715548343660192)
(-1.10817672148900,-12.7422767877130)
(12.4040897286883,-4.79862521617019)
(7.03785991675500,9.54394760617298)
(-7.65858318891830,6.55419232702277)
(-6.86923573588218,-8.37609904581828)
(8.25929307146396,-9.97161928782640)
(12.6465936250205,4.94487365646156)
(-1.21415897036152,12.2427882020135)
(-10.9792537464995,0.265582950858135)
(-1.27120539974106,-11.2352982130856)
(11.3969056643370,-3.79622315989751)
(6.20466641956929,9.74143181579216)
(-7.93242554753581,6.93175024606146)
(-7.65190277863755,-7.37080428884389)
(6.29286380987573,-9.59461380101748)
(10.8371265802928,3.53162137620618)
(-1.09200767446586,10.1437449043549)
(-9.44186422327798,-0.263625601078332)
(-0.743072109806185,-9.92163597883153)
(9.83774433064138,-2.88504884812023)
(4.31190470028517,8.49166962964531)
(-7.97216254228494,4.53268072712096)
(-5.99548605366502,-8.67957864876347)
(7.75220580366734,-9.23297502301905)
(11.1083492160425,4.26448122587060)
(-1.30175614135661,10.2123634162612)
(-9.29015346255029,-0.567744475164113)
(-0.305070574459460,-10.0329840717577)
(10.2899987485114,-2.82313514406278)
(4.91357195330635,8.73567336854112)
(-7.39713371675353,5.40995355483629)
(-6.33148888993630,-7.23970333043028)
(6.13899732035405,-8.43642019237763)
(9.41348721827679,3.43726814970647)
(-1.57709005142859,8.59230833137059)
(-8.43600151681985,-1.21921572423087)
(-0.119167852053718,-9.47304126718380)
(9.06862441551597,-2.77224475849227)
(3.81188554778171,7.01119155292935)
(-6.58091781315919,3.00695787449204)
(-3.97018040148231,-8.17628413184905)
(7.94768992954871,-7.40258588408344)
(9.40523791230396,4.83181279548000)
(-2.58594211075002,8.66450248067187)
(-8.78881426366109,-2.54001741306919)
(1.00828852046561,-11.0127696008908)
(11.3473748444925,-3.33879083341553)
(6.27642606743707,8.01878308103831)
(-5.11910285298211,5.41701714171607)
(-4.33620415591929,-5.47678389167494)
(6.18107530903166,-5.93847844666038)
(7.89301064392284,4.57656237946043)
(-2.60132306754760,7.99893541187860)
(-8.02571242419349,-1.88875410679749)
(0.591305623823686,-9.02379438466359)
(8.86022714855515,-1.85005231670726)
(2.90097390835772,7.34509747297332)
(-7.51085818457532,2.66653747584353)
(-4.86187128804792,-9.06107154921382)
(7.39866952938276,-9.30056185442096)
(10.5353129024340,2.10813273414087)
(0.905621296394646,7.13300595903981)
(-4.87755031797932,-0.881008994442487)
(2.26709870098441,-7.11788697366020)
(9.44974695752356,-0.529412590465816)
(3.94057076196830,8.02876367893204)
(-5.64757568123442,4.41778722969143)
(-4.18393998458403,-5.19396808394124)
(4.60175716132020,-5.18423016003198)
(4.92520413418570,2.91805846806873)
(-3.67943629552145,3.15069136722726)
(-4.87289899635692,-7.12278031789829)
(6.78488433244577,-11.2554073552192)
(15.0551152471396,-0.281026936546700)
(7.21458923489527,11.2674809972174)
(-5.26714076840000,7.50520435853341)
(-4.57441881096345,-3.98152397879146)
(5.64657158016420,-4.75629334965325)
(7.25056487434775,5.02983080376603)
(-2.61871800036318,7.96101165834508)
(-7.50652206003236,-1.56421415930496)
(0.833993252784770,-8.36885521016107)
(8.97504830402093,-1.72467318881135)
(4.07516048834005,7.17767435788408)
(-5.25196284199860,3.91429472419340)
(-3.55670737864370,-5.61962426918506)
(5.99278874621956,-5.42921301702665)
(7.25084463730082,4.01775589210185)
(-2.00921437035071,6.79370088574100)
(-6.49766823444929,-2.02137394094824)
(1.32419288770134,-8.28252023990222)
(9.00640629905810,-2.07437071289039)
(4.70413531820034,6.32297774816520)
(-3.74685497776942,3.71868462909451)
(-2.38017832146748,-4.53152318568419)
(5.81207650470030,-4.11283146641904)
(6.43415810124823,4.22773613365787)
(-1.98718789128924,6.22401186601094)
(-5.59572876524677,-1.85674740733972)
(1.58700672583361,-6.95709234753139)
(7.72198103398222,-1.00955018149941)
(2.93247541260893,5.70313894584538)
(-4.27597200306793,1.79654812883974)
(-1.26448549811803,-6.17619004316192)
(7.58620676671966,-4.56775746593555)
(7.96919064336408,4.67356148955039)
(-0.784058833300849,7.08676788358931)
(-4.64420453551128,-0.602731705591555)
(2.05758813606740,-5.31840325314642)
(7.57272275851290,0.696441055457638)
(2.35314162863536,7.28929225396834)
(-5.29133290205705,3.40079489338797)
(-3.11987130195262,-4.74940993931162)
(4.92763211392055,-4.15675165120573)
(5.54965073331603,3.58765730391327)
(-1.95759359949317,5.33380985583095)
(-4.99425511564482,-1.77548510781249)
(1.23785979180979,-6.03722036936330)
(6.20394029208552,-0.996414470055905)
(2.11194500456067,4.12997772061886)
(-3.16344899157394,0.479646799113513)
(0.166620728072040,-5.39753800542030)
(6.93406666734002,-2.83517404045137)
(5.66274120669904,4.55658372594216)
(-1.82594891593820,4.67537896106225)
(-3.10484282838381,-2.62861426327258)
(4.03432413033776,-4.95649195710684)
(7.57883572946095,1.97241881037262)
(1.21464083402786,6.90601300824647)
(-4.97300703449219,1.62746735367695)
(-1.14617517567208,-5.32412078096281)
(5.92872400988541,-2.89974354113021)
(4.37519417613534,3.90497212079788)
(-2.45286813816096,2.54960077368059)
(-1.25394646847416,-5.26362877657777)
(8.30308378597903,-5.34313818381636)
(11.3615848463582,5.38332471090714)
(1.45451728381759,12.2125799775592)
(-8.12792150324604,5.15974202443258)
(-4.49918938446691,-5.10905130819394)
(4.97614463179241,-3.92845423086007)
(4.98692825860524,4.64197060338581)
(-3.29751410178844,5.39458224102255)
(-5.08476155577061,-2.96224941298645)
(3.18428583137710,-6.15563892058439)
(7.93151289112532,1.66559072590875)
(0.959791848665715,7.99712026496463)
(-6.83189849483180,2.40389866366139)
(-3.12085893935869,-6.34667622187106)
(5.82378055578508,-4.58349772221144)
(5.57515944614168,4.06464345672404)
(-2.84177281554906,4.93602046772105)
(-4.93687081153345,-3.43380255797823)
(3.12317741547401,-7.04930766681605)
(8.11526684881070,0.187877800684601)
(1.73814271070676,6.08347614388846)
(-5.15125470498208,0.114428383612273)
(0.241102331310718,-8.71359872972777)
(11.5741519117532,-5.50155768512152)
(12.5545546124115,6.99734904086525)
(1.80872687363808,12.4360420177324)
(-5.83905803045325,5.62634157565552)
(-2.55113775600214,-1.25021297211908)
(2.31935984690719,0.835573845888171)
(-0.424213899430937,4.73103451343045)
(-4.98943842286089,1.31017143020358)
(-1.99029314138028,-4.52851955186574)
(4.64516458539057,-2.74497611213064)
(4.12717424662829,4.08594022272851)
(-2.67972334541050,4.65477716017140)
(-4.32203139279910,-2.05313924375599)
(2.10818890106680,-4.79899841514962)
(5.88926555583500,1.17691296516787)
(0.455966020910477,5.96300087610235)
(-5.42466309955031,1.26262569725720)
(-1.88846905541482,-5.67949411054686)
(5.70547732464181,-3.73222973306962)
(5.38272522579806,3.89563150850493)
(-1.91670099935952,4.85769003152795)
(-3.91658050056987,-2.17612448347381)
(2.93394623587526,-5.40561311864814)
(7.73794458287563,0.853969979539865)
(2.87813536658266,7.08417703530381)
(-3.94161062372125,4.13580715526287)
(-2.60801897809401,-2.34070387698197)
(3.23993005327381,-1.83167087433899)
(3.06263646738244,3.80239022339706)
(-2.83600256964596,4.14003481544975)
(-4.19930320810004,-2.00554385584851)
(1.71283284560559,-4.67154307121090)
(5.50986155683541,0.472302396770821)
(1.38819537088683,4.94407981042555)
(-3.32441814316554,1.72609328206670)
(-0.670756329251267,-3.09774233942459)
(4.51404963849404,-0.803742057016764)
(2.81105875018348,5.07449463321298)
(-3.71759922330437,4.50273837941254)
(-4.62977144929162,-2.16169841988351)
(1.59257797637386,-4.42911082339300)
(4.84603377759862,1.10781365685442)
(-0.0236997248766263,5.12852039266421)
(-4.77773805925226,0.960701352941045)
(-1.47262749130363,-4.44873392777910)
(4.39751498973019,-2.12553013868711)
(3.07205449314327,4.02429167507923)
(-3.23995913847450,3.71606629205084)
(-4.01191737913483,-2.61099492165975)
(2.11734356378681,-4.48592964016881)
(5.04190789928261,1.23504015126084)
(-0.0888234621945580,5.12479823537149)
(-4.82767137016569,0.767371839589411)
(-1.39664809193088,-4.63637169168237)
(4.46493065480673,-2.19606406689940)
(3.03131810303567,3.96987488409880)
(-3.30696094688952,3.59067436006701)
(-4.03042816325142,-2.73118779653848)
(2.06348139838553,-4.52688478203013)
(4.85822531536561,1.18528798544025)
(-0.333958266163911,4.94342213506666)
(-5.00223650497345,0.481567362690852)
(-1.49102930750948,-4.91677972764712)
(4.37991264573693,-2.45396098166340)
(2.96538327225348,3.69118401123882)
(-3.30147550478627,3.34589600772448)
(-4.03849085626907,-2.83377746825046)
(1.84887683679818,-4.54833541634731)
(4.40249320455094,0.990572284372717)
(-0.794511459757669,4.40812334477800)
(-5.20316150790949,-0.263033964339677)
(-1.42611613101460,-5.59296888826029)
(4.48748870986867,-2.94589550619765)
(2.92707379893376,3.24264043451444)
(-3.45647161305460,2.70023175759919)
(-4.07184162299455,-3.81505738625619)
(2.25855251017282,-5.76282631071652)
(5.43454688963364,-0.0732762531701779)
(0.644732732216391,3.96650272330598)
(-3.94006341900012,0.0478102412394411)
(-0.800927995075211,-4.97888638865849)
(4.65274925237395,-2.66342330647701)
(3.29436032062062,3.09981649510388)
(-2.54359478438633,2.74946868744154)
(-3.09892159884997,-2.96258481908642)
(2.45313510896175,-4.29052372001145)
(4.58718201908670,1.16354624995693)
(-0.676348309844183,4.32080736473468)
(-4.99345769620626,-0.365738585624465)
(-1.35653863403812,-5.63025157482016)
(4.37345290250400,-3.25051621397225)
(3.11799539082705,2.53515730208315)
(-2.57348815658102,2.17171131187493)
(-2.98195129373182,-3.43557441435176)
(2.56257895465516,-4.62941961738513)
(4.65972661365295,0.796582385523831)
(-0.396465556729608,3.92859404807814)
(-4.43460583556140,-0.329120518175269)
(-1.17443224912663,-4.73957523390481)
(3.13160156166704,-2.04767496934422)
(0.323810352787066,2.43475938061410)
(-5.26699033112489,-0.477292352620753)
(-3.24769005570950,-7.73489317437507)
(5.19662780535486,-7.73685200785500)
(7.63978999300473,0.887442663806534)
(-0.377528836994076,5.69178903943920)
(-7.48372350414189,-1.00578599217134)
(-3.16864508591068,-10.0436272015226)
(6.49753347184122,-8.97774458365322)
(8.32631095454757,-0.399250932616342)
(1.60142920465354,2.92292321793184)
(-2.19065412567349,-2.45938384956092)
(2.41711121804329,-6.82193277190795)
(7.66326284095074,-3.34267883481647)
(5.96405022683490,2.23053112442402)
(1.13280014990573,2.12350349972123)
(0.610978262401080,-1.51670643146982)
(3.45534618427619,-1.93396410614914)
(3.66493368445210,0.590947306693356)
(1.30274555589030,0.594276940527902)
(1.69901058294338,-1.87167888501900)
(4.90560754368688,-1.17815211277352)
(4.70885742788061,3.20048310991853)
(-0.409972585322582,4.47353237473128)
(-3.43210696163220,-0.327268135603155)
(0.249160242611861,-4.53299556414909)
(4.89806326912210,-2.04954806435986)
(3.32576299670304,2.70959416625163)
(-1.50362675804365,1.90771459952829)
(-1.44711874415242,-2.87184786876674)
(3.16288270844467,-3.34865943305717)
(3.93620175861480,1.33824464185681)
(-1.27172781001415,2.68275067388882)
(-3.92046871563937,-2.96263697199946)
(1.40905790318044,-7.25211980970565)
(6.94445025350503,-2.72300378134399)
(2.90420142590352,4.02040111843032)
(-6.26887479133050,0.734209340424071)
(-6.30490407684801,-11.7478141420415)
(6.99351465037059,-18.6963804133426)
(21.1394451481647,-10.5274982177167)
(22.7698395576032,5.33301278397434)
(12.9400837840254,15.0914879525748)
(2.35018926883283,14.6448766454536)
(-2.89791057589351,9.81238387076254)
(-4.49936430911632,5.44768909614432)
(-4.46969251775423,1.55760962075170)
(-2.17389013383804,-1.49609940139976)
(1.19907832004111,-1.38898843939290)
(1.88621061206270,1.22728274602443)
(-0.574002356493287,1.91975757365132)
(-1.67789491258469,-0.870942488548800)
(1.08369683434347,-2.85204308008275)
(3.79820595858330,-0.622419130904620)
(2.20904260652848,2.51905247256342)
(-1.27988748813658,1.61522786099364)
(-1.31820455136789,-2.02621440897427)
(1.90344236268649,-3.03185836016902)
(3.28450527544082,-0.630330826562969)
(1.31423731112073,0.486406919614590)
(0.266368470971285,-1.77161990930395)
(2.74613986779427,-3.55346737405637)
(5.39424573966378,-1.80037866096208)
(4.84994186904613,0.673416512574728)
(3.47750359834578,0.377766984356774)
(4.89653751825405,-0.552547634464564)
(7.08810623239920,1.88445203953647)
(5.35679860101788,5.99585692981949)
(0.598420187675387,6.34270911310917)
(-1.33418080880299,2.61116421162141)
(1.17210869360200,0.564547803646973)
(2.81396815747803,2.91951316838951)
(0.00454627037219309,4.96988890946682)
(-3.19915449934427,2.36722098182332)
(-1.73751608921483,-1.61395339276392)
(2.09865915489878,-1.35000142945444)
(2.39996769736453,1.97889602168326)
(-0.731570665726959,2.47574185716656)
(-1.61439610862251,-0.694150540345713)
(1.37152503896266,-2.15563110753799)
(3.18040463947589,0.385960157895746)
(0.902330318666715,2.20022704162160)
(-1.02079395933184,-0.252339861840139)
(1.68514110740411,-2.84345076506363)
(5.36799604392467,-0.423934481115982)
(3.95581125875235,4.14432618031192)
(-0.843135901543436,4.01393134505547)
(-1.73281858602195,-0.528084959616977)
(2.52227443546005,-2.13311170967977)
(4.89081066966913,1.92623614690461)
(1.25566542742859,5.26712906468772)
(-2.96926717534649,2.55460818965294)
