1500000000000000000000000005000.
0.040000000000000001
(4.71017985242885,-0.471214245919913)
(5.70700352373714,-0.605547536545536)
(7.93382656475092,1.40492668301392)
(7.86968339208730,6.07789034523410)
(3.49653447050795,9.81075388581516)
(-2.51517002338098,8.88222327076979)
(-5.42249819078108,3.99048798591129)
(-3.62674759258547,-0.406174931514676)
(-0.118366251613352,-1.02940463786635)
(1.27583175047411,1.06186583010696)
(-0.0274489371302432,2.49084098080076)
(-1.60651658684813,1.68264987577486)
(-1.50645869454546,0.0469611233619652)
(-0.294556382929447,-0.490253782872045)
(0.357267488186207,0.112742827654588)
(0.0298614570914240,0.528613523887208)
(-0.279437614977407,0.151083718901866)
(0.112590417984280,-0.277329722493560)
(0.649127531784768,-0.0243981138783547)
(0.541351634265872,0.518544524584516)
(-0.00216559667492714,0.514830659845732)
(-0.134150938562887,-0.0257361138028191)
(0.329856519061934,-0.288700315573936)
(0.639944897151798,0.0919487665670351)
(0.252753238935379,0.459420026864973)
(-0.313028005865167,0.0941456105515085)
(-0.182858782190366,-0.687426722045368)
(0.592710941917490,-0.912200811584173)
(1.02714644841522,-0.323169112861346)
(0.541845275349980,0.179651413181113)
(-0.162715272921776,-0.291011130162453)
(0.0539490302995732,-1.36360320807522)
(1.27427788407794,-1.77215161884536)
(2.31579698756746,-0.914700003439203)
(2.10992383811625,0.358638536595187)
(0.965687310268440,0.702347792260386)
(0.216216236274961,-0.205973268287595)
(0.741801362903983,-1.35784929181213)
(2.09803261598768,-1.55220629977532)
(3.10467619320013,-0.595742071799034)
(3.06857651432601,0.677264741210581)
(2.30742934351580,1.37070770323117)
(1.60977979639326,1.33477707613742)
(1.38829226001261,1.07474423301244)
(1.41609286212405,1.05308471718918)
(1.28648231080567,1.21228404842812)
(0.982126155121559,1.18900430930322)
(0.881640832356671,0.902483143190938)
(1.19238470948126,0.769268693313482)
(1.51798820684569,1.20453035607156)
(1.20595438586731,1.96708276062731)
(0.183111538437968,2.24438337791984)
(-0.767294033547066,1.55401795731747)
(-0.798676819223075,0.417190870442181)
(-0.00639697372451526,-0.140872965278838)
(0.645142946837826,0.228251386792019)
(0.476975165564798,0.804489715180947)
(-0.109748408422208,0.740375741341251)
(-0.234510143759897,0.128839954118692)
(0.275248049867898,-0.204398822566906)
(0.708244171218284,0.134569714972699)
(0.496681096867005,0.599865277044771)
(-0.0204733868354165,0.512793966893540)
(-0.133890481668569,-0.0115869760099016)
(0.243136405753895,-0.315890381664069)
(0.562419250938583,-0.173089712973275)
(0.532746419619642,-0.0154425778604772)
(0.512675520438286,-0.150369665206376)
(0.835753589809404,-0.241454789611163)
(1.17901311391425,0.123023975801211)
(1.01315608281779,0.685038699588806)
(0.456573809920384,0.815813088028806)
(0.169421528300679,0.452075644986444)
(0.385610616131429,0.215289529147458)
(0.558356570977763,0.474431294749247)
(0.205831368089241,0.767961484164596)
(-0.313270439993748,0.505400487040607)
(-0.312297600102906,-0.0948422159199838)
(0.168018849412661,-0.290593300029308)
(0.388594851011397,0.0668002901042971)
(0.0277220598151175,0.291882727763705)
(-0.312198869713497,-0.0854182474012662)
(-0.0272338148876128,-0.563886242669221)
(0.509079282928677,-0.409299793156939)
(0.441156729286910,0.179901838549107)
(-0.272081589538085,0.264816483533529)
(-0.694544551353599,-0.492366051196361)
(-0.182158666104243,-1.28971809764193)
(0.735116031616006,-1.25048538494082)
(1.10154863831771,-0.553215933563616)
(0.772840949060167,-0.0558483198893517)
(0.391740707843392,-0.0980374272516388)
(0.336267304793680,-0.260670142640525)
(0.329476380120592,-0.234296364079654)
(0.155109827431701,-0.260653896035426)
(0.101145258724330,-0.496938868709555)
(0.323972015298974,-0.559154870416540)
(0.313737137643844,-0.213170078417795)
(-0.354485681533856,-0.0883622867886812)
(-1.01895191408998,-0.930081415975164)
(-0.537502662623638,-2.23198815514403)
(0.976328756121612,-2.50813546944359)
(1.88941680954547,-1.29465470736525)
(1.11104318245780,-0.100347495369584)
(-0.216731929467624,-0.553512237465425)
(-0.0834244423543237,-2.02892935974559)
(1.48569507364652,-2.27018189365492)
(2.09477226276793,-0.593852247459461)
(0.158521862852367,0.650978613701970)
(-2.44396105808718,-1.20006341351326)
(-2.08246222933515,-5.41140942527130)
(2.28799526202609,-8.04091025648906)
(7.52793757498457,-6.14931261094363)
(9.52006377739330,-1.01415410712523)
(7.32700147516882,3.38974830312249)
(3.55514800024593,4.53145296864711)
(1.10842388435862,3.19278290918066)
(0.574399760989160,1.57641535184130)
(0.830902522966961,0.726737426422132)
(1.10682495562804,0.287203804566280)
(1.57494859529886,-0.0438919253125759)
(2.31826010689368,0.116433782372437)
(2.72331689397326,0.998980148586689)
(2.22011820215217,2.00892036258864)
(1.10277696411359,2.31739707830635)
(0.198906736746110,1.80004621419823)
(-0.0546593575003971,1.02723171168097)
(0.127807952360705,0.506387703194448)
(0.386924641874673,0.289455753187134)
(0.591758898767854,0.246728157561695)
(0.698888503008453,0.327369226195776)
(0.612078681485101,0.432366436184867)
(0.377498221025349,0.330863294941207)
(0.302232998198333,-0.0601289595450463)
(0.636479056102639,-0.448197749962627)
(1.21193466450310,-0.438622279207887)
(1.58909914740345,0.00426625702900163)
(1.53930654820983,0.536056117237322)
(1.21828387592277,0.846682929727469)
(0.876137669085349,0.921657527673461)
(0.587168062514226,0.879008939303094)
(0.328302836128170,0.742799916202367)
(0.154030744104725,0.490192708167942)
(0.149825333068714,0.199345591095119)
(0.284414961402170,0.00489368857531269)
(0.433569061901580,-0.0559540789888200)
(0.524851140190889,-0.0525954212969581)
(0.573072376668386,-0.0470137902519423)
(0.609208805390002,-0.0537346202583679)
(0.661334391590655,-0.0700257825185403)
(0.756662111102578,-0.0511931863709676)
(0.832777825449412,0.0842639524995999)
(0.716524734823577,0.284137783173232)
(0.382450767529103,0.262710346108321)
(0.200347181632354,-0.176430851145201)
(0.619073292128314,-0.678851122167446)
(1.46196864828058,-0.528421020943167)
(1.84394080964743,0.448136124148594)
(1.14644522368666,1.40516654533891)
(-0.0694926296886215,1.32899968116635)
(-0.585097256269831,0.323399015736704)
(-0.0190805309403075,-0.432040064300615)
(0.680126965101783,-0.174028650011357)
(0.521171881009921,0.466074791376720)
(-0.183780004311103,0.396463845769953)
(-0.321268836191715,-0.365991583433574)
(0.372824986856219,-0.742470851844043)
(0.917949949595311,-0.199884041452873)
(0.546479998695061,0.449774055630824)
(-0.150530107783792,0.266886375488097)
(-0.130410420823079,-0.396756353945116)
(0.490494819392470,-0.446071637921361)
(0.596461341103713,0.238228726711059)
(-0.182155931343428,0.554582143442869)
(-0.812655306425030,-0.131236423123083)
(-0.401743531339132,-0.923134509601267)
(0.355342721777551,-0.693725755902669)
(0.129203320425301,0.123614607796092)
(-0.982314385516106,0.0417224547988390)
(-1.42087981084993,-1.26181932887773)
(-0.388766458598235,-2.30791532681860)
(0.902354897162847,-1.85242784929538)
(0.891530381510653,-0.681405281964378)
(-0.128437776481338,-0.484207359273844)
(-0.515882383822472,-1.42760464505703)
(0.259980110560446,-2.02774197721334)
(0.905995637382216,-1.48762590804084)
(0.410121799335171,-0.923821922440649)
(-0.283792723736657,-1.57291005143465)
(0.317981353812614,-2.72370674196053)
(1.86370140733989,-2.64586512913617)
(2.51461932943295,-1.21022884986479)
(1.64442382868000,-0.163080337704900)
(0.750448163222574,-0.510899734370008)
(1.06145240586180,-1.02300199210002)
(1.52276306644444,-0.310975913190693)
(0.507020623836591,0.680575269507908)
(-1.21536888652459,-0.0544755591603324)
(-1.17008929910101,-2.10942139269786)
(0.860655485872614,-2.54612980758638)
(1.59051715368415,-0.199913265185538)
(-1.46468347355396,1.61588132234224)
(-5.61651227758714,-1.16302662252113)
(-5.38770474280337,-7.39026196480744)
(0.420131154805675,-10.9739099791130)
(6.33674158314128,-8.15565574785817)
(6.57578218598378,-2.63243796490386)
(2.42613487257467,-1.23897301476412)
(0.790605756393546,-5.19967602431914)
(5.25567146377925,-8.35160875623706)
(11.1759991110117,-5.01787821123905)
(11.3591841556689,2.50783933926542)
(5.12736797733491,6.60567187251667)
(-0.899573498850337,3.67682592361069)
(-1.08768516621188,-1.85235880981667)
(2.75564235650181,-3.65820330466554)
(4.76737930525990,-1.32339793484721)
(3.07746309632080,0.274844032956603)
(1.61757290559315,-1.58182243515380)
(3.77438123896962,-3.69548246908565)
(7.08336298030773,-1.88247310066596)
(6.44268672029790,2.48943092808097)
(1.49440005461114,3.60551099941154)
(-1.96755523440784,-1.21511799665335)
(1.19317506416096,-7.42983536321003)
(9.02384632624143,-8.16817046126155)
(14.5127646977458,-2.03648421014876)
(13.3433422619503,5.69626560042666)
(7.82613389153939,9.37363549246517)
(3.01384437520483,8.48726768607387)
(0.897966502984158,6.27807316173189)
(-0.0747409623283684,4.63661110803307)
(-0.906849249399679,2.57732782254674)
(-0.0407414921950764,-0.417762250493714)
(3.68221105729659,-1.93770649829162)
(7.77764621767169,0.748157916907371)
(7.92278434750579,6.40257449353939)
(3.08473849522365,10.1008278129072)
(-2.69544935983609,8.43769420569132)
(-4.52385452907793,3.36160020036755)
(-1.88239826955480,-0.136101380078917)
(1.35885078300156,0.420349991746562)
(1.75344852900701,2.87141303202382)
(-0.182706904981432,3.74531131255387)
(-1.54735906193435,2.35582020312927)
(-0.957281009283927,0.808346721077486)
(0.274223933185521,0.777455929626434)
(0.463026015027414,1.63167793690153)
(-0.289626319816252,1.85978147303771)
(-0.748881777364347,1.19912759822055)
(-0.453254313055290,0.573838461385189)
(-0.0474315512042920,0.497982143855342)
(0.000762495151093466,0.516972682244423)
(0.0692076612788535,0.228178144979096)
(0.556032811062989,0.00688907488016253)
(1.10182542963770,0.328728671552970)
(1.13049690308465,0.929649654016651)
(0.747362225491385,1.19603428201068)
(0.511877585360560,1.09353061097160)
(0.511804448361538,1.09253195628497)
(0.313218782051400,1.25969345670694)
(-0.131868197313607,1.10428638091688)
(-0.214766033906168,0.517643030416786)
(0.342169767730424,0.216314979640064)
(0.791100082390283,0.736056363827371)
(0.295323744725813,1.41847987551364)
(-0.716968408440302,1.14542714073708)
(-0.937074373589185,-0.0128507075194553)
(-0.00359244512547473,-0.706125564646414)
(0.856962057058370,-0.145869411985335)
(0.498925338961111,0.701419652543202)
(-0.461430878004145,0.433967739376170)
(-0.475318821277408,-0.735469666017078)
(0.672523312306272,-1.22430616020815)
(1.47715862429223,-0.395676840103443)
(0.909999646140091,0.418343540548177)
(0.0490701873902726,-0.172410150157675)
(0.621076488835933,-1.44299471219974)
(2.39425665711570,-1.39094896320446)
(3.24103807964957,0.392162727138696)
(2.03504900736493,1.89557266618820)
(0.398059525677625,1.31273119519202)
(0.679645712712812,-0.368606099036858)
(2.73652373261401,-0.470003136587913)
(3.88205070617637,1.87654839716305)
(2.20557550346837,4.43445190069283)
(-1.01462432921880,4.49708953587736)
(-2.83683465390625,2.05569574602921)
(-2.03281176724768,-0.405334560223748)
(-0.119548734518134,-0.908205762332088)
(0.811817940523422,0.107952255784550)
(0.382363186781216,0.937608586794383)
(-0.287801342055993,0.797190701546187)
(-0.357235607895120,0.280598973811421)
(-0.0680552136245325,0.102412272607696)
(0.0382077653194066,0.204006667125367)
(-0.0507958504251925,0.190142928853506)
(-0.0380434966336375,0.0349089663786076)
(0.0957992654866239,-0.0200672733048034)
(0.135339802620583,0.0361742866819104)
(0.0742218501506714,-0.00463779571951408)
(0.129670771915063,-0.151863527052107)
(0.330874790966952,-0.166758794164364)
(0.418114237338906,0.0258765408559732)
(0.246461129216159,0.166409673725065)
(0.0399413452294549,0.0346077985083586)
(0.0762420205930467,-0.214062769123475)
(0.284660023583878,-0.276212001869678)
(0.367024858266129,-0.139534427182328)
(0.239414395522807,-0.0743977238753017)
(0.128495993952304,-0.221870613662864)
(0.214804265884225,-0.410330608758518)
(0.385141846793390,-0.440710006364977)
(0.438982829217117,-0.374976068846822)
(0.397042032781194,-0.409761333557126)
(0.453150941790112,-0.565887290434493)
(0.679605716495858,-0.662091815871508)
(0.934842171128546,-0.575621084720127)
(1.07461635954477,-0.385129732704537)
(1.12524922053825,-0.215430526195662)
(1.18029915668161,-0.0505558879996026)
(1.20561592292920,0.207847173007848)
(1.05032450262080,0.535270926733849)
(0.657940426764102,0.730887721012956)
(0.204640003691537,0.608179611650334)
(-0.0223185121462510,0.219173735209949)
(0.100168034676647,-0.147134708712921)
(0.387917974946670,-0.223799160136671)
(0.517668630824949,-0.0342324859572698)
(0.361965209060538,0.134171435661188)
(0.113869782239620,0.0589945005775493)
(0.0206609178078598,-0.169140407208115)
(0.0533002273455230,-0.325787761771730)
(-0.000346279755424214,-0.439325019708421)
(-0.0920471900579126,-0.783776864607913)
(0.195847332404300,-1.36562375054490)
(1.07978830317385,-1.63058920678994)
(2.01999085737203,-1.01791298060193)
(2.11802798938984,0.189512006567278)
(1.20281054029711,0.939096560034886)
(0.205221779405172,0.570562364791664)
(0.137769949254233,-0.336954065305851)
(0.868167332537879,-0.639477025657669)
(1.31919300772993,-0.0565851368659378)
(0.895756028701270,0.523769539680844)
(0.240405821993207,0.292753741006600)
(0.293931564757859,-0.377615326311134)
(0.973168232340661,-0.487652449025289)
(1.30193618025554,0.179341464232233)
(0.777550537305534,0.767431456077145)
(0.0400798135896325,0.543705150470164)
(-0.0446690100684774,-0.134290935980380)
(0.464182662182541,-0.384877187655871)
(0.774801273640948,-0.00471958207981382)
(0.491567910003651,0.376971074206014)
(0.0458873876053655,0.255053557870420)
(-0.0290140490253285,-0.139328939429706)
(0.209651976151252,-0.317100025322763)
(0.369871350442155,-0.213962708622695)
(0.334218984525437,-0.104511598800945)
(0.277419429883920,-0.0965157679070315)
(0.262087633232195,-0.0730334637540289)
(0.188075133610854,-0.0217037221208777)
(0.0866053769069668,-0.0515489889675899)
(0.0980723323465239,-0.0896256628819282)
(0.117323594197364,0.0744794393884449)
(-0.178741948558289,0.352400843629093)
(-0.810015227935200,0.312277107447974)
(-1.32532423331794,-0.249779790716110)
(-1.36031302137364,-1.00348528980351)
(-1.04174950269144,-1.57269793406904)
(-0.565440497310261,-1.95993693116847)
(0.196536514781582,-2.09950972850272)
(1.07842671891153,-1.44015495916937)
(0.969432895990252,0.169040841985626)
(-1.11235304654127,1.27775416345105)
(-3.99736500513557,-0.241537833011642)
(-4.59133055294035,-4.31540379761504)
(-1.27154070505872,-7.63220710646723)
(3.48438479816656,-6.87478042605305)
(5.34728155691069,-2.83636818952963)
(3.19277943408718,0.179312924553098)
(0.432063873804021,-0.447696884871859)
(0.459830155791910,-2.53518485596596)
(2.17100054360190,-2.45964385023693)
(1.84766565172998,-0.513979212890283)
(-1.04015150206939,-0.622239287999161)
(-2.42169855192672,-4.49484705759239)
(0.964433212289155,-8.44686776907023)
(6.70304801269902,-7.76444833579592)
(9.39495642067897,-2.87228458989369)
(7.42438406151108,1.26036987692176)
(4.49622225946475,1.65125865648240)
(4.03667315551144,0.614037008957993)
(4.66573207649401,1.45875294281183)
(3.13942413993724,3.23285191414352)
(0.0586854358045341,2.36621521655400)
(-0.449154292178089,-1.30982865349305)
(3.13385986746180,-3.37468515067742)
(6.81967046528382,-0.661015343658033)
(6.03933878668817,4.13522369311460)
(1.61843369951536,5.80476024174761)
(-1.55755867102340,3.28709094347487)
(-1.07706949847269,0.402283036871201)
(0.533816337855745,0.139397710736891)
(0.308059653444331,1.01463974527200)
(-0.892661049430860,0.283854034915922)
(-0.444253800354174,-1.54990274191914)
(1.49343431438064,-1.84360716852648)
(2.25524238310929,-0.324135798833853)
(1.10509760544902,0.413216991330215)
(0.511664680225310,-0.791067257045142)
(2.05968280680066,-1.58549076132750)
(3.54524589804391,0.142121540912045)
(2.21375583850550,2.51204399261343)
(-0.670463909862685,2.14837352059388)
(-1.31898782211331,-0.556330659862993)
(0.849492938907522,-1.70185447479734)
(2.07879874050901,0.231695787403833)
(-0.0255713681235245,1.79828071635310)
(-2.46917161707485,-0.253734034843129)
(-1.13409002891950,-3.58485752401896)
(2.59523068229296,-3.25220810786210)
(3.12787568520333,0.691395011408824)
(-1.19410766259505,2.40195500278535)
(-4.92676186963633,-1.71511995884112)
(-2.66747667416064,-7.42422481450484)
(3.24471842805560,-8.07822352211588)
(5.73560982480686,-3.82123057065283)
(2.85989859818038,-1.40999990295064)
(0.544853511823785,-4.61422876759173)
(4.14989755803134,-8.75931271706446)
(10.7734863961843,-7.22086338580140)
(13.1992939851226,-0.635761667170012)
(9.72746929969466,4.17530919204962)
(5.92695651684045,3.71700662955381)
(6.25219469085596,2.02462950209731)
(7.95743290374312,3.94075816051460)
(5.89117173271884,7.73683841067670)
(0.661549893713867,7.85899093124153)
(-1.98088868611465,3.42352814738147)
(0.527286384465170,-0.226602515650840)
(3.90662031912810,0.876793314462182)
(3.35490269052869,3.83644673076279)
(0.440382460887548,3.49219189386003)
(0.490854456620244,0.205896195743046)
(4.44039815854949,-0.611194661010505)
(7.10323654019217,3.52648195314406)
(4.35960888274266,8.30947320105852)
(-1.09720603046032,8.37674507665423)
(-3.49222295847801,4.40059588012651)
(-1.63033458753215,1.68713019878818)
(0.195774719171775,2.75502098584908)
(-1.30340799837353,4.44942172026530)
(-4.05220676013818,3.03905795148878)
(-4.06847881175584,-0.493143410631736)
(-1.15103922499258,-2.19045309430699)
(1.19625366315204,-0.698985354569292)
(0.762997173795824,1.33945205739685)
(-0.847786816700153,1.33638993630327)
(-1.11416377842893,-0.0383696599099212)
(-0.0358363093324288,-0.589731425188342)
(0.594620567377632,0.0873878723067150)
(0.161024611008467,0.575128890807791)
(-0.228726954369524,0.170926740899136)
(0.137696446720803,-0.249803621706604)
(0.532121361295073,-0.000573974441574383)
(0.283074087333175,0.253034059437403)
(0.0553275375252093,-0.209694675510224)
(0.727064225413739,-0.724760032672582)
(1.73352171972269,-0.152126464956506)
(1.65406009112369,1.23149376226102)
(0.278447967933647,1.85642204670511)
(-0.940990266658097,0.936083185203647)
(-0.740273839908345,-0.488851452075890)
(0.436723096447367,-0.941844599367850)
(1.21929168637308,-0.274975875416844)
(1.04383745071933,0.487807106549046)
(0.499820701810236,0.619470890527585)
(0.256390996372796,0.333461205494290)
(0.335931652141147,0.114740429421320)
(0.463053064301122,0.0732698577794505)
(0.548644087806881,0.0997396214483032)
(0.607344291751791,0.178790479535787)
(0.577184110921525,0.295873881483676)
(0.465159764665717,0.337879941731324)
(0.408189526543886,0.303585655260944)
(0.394701217892878,0.352413229146397)
(0.209948293281164,0.448636232715517)
(-0.112045369427477,0.274790916575956)
(-0.123406875374336,-0.202973776783103)
(0.361542584296612,-0.423249220065959)
(0.731366820347474,0.0224124762644727)
(0.318623152593636,0.567291489338576)
(-0.460444972807763,0.291712747097113)
(-0.483268534689666,-0.637074190730830)
(0.406494845634541,-0.979850583422016)
(0.963219407459376,-0.221481788399163)
(0.325736362938266,0.497210563962059)
(-0.553871509438433,0.0209304133357708)
(-0.287038739158402,-0.926946453055845)
(0.640062945443750,-0.757325425283680)
(0.425391215403580,0.297704354725672)
(-1.02183184235645,0.182731839375073)
(-1.36676752312446,-1.66335253480934)
(0.654849205933322,-2.67400287443718)
(2.44906652742659,-0.592352382393488)
(0.530775370883635,2.40287791006251)
(-3.99988727061710,1.61793387273111)
(-5.68576523956698,-3.60091121321142)
(-1.75063337602306,-7.85040534770953)
(3.34186047660211,-6.33545218920197)
(3.19951600963838,-1.91405138465759)
(-1.39868303481757,-2.10838425788988)
(-2.32591431565159,-8.75487784754921)
(5.47574491934859,-14.0793639583405)
(16.2128797489305,-9.66634280009058)
(19.1364069548758,2.50625877398119)
(11.4154353657962,11.5757977358584)
(1.54126157933257,10.5145458313755)
(-1.19761814352376,3.93560482617346)
(2.46583579886129,1.26065046708899)
(4.29493950967264,4.67113575905432)
(0.175681169276338,7.51072870548619)
(-4.87765394687545,4.26303255569864)
(-4.26854457211998,-1.93548675599580)
(1.10089582020676,-3.95489313504071)
(4.39816801141111,-0.363824962994017)
(2.19803012290540,3.10219646499621)
(-1.35559967105733,1.61745590760126)
(-0.620673295702179,-2.49121613964823)
(4.03362223392246,-3.31051495174084)
(7.08579539402384,0.815352672572156)
(5.08393259341922,5.57209255577167)
(0.432307178128978,6.42455645650479)
(-2.31360834208086,3.66400453681644)
(-1.78881000260327,0.889502707126636)
(-0.169217270081656,0.239740942928654)
(0.483461937920656,0.812634574463438)
(0.321117552914892,1.08883107804677)
(0.296855886886211,1.00433438057274)
(0.383755323858985,1.18195719786638)
(0.0239435256435005,1.45561669185519)
(-0.585785680790270,1.17974221980938)
(-0.701995871883437,0.444859993583694)
(-0.235885836125403,0.00759198872567138)
(0.138535382135456,0.114101265836594)
(0.0973751824490720,0.206119359610172)
(0.127622931643979,-0.0597206025444652)
(0.611933778752823,-0.203144905645905)
(1.07256601205912,0.277100456054854)
(0.830798331665071,0.990473116553179)
(0.0678575567151622,1.11149821284144)
(-0.362359238016682,0.537747210698974)
(-0.0945078223735727,0.0117673596207402)
(0.330103344344613,0.0666078610327454)
(0.321438249399505,0.376546728114859)
(0.0282145057696679,0.373596296233449)
(-0.0396323668185280,0.0833153501794548)
(0.169683822849492,-0.0478691274156119)
(0.261598707448014,0.0776019296306846)
(0.107359815669013,0.0952648324732688)
(0.0638098993602547,-0.162712804447211)
(0.367036627039303,-0.341601862159596)
(0.691460943839390,-0.104771874173267)
(0.593186686858117,0.306669838105193)
(0.173308339201349,0.377317151799494)
(-0.0472095404962205,0.0454358546145421)
(0.135945561309620,-0.223962045324480)
(0.342656708653125,-0.124848445022678)
(0.191444734821389,0.0483639304357070)
(-0.115414144250311,-0.162345749160541)
(-0.0416132616640980,-0.687722381875745)
(0.540783086081383,-0.954775493486176)
(1.12353556172558,-0.601322508323159)
(1.14886126518319,0.0550889206435980)
(0.657644866079834,0.378318986548370)
(0.215800448452548,0.131252945185503)
(0.258938884288876,-0.309441365910323)
(0.653286473192376,-0.430813629725458)
(0.928436944318417,-0.137836804816671)
(0.826343394557602,0.230405272449462)
(0.515512846641336,0.347006135750263)
(0.299922150231895,0.227314254973778)
(0.256291031405439,0.0963635075524564)
(0.240843639138498,0.0529482761854943)
(0.173503814646628,-0.00423194998484038)
(0.157258417301224,-0.140694554187398)
(0.276437070419591,-0.235277920096391)
(0.411328919195258,-0.154936996472363)
(0.378911981494402,0.0194775701432606)
(0.194942330641103,0.0838654822443981)
(0.0457109582056436,-0.00820086891765884)
(0.0118926448453586,-0.113100247908005)
(-0.00644085105143337,-0.151614341650527)
(-0.0552594137473864,-0.199410040274265)
(-0.0419747247150815,-0.245058618289546)
(-0.0346049481749296,-0.106456457857110)
(-0.396000379452670,0.159412714087857)
(-1.24348454953735,-0.0344449906295463)
(-1.86280283766884,-1.19266621666564)
(-1.22732541605346,-2.74351778411491)
(0.590141103728926,-3.21039450018073)
(1.96966531937001,-1.88842714662503)
(1.36517674043355,-0.0922935742911442)
(-0.656823221554393,-0.0121573612745455)
(-1.68417258988597,-2.13036504179236)
(-0.136190565149068,-4.36884837683853)
(2.78094357836850,-4.31548833896563)
(4.36786088061864,-1.98370657840021)
(3.48840868051171,0.276705340794466)
(1.66678429401012,0.563603666430845)
(1.04276967866697,-0.582173576345021)
(1.92951703270325,-1.23429284841496)
(2.88617962681521,-0.497569580368900)
(2.73637467027260,0.785794965019771)
(1.73398224983233,1.45198854708407)
(0.772934685512100,1.30637441798624)
(0.236829486925171,0.830299074504017)
(0.0117233936771232,0.309663772129089)
(0.0839174892290313,-0.210993589659083)
(0.495552124578927,-0.487348139336525)
(0.901834567392911,-0.245033197939748)
(0.798969310669684,0.252061927991742)
(0.263352276685550,0.370888269240565)
(-0.0495708757484885,-0.0120030441214855)
(0.152871011237950,-0.274362423520264)
(0.298572396814075,0.0384627888114526)
(-0.261854066041299,0.447552976940348)
(-1.26141580481078,0.0953646903010242)
(-1.73141058151047,-1.12624707638834)
(-1.09327382157987,-2.38226281668110)
(0.277112944057137,-2.71881742065635)
(1.38926174050452,-1.79702816598347)
(1.17933408085081,-0.116025874275647)
(-0.888099489887214,0.911833570575358)
(-3.83620167986252,-0.552145989042599)
(-4.84554884806641,-4.94341111754868)
(-1.37527378928856,-9.49752677494397)
(5.31847958651646,-9.68458557367476)
(9.83167592109681,-4.05725202683904)
(7.74391208394711,2.83207072090009)
(1.19889384792924,4.43614512346524)
(-2.66818052532634,-0.234887176081490)
(0.0160515101534609,-4.97727413017464)
(4.96090549832774,-3.90377474210364)
(5.25477022729102,0.957698379255400)
(0.738707181919190,2.45301882830466)
(-1.66922046360429,-1.53582956031415)
(1.96854104150402,-4.56079868195278)
(5.87280140249091,-0.729694420734319)
(1.79583110625490,5.40123640297012)
(-8.21259865911532,2.99664388808685)
(-11.4808972201795,-10.2929130975436)
(0.296499441934613,-22.3017516855910)
(19.0024487213999,-18.9379602824881)
(27.4313709066239,-1.09678435908897)
(18.3190841400987,15.3448351381205)
(2.03249602321287,17.0386932732564)
(-6.08409097938101,6.91959447720414)
(-2.46774056065815,-1.67634978678403)
(3.75680841783099,-1.42235588649048)
(4.29514473740868,2.83668023326287)
(0.900879289429100,3.51856228838845)
(-0.00346659796452609,0.581602439793152)
(2.65683639921664,-0.500479562464977)
(4.09826385861657,2.15662542529216)
(1.62036434471402,4.43683119096918)
(-1.51191560038955,2.87318430605231)
(-1.28937973663904,-0.340634211085999)
(1.26522242349784,-1.00942237238808)
(2.13428301338869,0.936859885068411)
(0.362584385102927,1.92269781068834)
(-1.05200388114074,0.356439063764941)
(-0.111574226002623,-1.37278828022556)
(1.35667493842362,-1.04368054101091)
(1.01049988174583,-0.0186361040755028)
(-0.171439700795640,-0.763548408020798)
(0.462779851222609,-2.70857258198171)
(2.90693287435684,-3.02048590707408)
(4.33125086181323,-0.964064704766242)
(3.23805707356411,0.978923897245660)
(1.43099379170605,0.795720557956154)
(0.986224893612478,-0.477655634534743)
(1.35797192749465,-1.11951596364233)
(1.26230739534637,-1.73745358850876)
(1.86648398987500,-3.60519855899570)
(5.24229705312294,-4.97664014407316)
(9.76199542794120,-2.25718229304668)
(10.2312812175927,4.26205109723308)
(4.46545441049633,8.63274521989350)
(-2.34447258747717,5.78482455446058)
(-2.83426403236530,-1.37239341602649)
(3.28466795955851,-4.50717586313000)
(8.21213216123792,-0.0415736822737161)
(5.60032259019531,5.98661794284914)
(-1.16098379788394,5.26095697379376)
(-2.77810500481340,-2.16131675363009)
(4.48641935208382,-7.37200331241183)
(13.9261514739645,-3.00681656256792)
(15.8648913539879,8.24565233842705)
(8.11469608171765,16.8514144704913)
(-2.62415565369182,16.6309999961012)
(-8.63149316950471,9.89164432413118)
(-8.22395324719526,3.11759224767437)
(-5.01139746376125,0.0244042269556869)
(-2.55685205785986,-0.234583374237556)
(-1.49533393695489,0.137234474790420)
(-0.946907756382046,0.349689051587466)
(-0.595417674912069,0.649864596413187)
(-0.666621582483509,0.937277832775324)
(-0.954982806283964,0.789041868465150)
(-0.903708611349437,0.295864293255478)
(-0.430527480383392,0.0200841812615293)
(-0.0131313828409977,0.187842008420750)
(0.0358968643414754,0.453659650554887)
(-0.0823193657306262,0.486132150517499)
(-0.0780644431568344,0.366442638918279)
(0.0401531773783020,0.310043515361492)
(0.134487497437101,0.336125568278818)
(0.189731317948811,0.375367764775461)
(0.217507521050920,0.442672849194235)
(0.144893228081915,0.509658321916471)
(0.00732639945810974,0.420686088326982)
(0.0533036495366537,0.169685018222402)
(0.387737856243480,0.0836515493942772)
(0.651611676056247,0.420188964169495)
(0.404460661944220,0.868480202676338)
(-0.190492497669823,0.822748002170422)
(-0.438592535518753,0.214105750019333)
(-0.00729648990227978,-0.291753835686913)
(0.583629690960771,-0.136666919228542)
(0.639854554070763,0.379369344899655)
(0.226446762092542,0.526084093378168)
(0.0328377225336304,0.159998377908696)
(0.373274554521268,-0.116901959477039)
(0.765634958155822,0.147203479135011)
(0.656385815888956,0.622622003870957)
(0.195676207674016,0.706849137986411)
(-0.0333301700315606,0.368188507117771)
(0.149376952549566,0.107671165684405)
(0.358225399021044,0.195087147897967)
(0.291899215269572,0.356313920816554)
(0.142548606794470,0.294605036197966)
(0.195375710278374,0.153768004478788)
(0.335489032816897,0.221623046361040)
(0.253629497566193,0.414788396394633)
(-0.0178964843452205,0.395428745020786)
(-0.124751966595990,0.122611330507835)
(0.0577483876246584,-0.0588897462156072)
(0.221603986709836,0.0534569923232854)
(0.102925398195646,0.206521507459191)
(-0.107056052114161,0.0925620450935229)
(-0.0684865265253645,-0.159517240645168)
(0.153236186592938,-0.181442520694829)
(0.160458864522778,0.0354341568861776)
(-0.154778024669674,0.0702558293676350)
(-0.378584859790196,-0.316881125128744)
(-0.122935374466950,-0.780412992142021)
(0.410313634523735,-0.810762398262090)
(0.663839316644040,-0.413200693037020)
(0.445313173225083,-0.0989317623973428)
(0.146153937719331,-0.208902253112321)
(0.186841951001610,-0.502370201718011)
(0.473244855103361,-0.537633739722517)
(0.580693788817373,-0.278709969811789)
(0.358726619825911,-0.105429730560009)
(0.115554848790204,-0.265203845503089)
(0.169279989380322,-0.545364352757790)
(0.416318183615897,-0.591951546397186)
(0.504349890725367,-0.401547276024780)
(0.343949492150820,-0.293919154339858)
(0.216280436874606,-0.407240998691422)
(0.283167601108064,-0.458597317035990)
(0.188749235648006,-0.214440560390363)
(-0.532237318276510,-0.110572818888714)
(-1.55463715038188,-1.03405777024054)
(-1.57313840338253,-3.17877216814829)
(0.526208039300750,-5.22392381975094)
(4.14196742364796,-5.12832195264270)
(6.91998464859836,-2.12954514059855)
(6.69348321580549,2.12100239682692)
(3.59172955527635,4.78221135585243)
(0.0113779255782788,4.37350333396044)
(-1.64271077173772,2.00306803537865)
(-1.05622744057859,0.0118253731747961)
(0.202267749239624,-0.357431288735574)
(0.645714987816749,0.262124422713328)
(0.213359592584949,0.617128725041723)
(-0.239189941189421,0.293931740051872)
(-0.192011304779478,-0.221122202844486)
(0.160814537863831,-0.441002965456949)
(0.456953516802718,-0.345907369889509)
(0.561514888252515,-0.106031268542731)
(0.433253922260115,0.153508870164089)
(0.0689987324923195,0.227010517434291)
(-0.257182110705373,-0.0926541336585153)
(-0.110397226829519,-0.576101841774582)
(0.438263731771619,-0.579917118234457)
(0.601076044611206,0.0933707632723502)
(-0.174203024359397,0.633220697519462)
(-1.22029762973736,0.111985585342956)
(-1.29754850807427,-1.10404791062364)
(-0.365787310870816,-1.57101597824287)
(0.0288049622992769,-0.762153914693572)
(-1.24570346761239,-0.196028007797335)
(-2.97362862338388,-1.73461811228089)
(-2.62318022390222,-4.92374948858300)
(0.552791465102698,-7.00051729880738)
(4.30565227901233,-5.95144869644283)
(5.84451005322726,-2.85413900982945)
(4.92680012865418,-0.473792216648642)
(3.67615916773855,0.0345484681972499)
(3.57655451876478,0.0432239374842415)
(3.74974291803269,1.05134059179272)
(2.62890679765623,2.46372824284947)
(0.439436520916981,2.51389508431569)
(-0.964503255585962,0.805940873452886)
(-0.479616614802237,-1.09948619608510)
(1.00991083307596,-1.64770896532362)
(1.97030224389547,-0.943818852340790)
(1.96572600661873,-0.0960776291111187)
(1.54904518423646,0.333909440604324)
(1.04815580472724,0.508820872518598)
(0.355349169411088,0.381230956096764)
(-0.225588198627975,-0.427500682673190)
(0.110611579045086,-1.66622369023740)
(1.50850170050021,-2.20226303427406)
(2.82481548142612,-1.29903843808596)
(2.79325647525118,0.268363471754156)
(1.57244310391598,0.994761205560795)
(0.544342705478054,0.413960793523773)
(0.609707961675733,-0.472440640334758)
(1.22759650250992,-0.571706853076058)
(1.28588267953769,0.00670092012804095)
(0.483754483310990,0.237533006675102)
(-0.386918457666769,-0.607241615279267)
(-0.225254151576552,-2.22956262187160)
(1.45794319541188,-3.43541889446243)
(3.91661329810903,-2.84158946891919)
(5.16545950814916,-0.108523959803062)
(3.34943906077920,2.91855679558861)
(-0.851089710050833,2.95144464936435)
(-3.48227221235101,-1.44436065049546)
(-0.585523064416228,-7.03077686203026)
(6.90609459600874,-7.86497951403418)
(12.6313735047152,-1.47629153044229)
(10.7899708256578,7.46708253710461)
(2.63257616306449,11.2703866358597)
(-4.47852601609898,7.29211119158551)
(-4.98339929971725,0.593391529548124)
(-0.780314544284815,-2.15543828485752)
(2.02665338255989,-0.0523347342635747)
(0.765381214760223,2.26427389487387)
(-1.50029337716228,1.34777478575912)
(-1.14642604534525,-1.03085690294340)
(1.05827639955000,-1.31839784864204)
(1.74440861976382,0.549858863437673)
(0.119334323014703,1.50243282804948)
(-1.16504989363217,0.141553283109604)
(-0.263863804398682,-1.38336577958615)
(1.19112458732823,-0.940814137380516)
(0.898646758790974,0.311790069951450)
(-0.401228564507257,-0.0537572195871558)
(-0.132902115998800,-1.70747683975646)
(1.86989486415703,-1.90508293531165)
(2.75871315778091,0.178866290146828)
(0.891275994409288,1.79847895646420)
(-1.42315021250605,0.451501750983757)
(-0.976132413110917,-2.36095667590363)
(1.81183726463069,-3.08489485512430)
(3.51954709258507,-1.01497264617892)
(2.54139634605699,0.984254760176788)
(0.987922872604443,0.805923811907120)
(1.10031807199407,-0.112581559922781)
(1.87908117944895,0.448240357140071)
(1.05573828138642,1.75012390385117)
(-0.906557693168752,1.32965272021226)
(-1.30315042883416,-0.785568715626099)
(0.434795395697742,-1.75183474661569)
(1.49189303656608,-0.333768538445488)
(-0.0455608062954371,0.826543851929751)
(-1.84593160287751,-0.890053414874946)
(-0.550912280183102,-3.67444861226497)
(2.86490040734254,-3.49640737338510)
(3.96353236306180,-0.185856017427376)
(1.28188768198312,1.84087580076678)
(-1.22148844411590,-0.0810037743850020)
(0.0688738929907477,-2.73199070285942)
(2.76802519876297,-1.78229339751727)
(1.93301579327653,1.24804508565330)
(-1.90634052044439,0.797431010481787)
(-2.58988356651919,-3.88536471811694)
(2.34097392147851,-6.20738267602399)
(6.25766905472092,-1.48448164784022)
(1.70104903995166,4.39930710398246)
(-7.57254237155440,0.896601706250859)
(-8.45904686720856,-12.3317545940846)
(5.35540213515339,-21.6410133759414)
(23.1294363020789,-14.2285345378288)
(27.4811382215643,5.71419860821151)
(14.1050584036544,20.3536781257597)
(-3.35852037695670,17.9064392761478)
(-9.22408236358176,4.83453588032618)
(-2.60467867474322,-3.55471885301928)
(4.60090392079890,-1.12101637212031)
(3.77189165070455,4.63228339004150)
(-1.46487384121974,4.69977778040102)
(-2.76775130424464,-0.192416215691987)
(1.27591831665759,-2.76914592735600)
(4.71187536466277,0.0199425175515763)
(3.33544892306482,3.81076125497786)
(-0.239692889398224,3.84794568363363)
(-1.35038774264951,1.09140257373922)
(0.338645173376971,-0.392059364195984)
(1.59812454999973,0.537123089316724)
(0.935785493747896,1.45962671109185)
(0.160244099956205,0.815632762884518)
(0.814682596515058,0.0310690698596089)
(1.71844161281332,0.688914450508461)
(1.16437828294934,1.84922904309390)
(-0.231626239400912,1.66610697843399)
(-0.568570525181207,0.352126141641059)
(0.346664575551319,-0.270601621497903)
(0.875463154323651,0.316522759397380)
(0.280645570046391,0.685558734066388)
(-0.185331339978350,-0.0514476273432411)
(0.512414808063223,-0.774772676580657)
(1.38277362294222,-0.265057975563269)
(0.982206729508535,0.662874442941911)
(-0.141361422213899,0.330239781712682)
(-0.115410784708633,-1.09885518571326)
(1.39205617891162,-1.67434333222814)
(2.54681212397896,-0.514978011667610)
(1.98317435280460,0.886667091277662)
(0.686650014029858,0.879872174133338)
(0.323018150196402,-0.0652682359151530)
(0.759847312263868,-0.471363774223477)
(0.704834712044970,-0.403551229624153)
(0.319520586362780,-1.21198066473179)
(1.34407935838992,-2.76892601638653)
(4.11967048080945,-2.80353244804331)
(6.11338048663555,-0.000990339984706740)
(4.81316439899542,3.48050348310133)
(1.30672422390885,4.19839130017303)
(-0.694936433501001,1.77797544736568)
(0.569731443716637,-0.542728552901741)
(2.85854132808093,-0.0536154948440251)
(3.08053499968618,2.18911735091417)
(1.19978843941564,3.22019913962975)
(-0.291585623300398,2.18739976174185)
(-0.0772854206585811,0.966671085662894)
(0.520695755675785,1.03412697096457)
(0.00321782879082516,1.44247706399694)
(-0.930053705763950,0.618480009592833)
(-0.526497835356835,-1.04188708930676)
(1.32199654569156,-1.64430403302540)
(2.84145186816914,-0.430013335073496)
(2.71855228645556,1.30860141785235)
(1.53818509048575,2.05134339045880)
(0.608901266648023,1.73575481476961)
(0.335599388334254,1.19158171469103)
(0.375630543868964,0.793005766508112)
(0.652793659622235,0.477136794171035)
(1.25102859577998,0.541900495041170)
(1.61263312639685,1.36423928217638)
(0.918517753570767,2.37834891263178)
(-0.553515658399816,2.35393849360401)
(-1.36723368478784,1.05921747029641)
(-0.727663891028973,-0.155552092909138)
(0.349297664514969,-0.0521005267691754)
(0.388742116200790,0.805222325109916)
(-0.489540620644326,0.890567250121351)
(-0.823332040608103,-0.0607782908471175)
(-0.0153262417983628,-0.714168070929535)
(0.784584658682851,-0.172822045922571)
(0.419016625042902,0.670035775182380)
(-0.552828678779672,0.467628231839355)
(-0.709173935203637,-0.609638686035210)
(0.165571480360866,-1.20937552116243)
(0.918700675679222,-0.813111654063548)
(0.872377543581080,-0.319012560770702)
(0.723013267291252,-0.432914961386174)
(1.16812004130046,-0.540107589221808)
(1.58651331596889,0.130336858253511)
(1.00063701846941,0.978949052285701)
(-0.157521399911085,0.746084150058755)
(-0.397169570428221,-0.485728717926419)
(0.669265351332651,-1.15558456135440)
(1.60840732627947,-0.391773303233027)
(1.13697908628415,0.668358936073839)
(-0.0245962618430505,0.446478043273517)
(-0.146406290354944,-0.839263389977636)
(1.10082746958894,-1.49021684989687)
(2.26963230591352,-0.666971761609493)
(2.17296466824348,0.632678816965638)
(1.27932422329503,1.14093777321140)
(0.670999211167274,0.897662686765200)
(0.496059320484454,0.664296063461606)
(0.256580976756624,0.524917381506768)
