999999999999999999999999980.
0.040000000000000001
(3.43806091311564,-7.80947935886657)
(6.66272809225796,-4.45117576542876)
(6.53337351551401,-0.279051109100195)
(3.92367891555776,2.03111048886834)
(1.23176569676889,1.67798676758526)
(0.248105272250120,-0.0665059112672124)
(0.978265777234156,-1.35072650622347)
(2.17717808489149,-1.29818069975545)
(2.69345980822663,-0.334824223259434)
(2.28791806277677,0.594613827595458)
(1.45944121555895,0.912548125894242)
(0.795912595743168,0.669460648697169)
(0.537677370275487,0.247509668956837)
(0.567464770597647,-0.0291376719538807)
(0.631276740556547,-0.0790315890923758)
(0.558999790167384,-0.0302914165866998)
(0.371590539540733,-0.0607457659379813)
(0.225316344809344,-0.219545456959667)
(0.223893523644235,-0.374585786705444)
(0.274225084529268,-0.363898700891643)
(0.170312051641287,-0.203383777782302)
(-0.170416136901624,-0.0838497158978051)
(-0.636407123046267,-0.135017784578480)
(-1.15305015372806,-0.296748582109539)
(-1.87934653315355,-0.565128775028632)
(-2.94297331207647,-1.31979676510826)
(-3.89101270045380,-3.11777827297082)
(-3.65012541381772,-5.89339161325074)
(-1.44008672602037,-8.44317009216552)
(2.11603117651385,-9.12673579371639)
(5.07718398649038,-7.44229140218527)
(5.82556157435623,-4.83821280786188)
(4.77026966072126,-3.54580193588871)
(4.12834720013378,-4.30975334658538)
(5.64059702214592,-5.42041236718558)
(8.49029849116646,-4.39430638528291)
(9.84899379064941,-0.791446019617003)
(7.80786403959357,2.88566560441029)
(3.69477535859062,3.48460972942300)
(1.11986975597492,0.507907284602136)
(2.46996525640376,-3.08949170885587)
(6.42229111460697,-3.65972674188443)
(9.15243085766316,-0.454175202593992)
(8.08303808929247,3.65306554979138)
(4.35050759094495,5.05383083569849)
(1.53461776881617,2.91702581243735)
(2.08441788101392,-0.194823421803110)
(5.10095313474471,-1.00781122608598)
(7.48817384737713,1.37608753621513)
(6.98009170675491,4.95620822125448)
(3.96371654706962,6.97496661290555)
(0.678880308984044,6.30622650545267)
(-0.919612967243589,3.95636315328925)
(-0.490176074326323,1.77450562477494)
(0.954631073957775,0.977678815674087)
(2.07296076114709,1.62601950448856)
(1.98628451978709,2.90980594110980)
(0.636348249724918,3.67341315346619)
(-1.13744367013506,3.02887727401789)
(-1.97745124410670,1.04681925554781)
(-1.01992610322202,-1.00112461152131)
(1.10619736648265,-1.50086401950906)
(2.50170676758199,-0.0767208343388126)
(1.71950159931588,1.67626752350275)
(-0.521395040742668,1.47186341738126)
(-1.62111023697150,-1.29070881211681)
(0.482621091129034,-4.49870842546858)
(5.05343722553353,-5.02648940225294)
(8.90558454734198,-1.69715220104829)
(9.21679774968980,3.48567672929535)
(6.02222738770443,7.14781554773249)
(1.90965621130173,7.53600065207115)
(-0.587247835490847,5.66617902126942)
(-1.06153485312307,3.72422056107153)
(-0.797725899367690,2.76810554093147)
(-0.784788110762957,2.24111872575660)
(-0.691891891420370,1.43335139942682)
(0.164095876590256,0.761412572029334)
(1.38418347355717,1.21549262351020)
(1.60393334484779,2.78698977235839)
(0.114979396079111,4.02774651218961)
(-2.04201601461012,3.48128250444441)
(-2.98492712948379,1.35663663833588)
(-1.95851674475122,-0.576598884039895)
(-0.114236355889641,-0.824017832716222)
(0.777014151817733,0.337043901077821)
(0.178098862882215,1.33755161881271)
(-0.857075989097701,1.10470554187847)
(-1.05652296065935,0.0807732332418704)
(-0.316502781344610,-0.540027561022912)
(0.425502281229745,-0.255177687770185)
(0.442543764542809,0.341891603843236)
(-0.0231916635511216,0.471559753717324)
(-0.281868427072763,0.0900245279565109)
(-0.123886486683713,-0.282211854617641)
(0.0870596250208353,-0.400930196008065)
(0.143913330383457,-0.572079436559900)
(0.412024507477708,-1.01353261062249)
(1.27441725018571,-1.27871890454881)
(2.35162748237679,-0.675231292904862)
(2.66125476492808,0.750518439587686)
(1.70593256015254,1.96984038171146)
(0.197641809022050,1.95410949691054)
(-0.565667931585713,0.818898513503847)
(-0.0543553844075640,-0.245319716557566)
(0.956053177332339,-0.242737989121878)
(1.29183524677633,0.597787398450880)
(0.671871300297500,1.19387035939638)
(-0.0956842947529672,0.891560275729453)
(-0.156132074769480,0.137756157945295)
(0.410848560432816,-0.176631364957393)
(0.807978281263152,0.183014271076182)
(0.568893042854519,0.594032719763362)
(0.104218731248865,0.440504567217558)
(0.112618142837161,-0.0945784264345293)
(0.653221075341589,-0.289154831982091)
(1.05379626878249,0.173077625546295)
(0.747716830828816,0.771407951194702)
(-0.0137725578833667,0.753109147832741)
(-0.434916421907459,0.0137710380889351)
(-0.0671947930237757,-0.803118557120457)
(0.760061635651220,-1.04692500882731)
(1.41409121385931,-0.703383268217723)
(1.66576760328417,-0.217116749986088)
(1.75990733836534,0.159333041340470)
(1.87271360468776,0.602343423121711)
(1.76481055984715,1.27990940570367)
(1.12197421995017,1.90303568086907)
(0.116960992500236,1.93900467185145)
(-0.605072222658068,1.26467908508613)
(-0.584309133991506,0.416355465214436)
(-0.0648915798750034,0.0617858844598552)
(0.277804267624693,0.292816274139212)
(0.0937737163043430,0.580069147399114)
(-0.297647874898477,0.431805290168722)
(-0.359778573186310,-0.0466948604685244)
(-0.00208725329197401,-0.345941493487108)
(0.352945451039255,-0.211533857248591)
(0.336726070474822,0.0652945655991730)
(0.0914969125716945,0.0599412801360615)
(0.0490595442794489,-0.229055382456555)
(0.342785816936468,-0.396734404590426)
(0.624526336228151,-0.186579959660333)
(0.526495662107865,0.146121709889530)
(0.170954291069700,0.147922599434590)
(0.0535671019807751,-0.227846861745670)
(0.414559647196482,-0.505143385751941)
(0.879574881783968,-0.247083550201882)
(0.853373925694364,0.370003192891910)
(0.231836605525099,0.690625685313689)
(-0.418762639540490,0.307628349571458)
(-0.458923055040416,-0.455423198077653)
(0.122708525634073,-0.880126729238124)
(0.708492170369510,-0.631428099996838)
(0.745453453159866,-0.0907394877962182)
(0.330230147360331,0.118565250950777)
(0.0290834994972566,-0.159206573837658)
(0.178860622150439,-0.489002116832673)
(0.505312210532439,-0.419613132187900)
(0.493536330209785,-0.0478528835782012)
(0.0433563119286452,0.102795735568357)
(-0.390852918471854,-0.267898400289516)
(-0.351100848217818,-0.855967571936728)
(0.0511167188501886,-1.12454800304555)
(0.264946460288842,-0.999058318201272)
(0.0316247587334468,-1.02188844049340)
(-0.150001721669496,-1.69214668555938)
(0.527676316505868,-2.69879978585321)
(2.19793333573041,-2.99503635849364)
(3.88864076293267,-1.80212219196175)
(4.25843307386482,0.444001704321563)
(2.88091780855167,2.27323163772204)
(0.771632461810254,2.45452125083938)
(-0.472363707921435,1.14736860772792)
(-0.137342926981950,-0.253890137009435)
(0.995249560831642,-0.474031176797641)
(1.51431201123953,0.443982014724044)
(0.826650875095107,1.30735817020616)
(-0.312775158298011,1.09831943624749)
(-0.705184710873819,0.0337647848981624)
(-0.0301248178851894,-0.750768817850366)
(0.855591844173243,-0.495168143269248)
(0.928871715529324,0.367661510946969)
(0.151840647512198,0.761274468907309)
(-0.535969411781658,0.221082904457572)
(-0.345447039847817,-0.592028915148444)
(0.434065272277509,-0.695442633851917)
(0.778732852178062,0.0445569004817665)
(0.132454077574469,0.740235867363012)
(-0.938989458163755,0.497303966394890)
(-1.38937851564996,-0.577564875124705)
(-0.852287129064346,-1.53635207700045)
(0.0368080950795319,-1.67830569576575)
(0.472612688167971,-1.24998763489949)
(0.395833362603815,-0.968020367733444)
(0.378264714951201,-1.04447864571394)
(0.697750625900369,-0.983570055663867)
(0.861174366376988,-0.394984917598819)
(0.251683406996907,0.277911691444266)
(-0.915019759294283,0.156832590719412)
(-1.63395177323326,-0.955721789983065)
(-1.24603766838562,-2.17626032019481)
(-0.299048560457998,-2.50122066626234)
(0.0394617694538644,-2.05003097710875)
(-0.558779052825201,-2.00965212696850)
(-1.02218726362089,-3.18950847455098)
(-0.0420998191014005,-4.85806531722586)
(2.29834137243201,-5.35491129123323)
(4.38462692459246,-3.91182761992292)
(4.71361297121896,-1.59338372618379)
(3.48201478021677,-0.199235013181562)
(2.27318455131718,-0.353303719934349)
(2.21357571952687,-0.995847783436610)
(2.79384011424995,-0.833036536977989)
(2.73549527363026,0.0621026330831609)
(1.76344344984721,0.477087362069517)
(0.998914123556873,-0.196885983510317)
(1.40550014207567,-0.988052108657744)
(2.26263918389059,-0.546029654163767)
(1.80719803157738,0.845950018132203)
(-0.434899250247545,1.09668148934442)
(-2.42734798126124,-1.38774582643772)
(-1.36238573079508,-5.37724218348030)
(3.18594700188879,-7.37137304461914)
(8.18295773090109,-4.90003123799215)
(9.64599667257539,0.771309093403236)
(6.38189451556084,5.51882748320695)
(1.11734663403424,6.09129520474653)
(-2.13424215454436,2.93817369552517)
(-1.71726537721854,-0.624809943776103)
(0.645807002848503,-1.79829376223360)
(2.12913989924372,-0.640692614082578)
(1.64283621978936,0.748180907945514)
(0.328549249965638,0.806919474825839)
(-0.301041281215713,-0.122836004078415)
(-0.108909686772766,-0.810896990069934)
(-0.0740732889551632,-0.905868122948976)
(-0.708479101372110,-1.27655768115472)
(-1.24025651728880,-2.73450025391794)
(-0.463278332397036,-4.85428647527669)
(1.89696873263830,-6.26504492228650)
(4.86866244298306,-5.92080668878736)
(7.09809110696621,-3.87628214604958)
(7.73849710499396,-0.991524124669249)
(6.59011123098172,1.67871001205483)
(3.94179615138843,3.05632722730355)
(0.793493491478034,2.11312720500903)
(-0.912744567755808,-1.41017159558746)
(0.904304367846336,-5.97151275709506)
(6.60481242767748,-8.33884256032309)
(13.5861236303072,-5.63331004522457)
(17.4337430975621,2.05437629479137)
(15.0933838522718,11.0236245832000)
(7.41724945433461,16.3645301003453)
(-1.34259507440300,15.5544127300298)
(-6.76106294039205,10.1146667865928)
(-7.32565691261342,3.97933047428994)
(-4.81231544607551,0.279742016576406)
(-2.08667688328376,-0.536746110472109)
(-0.714594346250669,0.00156218320627001)
(-0.423853425471179,0.387706783773417)
(-0.279014641858217,0.303570236613308)
(0.0950889734056582,0.223150909542043)
(0.410483757631256,0.438066447930691)
(0.385936002705091,0.724950491338604)
(0.151764455302946,0.769379593765023)
(0.00637490211094960,0.575672302814291)
(0.0346184076064418,0.360141585504195)
(0.115903514001298,0.222536681942452)
(0.189588472987033,0.0994266539507335)
(0.316297884502458,-0.0181524472186321)
(0.471187646700710,-0.0260605701051393)
(0.470203802478920,0.0572761112858985)
(0.252193076575026,-0.0502351407569964)
(0.156383640947517,-0.595993721346064)
(0.699135797489799,-1.33082867307241)
(1.95044205602999,-1.52191238282641)
(3.21648120358919,-0.610948638516970)
(3.52103033927495,1.11518870838486)
(2.50052367828118,2.61779945430025)
(0.796879891967466,2.96863960547515)
(-0.491753757069929,2.14324411952544)
(-0.760725478053235,0.956762260108363)
(-0.307866939209986,0.248790936138629)
(0.136989062088301,0.172954314404501)
(0.190785602795806,0.260377495282703)
(0.0947891823062665,0.0733163154236854)
(0.294414738190101,-0.301975510628500)
(0.858497521979106,-0.405988183333861)
(1.36590620148161,0.0374282397116890)
(1.33424442446722,0.779174532106873)
(0.712988876490688,1.25309347510681)
(-0.0507993472299686,1.09590618201395)
(-0.412501416088824,0.466821273525728)
(-0.201368872594258,-0.114793793484123)
(0.263162121325446,-0.239850881125529)
(0.494097691098925,0.0466998870942174)
(0.289350226184421,0.331214150375042)
(-0.106262069168304,0.254002250125578)
(-0.280731501478556,-0.139726486259149)
(-0.0983047634521464,-0.473874488651509)
(0.158638229058664,-0.474660052838797)
(0.125029888739709,-0.298007203620814)
(-0.188944242424516,-0.355130246528113)
(-0.371598544466447,-0.790427495681937)
(-0.124281834182614,-1.23221521507528)
(0.255651320265278,-1.21779681322478)
(0.104257752016013,-0.901520497734892)
(-0.736487400289052,-1.15811920172623)
(-1.34627784431274,-2.70741609180341)
(-0.320321157888195,-5.02550164017076)
(2.77971199095056,-6.31450810036236)
(6.53619909670132,-4.91015844425477)
(8.48290643936957,-0.964150000535235)
(7.12837798641260,3.30325199008943)
(3.35942279078429,5.25968047185534)
(-0.195076341208616,4.02189098854839)
(-1.34645308240326,1.11753193852498)
(-0.0710504113951547,-0.967383526562986)
(1.77412138678841,-0.952696114534162)
(2.33742153480616,0.372666623464781)
(1.38292477629173,1.23449751393480)
(0.193617689025807,0.665852669328174)
(0.108061987099032,-0.740069491425470)
(1.26156280311299,-1.64249374482310)
(2.65981712580786,-1.30635688877908)
(3.26700686114058,-0.146265751895878)
(2.90509407636346,0.873731393778648)
(2.18855899111054,1.18759027274134)
(1.78330734345082,0.986867911283265)
(1.82273778067319,0.823262397020534)
(1.95167653427887,1.00925024959546)
(1.78343462614885,1.39144377573109)
(1.26920793866208,1.58064122995404)
(0.709753309561705,1.32774526605585)
(0.493837586053207,0.729774879764444)
(0.798899114223019,0.164152662036937)
(1.44666287169835,0.0287768679604945)
(2.00346352060770,0.455381953102606)
(2.07911907061572,1.19530645229321)
(1.61668262902588,1.79472382836933)
(0.918537644443066,1.94648488523055)
(0.360449625468108,1.70581666068289)
(0.0659315047056067,1.35158926152445)
(-0.114601843465642,1.04319518852176)
(-0.303049277805039,0.671144546738537)
(-0.346110555440683,0.0920370482345872)
(0.0345595304266366,-0.535260327611620)
(0.826706428028359,-0.770403159026278)
(1.55579741942039,-0.337121896347667)
(1.65152559937738,0.477115699399483)
(1.03094805963153,0.969459775121702)
(0.269324945012512,0.647575975594224)
(0.126671542716512,-0.285011860532749)
(0.880787299569112,-1.08551880899435)
(2.11810710187523,-1.10515620252472)
(3.13374765462631,-0.264904016344111)
(3.47467066072179,1.02643933237019)
(3.10942595315745,2.29189100146527)
(2.21143346853380,3.24558057394242)
(0.953079803677976,3.72018931308402)
(-0.440003049124240,3.54517043736548)
(-1.56848968784515,2.66064017216695)
(-1.99412205284823,1.34317119163060)
(-1.59499846748223,0.174292888423033)
(-0.744379450383792,-0.348820787397702)
(-0.0441948536538241,-0.203274651407509)
(0.161987803558271,0.187208842245404)
(0.00838944945495416,0.377075435657687)
(-0.138285087947824,0.274833834899257)
(-0.0844424128376445,0.107529817867044)
(0.0592380251654973,0.0851746545565750)
(0.0973258159100166,0.175395644028046)
(0.00452194436963377,0.204969225633346)
(-0.0771748900977509,0.101146446367756)
(-0.0412219336285520,-0.0366969216791868)
(0.0610636903325194,-0.0872367692813279)
(0.111645571179736,-0.0573950135960474)
(0.0821090317766601,-0.0498072664621625)
(0.0531427072951092,-0.119054801950529)
(0.0978530098120509,-0.211503501042831)
(0.195770623760061,-0.245365581033501)
(0.272965836329711,-0.205254085023850)
(0.287918365726705,-0.137327143550441)
(0.248891530302927,-0.0846573224380131)
(0.173256704276337,-0.0655709127321741)
(0.0773484169603056,-0.0996376842819495)
(0.00595705126864484,-0.200210871684302)
(0.0153751912646989,-0.321701758932913)
(0.0852496847124915,-0.363921781502041)
(0.0792967935971654,-0.291497792092986)
(-0.131090970279445,-0.245900882906978)
(-0.471696159793892,-0.467200033058571)
(-0.640513753086141,-1.04163965777231)
(-0.350323919608606,-1.73597032572105)
(0.377871933779502,-2.14136934946173)
(1.19082525137884,-2.02211338652351)
(1.70026779350316,-1.51762105501203)
(1.80359994659559,-0.988433109030077)
(1.70801311604403,-0.677439162154635)
(1.66802561512803,-0.538223357856643)
(1.73809300095093,-0.368414948108834)
(1.77309929235595,-0.0544635809929251)
(1.60902544363171,0.329387381010309)
(1.20488121859937,0.603199893375621)
(0.658641664597097,0.598179091908219)
(0.176081068970162,0.226324043563423)
(0.0312336862943556,-0.443799962548785)
(0.431038824882750,-1.10602954608865)
(1.27227110918869,-1.29696777795485)
(2.03223309387608,-0.746668535871120)
(2.07455365713298,0.243863621512184)
(1.25260690397891,0.868401495088363)
(0.229532469446559,0.468122987103416)
(0.0350704760379877,-0.752798682306229)
(1.11791608314709,-1.72299457517870)
(2.78985298299987,-1.38354056782622)
(3.70804049299291,0.305734261759081)
(3.03653011613491,2.23229582134801)
(1.19632292560680,3.06316285133178)
(-0.522780883049333,2.37533283258395)
(-1.09603184829720,0.921151846448396)
(-0.546588239219882,-0.152797594561812)
(0.292031059489824,-0.300946797726787)
(0.655158444531872,0.143326632144342)
(0.446450734549070,0.511540470393536)
(0.0835795299582348,0.474938476873222)
(-0.0582813600778115,0.197372526398514)
(0.0375853188777795,-0.0115436584078341)
(0.169560922726823,-0.0407862475407458)
(0.204028049819999,0.0134027921396301)
(0.160943966142971,0.0430392688034630)
(0.102493462875013,0.0317669165830383)
(0.0476789227533439,0.000791987663341528)
(0.000636005988523902,-0.0454210207051633)
(-0.0224892826980362,-0.0896295902500263)
(-0.0427296858168501,-0.0878681931291913)
(-0.140304061869306,-0.0466260296411105)
(-0.352896001201305,-0.0766888184035470)
(-0.568223410560732,-0.283269317005487)
(-0.613351621318733,-0.590840676288658)
(-0.498795358426321,-0.772990173998949)
(-0.494371633494785,-0.747066591167533)
(-0.832490789168815,-0.801623531426180)
(-1.30498171184756,-1.38558953168917)
(-1.26994740917359,-2.56339730995015)
(-0.215069734419458,-3.71529926474798)
(1.62360412581561,-3.91842880870983)
(3.26000350710073,-2.74911194914345)
(3.67635572526886,-0.750023251169153)
(2.63697801708469,0.915381902601814)
(0.870333186184657,1.32442600336292)
(-0.497967300143491,0.423279258041527)
(-0.726876796099107,-1.03859027073106)
(0.144429666192530,-2.08973232709061)
(1.44748330187064,-2.13223810602195)
(2.34427071017484,-1.21477710811899)
(2.30280881636718,0.0588511003509363)
(1.39637884595356,0.902764446006104)
(0.264781751845733,0.862865919850453)
(-0.343896048133356,0.173504421772337)
(-0.212147166635136,-0.406054586226065)
(0.0923486641255813,-0.290028338041018)
(-0.274252276112879,0.279343110102667)
(-1.52387256875354,0.346275113360606)
(-2.85043537252174,-0.837619644951598)
(-3.08584057498381,-2.96393277253164)
(-1.81895265538299,-4.83096182565524)
(0.192635802628267,-5.43140395339062)
(1.78379280142738,-4.83241495444488)
(2.48171266912417,-3.90921996702817)
(2.72465958708271,-3.29344376432768)
(3.03091312061251,-2.80325882840810)
(3.22374418736927,-2.00683114926085)
(2.74113393038237,-1.12573809791027)
(1.65099947985813,-0.997138589618690)
(0.974207787629758,-1.98405582400854)
(1.65869211393288,-3.18040332768316)
(3.28175419135564,-3.12085525960519)
(4.15051701487146,-1.44238377149240)
(2.99916031191382,0.398365183732525)
(0.526056799411825,0.411998839129211)
(-1.06232299401289,-1.82840245430792)
(-0.224313477087888,-4.57798952674709)
(2.29947236697093,-5.61165511713664)
(4.23677563229046,-4.50081380426660)
(4.18148771881621,-3.02407777424342)
(3.09282708113082,-3.22587743081832)
(3.28608601610175,-5.17098836259708)
(5.98110468255166,-6.75912767047163)
(9.95863030690841,-5.75609899522727)
(12.6253629229393,-1.92269228378368)
(12.2896300944356,2.81973233770547)
(9.40277575333986,6.12142936348958)
(5.82693436332587,6.98771100776287)
(3.18152446031002,6.07503104699143)
(1.88864207385957,4.66449165441105)
(1.44252733753615,3.58146775759481)
(1.19618003126776,2.91331753648610)
(0.845594427088079,2.34213587661790)
(0.478831561408079,1.52896282276655)
(0.457280602559174,0.354106058966526)
(1.19859744489705,-0.905265001152935)
(2.78407043893402,-1.57993104695513)
(4.63169257033952,-1.03738997520605)
(5.72541668927069,0.668029750784672)
(5.42238880419436,2.62794526419494)
(4.06677739631871,3.77753621575929)
(2.63733775899653,3.82600514952103)
(1.72656076710373,3.34053558614365)
(1.07246910084022,2.81931808430575)
(0.317749497047328,1.92116771427970)
(0.0811018786780708,0.0212100115767785)
(1.74857794399026,-2.36178787456769)
(5.75694943604863,-3.11963819882894)
(10.1774235220816,-0.186114035799426)
(11.5932815811555,6.06005527222671)
(7.97552852981288,12.2573067574174)
(0.853560164293988,14.4485717976976)
(-5.60251948428053,11.3906821493511)
(-7.96136989521530,5.57968132935823)
(-6.18486709442056,0.948876089574599)
(-3.08338455948616,-0.474742164806236)
(-1.36524086179582,0.262624745444926)
(-1.37821251130173,0.856806420236594)
(-1.59110823560251,0.295819281702673)
(-0.808610492336783,-0.520925221440749)
(0.514742517275363,-0.341564749578411)
(1.10031634451620,0.807680132113645)
(0.506022716359780,1.76027116115441)
(-0.420652812926686,1.68415751930525)
(-0.664404948499458,0.987423914414198)
(-0.221827289964559,0.658222389225524)
(0.0647254739038155,1.00677397814467)
(-0.333872948666131,1.37861647902869)
(-0.984902126697744,1.07885940127390)
(-1.09257311832856,0.264822569401479)
(-0.501570671142302,-0.278836802432060)
(0.151448459656400,-0.113656298574835)
(0.248413672963652,0.374630761422126)
(-0.103942536989239,0.523019643551886)
(-0.309597289396072,0.199448907959610)
(-0.0689915117915128,-0.130886082860609)
(0.306717837413368,-0.0711789013452861)
(0.381730718973935,0.221120797179986)
(0.174476684606789,0.317476873303060)
(0.0742179729835081,0.122011384315279)
(0.265261878571006,-0.0301060615395023)
(0.469626963736897,0.118734262079580)
(0.356306365635434,0.354317531310526)
(0.0499430418688657,0.267144150909086)
(0.0258874543912831,-0.156532827050452)
(0.490639730153215,-0.429633468336713)
(1.04653861301931,-0.130779203323861)
(1.10594463541586,0.550465691640096)
(0.572797077452742,0.985623869703286)
(-0.0407938613797772,0.807374061094185)
(-0.202732984377376,0.295774468287357)
(0.0642802571562660,0.00489007773682870)
(0.294079436749543,0.114814745673630)
(0.185158775990853,0.293145386228698)
(-0.0649380422944249,0.179075892070835)
(-0.0720035933408964,-0.158011227795952)
(0.224767324194700,-0.342030208893978)
(0.503031657275166,-0.183746548556684)
(0.473373710594216,0.103012848955799)
(0.203110298089891,0.193555520097602)
(-0.0337080786762220,0.0188115711525087)
(-0.103971392484711,-0.261668849038658)
(-0.0631487857945550,-0.557266279800809)
(0.106688734444011,-0.921624428721406)
(0.592776403462870,-1.27991201023813)
(1.43486923189448,-1.26198150068652)
(2.20547628697351,-0.533373742499712)
(2.24616744640557,0.681629259436840)
(1.35090173408063,1.59483652864471)
(0.116039305292972,1.54826618990649)
(-0.561959541445037,0.698652162133259)
(-0.370177826871855,-0.127522942808532)
(0.150397485838780,-0.311435799304504)
(0.283087009952051,-0.0674637595178702)
(-0.0185629167340216,-0.0871020418655919)
(-0.120405872492937,-0.625614558234579)
(0.451107091355514,-1.13632956768114)
(1.33507705196541,-0.915126180219088)
(1.67101036530712,0.00351324035061798)
(1.08050636762635,0.786864578966692)
(0.142469415491175,0.690668574750647)
(-0.212884364162306,-0.122654455305249)
(0.297992808172139,-0.776356767599140)
(1.05717531885756,-0.645629494431350)
(1.28373088000555,0.0166946894649554)
(0.874174305532834,0.465467300701722)
(0.400199490374021,0.335969608209366)
(0.360121734276494,-0.0301030443890297)
(0.629801790863512,-0.110078103088596)
(0.728330304415213,0.143988449785393)
(0.480512396707413,0.321617168121778)
(0.214742245518944,0.150316266052948)
(0.282385738934224,-0.135151435884217)
(0.560723626956966,-0.121433244662726)
(0.600156516587964,0.205354121895345)
(0.227355194464571,0.402797727547026)
(-0.185439086447345,0.132212826537586)
(-0.160584877495816,-0.375321122417301)
(0.269415692112512,-0.565307297131664)
(0.558832500129707,-0.246023193940196)
(0.303442080252963,0.136716354870513)
(-0.234298421174708,0.0127804461349064)
(-0.398288590882118,-0.604395557712008)
(0.0790968607710905,-1.08389858055076)
(0.719362487510589,-0.899838721874144)
(0.826056050744289,-0.269485773279628)
(0.303829263442773,0.0733921516453669)
(-0.209866777218575,-0.259148397055875)
(-0.0999985367861236,-0.821967273775713)
(0.442992625793149,-0.843680532655929)
(0.564245621403013,-0.193663221650697)
(-0.267710804239076,0.316379372825819)
(-1.51042964547617,-0.267287528404373)
(-1.93928670012726,-1.94294796025904)
(-0.864891934680274,-3.57146794658709)
(1.08421900717325,-3.89935665147579)
(2.48516040161392,-2.78423855266857)
(2.47450743736722,-1.35138226413807)
(1.56696624113906,-0.882919713887064)
(1.09353247364784,-1.54944927526867)
(1.81868733434604,-2.27187405888553)
(3.13730787982881,-1.85776225061024)
(3.66656342305401,-0.264720697614340)
(2.64127132739936,1.28157765232548)
(0.723621702345840,1.43445220850591)
(-0.564128144382449,0.00795731146267057)
(-0.215875142977399,-1.84077201341273)
(1.39498756938714,-2.66209856033583)
(2.93003073680019,-1.96090131633223)
(3.29915989966333,-0.500162254979073)
(2.51193888196391,0.503447787909325)
(1.47746440329240,0.438967248298384)
(1.10147443980682,-0.331959150806780)
(1.57723076282275,-0.968252332010645)
(2.40168373403494,-0.897535946380632)
(2.90238357812601,-0.162450100974900)
(2.71834617653992,0.757550444025522)
(1.93265168729806,1.32286823810856)
(0.948867819266243,1.20663477293061)
(0.293190941079772,0.422273811515504)
(0.380134312003923,-0.648879986055332)
(1.25327613144197,-1.39293592720813)
(2.47164208295145,-1.31324342332853)
(3.34326679492309,-0.399916918033054)
(3.41170842573086,0.835418507198069)
(2.77267658290591,1.76317314120699)
(1.89902198188625,2.11532779161613)
(1.16410656632725,2.06209062888827)
(0.592814662491103,1.85174059788675)
(0.0855306566995898,1.48990786906626)
(-0.238577774511069,0.865356845514585)
(-0.0928773404664176,0.127637986687191)
(0.543382105931100,-0.256506930550794)
(1.19085467703479,0.0384008343465492)
(1.25316732683999,0.740086868684193)
(0.661511262752091,1.15503033259903)
(0.000902346508935802,0.883519726216248)
(-0.117036260366896,0.262994917163519)
(0.256522201331761,-0.0308077035964162)
(0.495131083011353,0.204960738100205)
(0.193446355211563,0.458829699802236)
(-0.295735049895977,0.165257975334936)
(-0.288634650784510,-0.529026110249931)
(0.323459913412239,-0.885810782668609)
(0.840054896354034,-0.509092560215541)
(0.577130071070431,0.0513934827591033)
(-0.197405851202270,-0.135363098363932)
(-0.418075302591198,-1.22371611395269)
(0.587471110508846,-2.23282391798010)
(2.22327696955045,-2.02228916357812)
(3.14235110642179,-0.550846832012042)
(2.62942935129475,1.03140059283948)
(1.29174480463491,1.57718086593869)
(0.309127892571172,1.05208662011635)
(0.181391421928508,0.337776985978442)
(0.428928840634638,0.0987384785270340)
(0.449244875622143,0.149468705682491)
(0.310749602437145,0.00242237705418689)
(0.467232916088542,-0.286679362966611)
(0.894446738541532,-0.192642397989357)
(0.956892584770672,0.394465129315727)
(0.297666295853665,0.784449139021374)
(-0.466282066845706,0.309333214288843)
(-0.367744581008518,-0.646411911114612)
(0.592856021436211,-0.908759659419564)
(1.20091122006391,0.0145100886284595)
(0.441134700855433,1.08787294661729)
(-1.06219482110486,0.845779527361888)
(-1.56692490965785,-0.692603163686024)
(-0.367573951292571,-1.75660396414604)
(1.03373596452529,-0.888500929211018)
(0.515831614151353,1.00414564846923)
(-1.91516759247697,1.37664440584334)
(-3.67854989572117,-0.867091973697072)
(-2.54485577944472,-3.57398315615017)
(0.232641528615163,-3.50520468944245)
(0.675600898142274,-0.509262616944031)
(-3.33268920483667,1.25891756698418)
(-8.55663387832623,-2.65641699130672)
(-8.59290320241709,-11.5079321777367)
(-0.362656513524346,-18.5830121722521)
(11.7077603064462,-16.9615089869076)
(18.7781584202507,-6.47111560160033)
(15.5224566439222,5.38767844088112)
(5.12984322627166,9.92985722297261)
(-3.67672421887070,4.94651994916425)
(-4.58353868576557,-3.92871417969845)
(1.30460357227063,-9.09190643248658)
(7.86610930074934,-7.77859313452094)
(10.4729141054576,-3.18227307873520)
(9.60425706340705,0.241636183630029)
(8.51370419663544,1.47417957503556)
(8.59330827269125,2.72078260990953)
(8.01644754550354,5.45409725715573)
(4.78303076712186,7.94312868059577)
(0.0303485203717375,7.21793558592116)
(-2.57043771202364,2.93170707016150)
(-0.693600810750700,-1.59838466144426)
(3.95922641491928,-2.49374675024682)
(7.19242677569392,0.866974941878103)
(6.32555820049196,5.39908319851066)
(2.41574763125867,7.45881653746335)
(-1.29333879300640,6.06704125356332)
(-2.59106248273302,3.09542574144548)
(-1.78998227064509,0.875335434870928)
(-0.529559045714647,0.140001041627973)
(0.159654777069820,0.140211071676823)
(0.415185901660521,0.0551994832964265)
(0.728150543248239,-0.218703605240833)
(1.23497369757238,-0.440875252268833)
(1.88377470295118,-0.532813733300860)
(2.77803729851680,-0.411072069551380)
(3.89490127990017,0.340549607073895)
(4.58453061922260,2.09706650760969)
(3.86424123063469,4.38247581164249)
(1.51578086618593,5.81862228906275)
(-1.29585576060980,5.28010585322036)
(-2.86654329067833,3.10769430052782)
(-2.53001547532897,0.908932111990580)
(-1.22968239166709,0.0216017913166664)
(-0.416544794934349,0.310771554436844)
(-0.536352240378543,0.613874341920566)
(-0.813346327195227,0.218476647395095)
(-0.445974613200130,-0.406775809306254)
(0.339532938654155,-0.406040685108236)
(0.648267482640998,0.257378912008904)
(0.137091931445119,0.730277025098978)
(-0.509818581877586,0.377704654795923)
(-0.453737315779584,-0.391595190438709)
(0.218790985978579,-0.655145962227831)
(0.611756533163862,-0.179455725239776)
(0.194392834046592,0.259180914359576)
(-0.470938030540556,-0.131418655314082)
(-0.402156185005105,-1.10569182062408)
(0.555042060070792,-1.62426990825572)
(1.48618323547584,-1.12209130024945)
(1.50676956798042,-0.216009510334919)
(0.840264769028011,0.0546843824794891)
(0.513853732807528,-0.478969234667939)
(1.03347647838919,-0.918248806523830)
(1.70370805101927,-0.472862080314551)
(1.48941849814605,0.449036547480140)
(0.391143286149063,0.643806310535298)
(-0.391856715134773,-0.410157521472275)
(0.198644817301936,-1.78838302075588)
(1.79496341713959,-2.05939672206165)
(2.92604585660127,-0.877185967526055)
(2.60726312811016,0.636239923087071)
(1.34571852413792,1.16065954616241)
(0.411506016343213,0.581183375827471)
(0.309211091583273,-0.130105636598115)
(0.338923796292300,-0.345266501614533)
(-0.208152406878621,-0.690167545796427)
(-0.724310504239917,-2.19611558200801)
(0.386416215999888,-4.61600534132621)
(3.84843539755892,-5.99316116344062)
(8.15799464148383,-4.29319100575076)
(10.4294770243543,0.435466379590503)
(8.83921568294901,5.66932971833243)
(4.30015987780897,8.35323483140117)
(-0.288863122883978,7.36822333637390)
(-2.46417859623522,4.21314858371411)
(-1.97395366581479,1.42371888768566)
(-0.420590514578551,0.419942409873775)
(0.542252277152763,0.776414642321456)
(0.545736366088013,1.25521721104176)
(0.276969653586019,1.22339834254250)
(0.324583939582183,1.00830320734606)
(0.509978988009538,1.12303843250486)
(0.303536668068275,1.47561673406579)
(-0.362959167015354,1.47351400564581)
(-0.909265997614175,0.788171899352881)
(-0.732049503008350,-0.181138003958691)
(0.113737180021393,-0.680701860056906)
(0.948434232620478,-0.372803621381115)
(1.15433644542995,0.348273659442233)
(0.753868086316103,0.801820593455867)
(0.289399185948701,0.705299950722603)
(0.197944469687224,0.369155643979281)
(0.385229519260404,0.253931018005164)
(0.426470507706448,0.427520139409973)
(0.115857444172836,0.517435409554834)
(-0.264914182515275,0.172820968355587)
(-0.241305728967974,-0.500637295050506)
(0.338504073032956,-1.00827122529322)
(1.12597642903751,-0.947484080149128)
(1.59954846291413,-0.384014239342884)
(1.52874775132317,0.243299537234892)
(1.11011127134957,0.536288192034870)
(0.710051698367805,0.421211682651208)
(0.557104640301155,0.0745688643398101)
(0.691737724233274,-0.310839245548835)
(1.10630882997626,-0.603027004174898)
(1.78430688301067,-0.626007764095377)
(2.54792779488150,-0.140049990535944)
(2.96602163425992,0.930289481953282)
(2.58478092305022,2.23830621820396)
(1.35807829428835,3.10222579867501)
(-0.169246035249016,2.98858061931336)
(-1.20008466634494,1.97572929253767)
(-1.29134796881426,0.725257215565291)
(-0.668714227373819,-0.0457097009146483)
(0.0339275807142508,-0.102361377174535)
(0.330028524972951,0.238442069536902)
(0.202412954170845,0.498311110259505)
(-0.0383152202661770,0.455276452824002)
(-0.116855226417945,0.222825590918519)
(0.00298580787427793,0.0277772984167696)
(0.189878491821508,-0.0127084038965232)
(0.313075607648083,0.0742414455654088)
(0.318491164013552,0.202711227469726)
(0.212249269775707,0.288774297188778)
(0.0459313468649235,0.264286904328150)
(-0.0843308267931049,0.106725596070270)
(-0.0854760236602832,-0.121081309770804)
(0.0502965480959730,-0.301471420912949)
(0.234963600430582,-0.366594213928844)
(0.385587557051860,-0.353910936845520)
(0.514292388280618,-0.325982324572381)
(0.673025419534409,-0.256453094473971)
(0.816752095164337,-0.0587352589688861)
(0.794109427766876,0.251475789354620)
(0.527918486486629,0.486015577018534)
(0.166917320434243,0.454152941042746)
(-0.0293842813754367,0.196526122694861)
(0.0199868245716809,-0.0336749652133168)
(0.117781508752406,-0.0697109085946316)
(0.0486496037141263,-0.0483992168769482)
(-0.103272383090351,-0.230739405960843)
(-0.0165814071792815,-0.610102645031434)
(0.440196391358015,-0.823026931827829)
(0.942570851767324,-0.551739342965415)
(1.00653649753630,0.0348709520079933)
(0.557460788759463,0.386726568472982)
(0.0734387154420741,0.176050048755695)
(0.0653923052936675,-0.306065816012325)
(0.483130012859849,-0.477618518406493)
(0.783547287931820,-0.157083931595918)
(0.604825019820134,0.231111412179179)
(0.211708670608205,0.212050263588034)
(0.131696693243481,-0.118377916469075)
(0.433294891268533,-0.222634856538184)
(0.600221498192541,0.133757674941387)
(0.219626060214708,0.497611407137113)
(-0.389013259947929,0.274128888666418)
(-0.486948147951903,-0.443246409455680)
(0.136447023086567,-0.869965649614845)
(0.793299465671302,-0.470788892487448)
(0.680748547943296,0.305699405275773)
(-0.0903330636128878,0.507691458715321)
(-0.562945988172966,-0.126738107213343)
(-0.123631189192502,-0.773245663789696)
(0.654036880764120,-0.529645916149939)
(0.674304499431162,0.374502164701655)
(-0.239684412640524,0.771190026867532)
(-0.987447578780885,0.0505513931920095)
(-0.538476427449277,-0.908314260221809)
(0.615786208677728,-0.717423542569147)
(0.866696667649605,0.681319240084759)
(-0.508259638177522,1.67957575956130)
(-2.18363205914131,0.868318562937738)
(-2.15869724189460,-1.01648334329976)
(-0.280488890619608,-1.61773675694626)
(1.16180036041246,0.331207943302812)
(-0.196452296313667,3.22134236168915)
(-4.03337158562826,4.03088961679123)
(-7.49523713226808,1.56412115361173)
(-8.25898208758022,-2.30229729803602)
(-6.93074507661877,-4.91632202059142)
(-5.86344394997412,-5.94136695473436)
(-5.84232004959737,-7.37641759926781)
(-4.90672283852155,-10.3741022912302)
(-1.10880920980505,-12.9367459257696)
(4.07049739817393,-11.8750732772294)
(6.33113794604156,-7.17283899795176)
(3.33134631062131,-3.33105226265354)
(-1.66656063486486,-5.17064177746681)
(-2.14989564272155,-12.1470649028801)
(4.96519615106847,-17.7662160231463)
(15.4068353135560,-15.5935811437594)
(21.1162735817147,-5.90107352408433)
(18.0267371503331,4.25454661412960)
(9.92275220768371,7.89153740454744)
(4.28151566299360,4.72796744420681)
(4.64154516080078,0.635232967761205)
(7.68744444426251,0.844911033344349)
(7.83363463190602,4.53896367789063)
(3.79697283406759,6.56033991549773)
(-0.217262144308299,3.83473174896867)
(0.318544363773593,-0.985739464139166)
(4.92427977482596,-2.60559908386845)
(8.63720598988364,0.925024710475767)
(7.49865172245401,6.17104450620723)
(2.62759190324777,8.23518019120414)
(-1.46038386536356,5.89203362489824)
(-1.90269902590143,2.25276264718098)
(-0.0487207712677904,0.775477306097174)
(0.909172499636990,1.60057657566011)
(-0.125658765252329,2.20235218039583)
(-1.33021584484371,0.947490345843143)
(-0.734897137008881,-0.998741277140324)
(1.19672036143825,-1.45822420050753)
(2.29289919700449,-0.114779094855271)
(1.48782367822401,1.16796616888184)
(0.0683642339222147,0.766333128506230)
(-0.0713589596100611,-0.746556131099005)
(1.20617033015193,-1.49123060105206)
(2.26388762115812,-0.714545411453761)
(1.87228140709144,0.354348431355547)
(0.732975951339238,0.174115507782687)
(0.500620583427314,-1.15969707685843)
(1.69359381959899,-2.12027695257310)
(3.16054744673495,-1.68819513050552)
(3.62288933295075,-0.478471882135969)
(3.17166789883985,0.256589239265965)
(2.84482611330973,0.255759062904785)
(3.05339210915029,0.332822983396526)
(3.09408900664323,0.957748918148292)
(2.37933060766619,1.44101962310132)
(1.56135678322640,0.951204262674072)
(1.79622103031552,-0.0399380138823862)
(2.98956831310712,-0.0753692192684194)
(3.51516756780448,1.31924490671738)
(2.18124761786176,2.58609020499994)
(0.128126008194175,1.76331109871986)
(-0.0449338913164195,-0.855281845162387)
(2.61098647491634,-2.42932054198620)
(5.66855186251549,-0.578345923433729)
(5.50018150944790,3.47313687314811)
(1.42150048473392,5.49997800023338)
(-2.83146191496109,2.57214230166019)
(-2.41891235349478,-3.37381355881718)
(3.59319199929925,-6.77561585016497)
(10.7661122607928,-3.62221496707759)
(13.1004420081849,4.56629384212446)
(8.43154841803801,11.9632482789162)
(0.164623448286161,13.5840581513012)
(-6.05211693258417,9.29490515180159)
(-7.15003857551508,3.14337224830112)
(-4.42642659460520,-0.694979902237391)
(-1.30451811966770,-1.13150605360891)
(0.0251360264760946,0.0778483615928897)
(-0.177522332400129,0.866350374988471)
(-0.540002052647986,0.705873672431718)
(-0.362563703511824,0.315255501701389)
(0.0179104261206953,0.297744378976343)
(0.111583711601763,0.490090105194972)
(-0.0104380046157554,0.461952048142019)
(0.0588005939378405,0.200912432211452)
(0.435055017077637,0.0948976691264935)
(0.783234704360856,0.387806150411805)
(0.737442289379962,0.868986329457170)
(0.312756635861781,1.12101296162050)
(-0.142118776140923,0.953194300186004)
(-0.306774908139525,0.539775195222978)
(-0.149199899525494,0.206562151758469)
(0.106171777222603,0.144896689416903)
(0.192305052297811,0.284386244409260)
(0.0172866328540478,0.363315496573489)
(-0.236298373253103,0.141713430647971)
(-0.221803828477210,-0.355041228843606)
(0.259761295453661,-0.768024944889271)
(0.985500125264969,-0.670502645444334)
(1.40836102985139,-0.00558150196975102)
(1.14508853039548,0.758818933551650)
(0.389403810074810,1.01694135943755)
(-0.242204235258673,0.610658133735705)
(-0.321763172025348,-0.0340610373984963)
(-0.00134932190415958,-0.397644035003176)
(0.266020996650729,-0.410553259320956)
(0.306134862001181,-0.398773493911807)
(0.350080841866694,-0.547325585995405)
(0.564372043838156,-0.647559247364220)
