10000000000000000000000000040.
0.040000000000000001
(0.825141017708512,0.697355873249756)
(0.411391672565730,1.32229149816635)
(-0.388787620643757,1.07943224471699)
(-0.583087143700938,0.280244137420900)
(-0.179846727165349,-0.189020785276248)
(0.0979853776868230,-0.152489109239679)
(0.00322829860504867,-0.179886275577709)
(0.0199240576350660,-0.514776243814454)
(0.377764244666440,-0.658940561157905)
(0.467677134749402,-0.323112238756762)
(-0.227100755040661,-0.262901194946499)
(-0.921229668444642,-1.44906987322813)
(-0.0431638556633809,-3.40496632649005)
(2.72336899115289,-4.10041316104751)
(5.43036242444921,-2.07103926303446)
(5.56590643213953,1.58797532477638)
(2.79021806558969,3.97243021002415)
(-0.529794592364019,3.29768493489230)
(-1.76467366173580,0.685836529524991)
(-0.654345561964399,-1.24789497687505)
(0.855996844668844,-1.25425188473518)
(1.11708194235078,-0.391979519246216)
(0.439635876473772,-0.248450975392731)
(0.121723847976722,-0.988503866189217)
(0.537005762491407,-1.64965696504889)
(0.966793427335187,-1.87132954050839)
(1.17130107095208,-2.36083505875487)
(2.13250796763762,-3.37968275072405)
(4.56118992950138,-3.58578330583151)
(7.12024445014899,-1.35005576292469)
(7.18358008616577,2.76171585009608)
(3.80965876399860,5.70582732913162)
(-0.595802397637558,4.85958614793619)
(-2.33514273524491,1.00886919592840)
(-0.197200127242271,-2.19503133368186)
(3.30558120215281,-1.93744390714012)
(4.67628207486915,1.00754560546406)
(3.00347467674704,3.46965659339033)
(0.420488125937732,3.41349116474427)
(-0.671018426732596,1.70983297548209)
(-0.0934948618033604,0.494633073057921)
(0.594552882989599,0.556724223158281)
(0.396564428019024,0.909864613564332)
(-0.106811139545302,0.569983927161305)
(0.00738798903453720,-0.129127120367149)
(0.571737178110809,-0.300909296208841)
(0.706929370111746,0.0290694215694633)
(0.292244388532094,-0.0401368264253692)
(0.278748147622558,-0.825999193696061)
(1.29475005462506,-1.35039640069313)
(2.48265735300726,-0.548157421427736)
(2.32494832028935,1.12419404452462)
(0.571348226404442,1.90196308108364)
(-1.18964495977811,0.680272854713890)
(-1.15470723182839,-1.62031121423551)
(0.752562715541930,-2.95942326870522)
(2.85366866190374,-2.27845914936102)
(3.48867891589673,-0.411592548334924)
(2.48890333318012,0.977983866589271)
(0.947403301581929,0.952870964306727)
(0.0289106180385902,-0.276887303558343)
(0.304500385945938,-1.95415115238959)
(1.85746147217632,-3.24531614596811)
(4.31244028505821,-3.26542072368357)
(6.55533118178239,-1.40486914101870)
(7.02519277643548,1.82861783066644)
(5.02002313411164,4.57119536992136)
(1.79232272437071,4.92787529502122)
(-0.200872200598576,2.88074460377844)
(0.410050304634742,0.577083768653564)
(2.46350342419644,0.295284705652599)
(3.44613862898370,2.12125846736631)
(2.14398158075772,3.93454675428278)
(-0.158631418573454,3.76011861952297)
(-1.22273179234014,1.83659530672587)
(-0.291850996469003,0.146988771356252)
(1.31750872183469,0.145208193456703)
(1.89999414694303,1.36141012936682)
(1.16259553110644,2.27097198323872)
(0.170774901884106,2.08818979620244)
(-0.119214088018382,1.34540690259365)
(0.200897363934751,0.911683826119433)
(0.484022796667253,0.960273449640096)
(0.465703815162341,1.07866959082589)
(0.390468098658683,1.02574138110327)
(0.435728576651852,0.965846702177122)
(0.450284957191575,1.02429290659450)
(0.329753376571154,1.02601657221970)
(0.292065430839611,0.851712668089104)
(0.517860405275088,0.768427743510903)
(0.713228393010607,1.07900032503666)
(0.399190292345573,1.53489517994899)
(-0.340132221492786,1.47772810334884)
(-0.749788055554471,0.704720480428497)
(-0.279848007919270,-0.0945071003181166)
(0.629348115117976,-0.0711381604728574)
(0.979351231843148,0.712793035181132)
(0.428954255571274,1.29999402414942)
(-0.265966844803061,1.01782470191405)
(-0.219737750078206,0.329594256185381)
(0.429076764102634,0.218403697619974)
(0.698828310119609,0.876432588535593)
(0.0715429464506322,1.42326310405395)
(-0.788578960968361,1.04863009236190)
(-0.868501822086569,0.0881904497165459)
(-0.109084534430905,-0.388954698640139)
(0.531129806424555,0.0573128657139462)
(0.321271423510372,0.713185104792383)
(-0.338614824122189,0.686427188446874)
(-0.520872958557774,0.0580256773286169)
(-0.0230576692050159,-0.307096042967687)
(0.419391029730404,0.0239415799558073)
(0.199000655166439,0.487222616309795)
(-0.318226182765162,0.352943180709235)
(-0.329014207679961,-0.230354274555459)
(0.253011071916538,-0.438127259759444)
(0.646243893324753,0.0616583428492211)
(0.281976771150314,0.607600235432629)
(-0.377462653208042,0.434564748697855)
(-0.442290285663571,-0.256671695959769)
(0.180637379620599,-0.543776063078345)
(0.633781422777238,-0.0416067868496182)
(0.273243594241556,0.547222835940921)
(-0.427849147464908,0.378658217646951)
(-0.502523194827733,-0.357699110021314)
(0.174361176987384,-0.661948706205956)
(0.668934042319949,-0.0877259631879334)
(0.236538014998790,0.601481941082343)
(-0.631097963776110,0.422212500181949)
(-0.811589621598789,-0.487766151414352)
(-0.0464800666651024,-1.00089033931571)
(0.679252086113373,-0.477138084262804)
(0.419421053761698,0.373517760182575)
(-0.480055434381970,0.420016857888988)
(-0.841916386266475,-0.388855359571240)
(-0.232765061849214,-0.960500375917508)
(0.454795202110675,-0.527678656283120)
(0.199774113757762,0.317946562964124)
(-0.779743702961460,0.420609362220182)
(-1.33683124783339,-0.389839638248459)
(-0.963743507162405,-1.09755392024068)
(-0.478614591385501,-0.930698478391879)
(-0.871881099704967,-0.471064167135385)
(-1.86974519315708,-0.895222361181362)
(-2.20546260770306,-2.34058055997271)
(-1.29040950931287,-3.63697424540836)
(-0.0190577323277278,-3.84170403059747)
(0.469003008543062,-3.52631388066565)
(0.470656585242420,-3.97694524328135)
(1.49722739831105,-5.23293116054220)
(4.21314428936273,-5.58476925399136)
(7.10706722117682,-3.43827963911609)
(7.75225629874861,0.585496224524005)
(5.36217438113923,3.91449452412244)
(1.70060463585231,4.48532228162433)
(-0.679529462552150,2.64600403794115)
(-0.820186310499778,0.489792657104835)
(0.190863480746750,-0.378671854815217)
(0.815571917414733,-0.0845217129016875)
(0.609116110459842,0.291185624819068)
(0.156656394353826,0.129013909618219)
(0.0183160639888909,-0.354269393430673)
(0.200214942039372,-0.763279227101569)
(0.514119180156860,-1.00897884834692)
(0.934593496470934,-1.09578237287863)
(1.39570516323974,-0.873967902332866)
(1.56654520397163,-0.312391480856612)
(1.19274859565497,0.192837767101378)
(0.566266269095584,0.156439669305287)
(0.296545115512707,-0.353735931852779)
(0.549923379700126,-0.746940234561786)
(0.840994691827570,-0.701830847865344)
(0.779130583851599,-0.609162382191616)
(0.727578360691329,-0.921436776318936)
(1.29152045444890,-1.27843567150345)
(2.21693976261755,-0.808076311768633)
(2.35627234149515,0.565831428326537)
(1.07586274506921,1.60499051714411)
(-0.639116720676669,1.04663669849394)
(-1.06819205775248,-0.729993281566040)
(0.206164444614478,-1.91101552396577)
(1.67983592831402,-1.33533793884399)
(1.69850603694005,0.0885809847093404)
(0.477356123949906,0.534105400943139)
(-0.256843751806836,-0.416125929746572)
(0.409972102237335,-1.30451198071929)
(1.36842457765859,-0.855348093145698)
(1.07913353291491,0.204766713964285)
(-0.150251996607847,0.135987393653221)
(-0.436642969927478,-1.24126235746461)
(0.992181968514910,-1.99792667208715)
(2.34583095567583,-0.660209045300797)
(1.40805828111886,1.40713487670890)
(-1.22752108049975,1.34526917194743)
(-2.32547634618795,-1.34684153339831)
(-0.0494363540091193,-3.47129006741515)
(3.00394537471306,-1.73535154904537)
(2.18762603571966,2.61357503163244)
(-3.46230881969320,4.13300310284089)
(-8.93443949233246,-0.967122378908601)
(-7.84258224468314,-9.84011921977988)
(0.645129791320006,-14.9762885909559)
(10.2905687665005,-11.5483830430282)
(13.6514042989028,-2.29290834611954)
(9.11263676422833,5.30175059106394)
(1.74625341556351,6.26325708714973)
(-2.31357244590681,2.09734380307944)
(-1.48202133649027,-2.04529388429121)
(1.21220739186349,-2.94585065513357)
(2.39335265512793,-1.51421082788396)
(1.51450646109033,-0.366189827761029)
(0.108521151195075,-0.711377975712524)
(-0.637267755970847,-2.02062005589719)
(-0.619284152499779,-3.63095522561032)
(0.212077126693791,-5.39745383434417)
(2.25146643700257,-6.82458701741621)
(5.18135834873660,-6.76182130437782)
(7.41295838160365,-4.75728704798584)
(7.55075709004041,-2.20389257663178)
(6.25871181251714,-1.14965591293175)
(5.75324564333699,-1.84600917203620)
(7.10613976359546,-2.30201364878898)
(8.77882439467967,-0.811699072890699)
(8.60039809378929,1.66456142625349)
(6.85892116345781,2.62352975660650)
(6.28516049489229,1.55056089166907)
(8.44345825353757,1.23115553795121)
(10.9550433826709,4.58300939438663)
(9.54033197138135,10.5046190228755)
(3.05914438029055,14.0778240203225)
(-4.39411487210508,11.5682139302168)
(-7.26991246868455,4.71471494527299)
(-4.26258267146090,-0.795902713825656)
(0.493863695591108,-1.16170310778255)
(2.06043860312470,1.91167271942367)
(-0.179402071893798,3.71020663330645)
(-2.57981595822505,1.96000323536623)
(-1.94147373288691,-1.08242314342413)
(0.905117421364912,-1.89291659309691)
(2.60848428125254,0.0212217643996253)
(1.58710820820556,1.89647630059840)
(-0.258647990232495,1.41137856692778)
(-0.236524620927165,-0.495985322799583)
(1.65991463775564,-1.05977713616934)
(2.81802488357008,0.638962452787035)
(1.41056614650826,2.38865530987043)
(-1.11524387395811,1.50782605065488)
(-1.49789303497107,-1.78342127144594)
(1.63176854784578,-4.27728923325249)
(6.04006501909178,-3.08053997984210)
(8.02209040805491,1.37908744658631)
(5.96603751330773,5.78939079348696)
(1.65158360635289,7.12650548145783)
(-1.71229208569093,5.18142976612964)
(-2.37628708112672,2.18126882265554)
(-1.06762087369161,0.408044255475070)
(0.339585576199255,0.388278424825884)
(0.720161500508130,1.09173736067822)
(0.338451102223625,1.38549421170579)
(0.0546612043456328,1.07585633978173)
(0.260485999856761,0.731616056305401)
(0.611086321261317,0.824288280738054)
(0.589085698216109,1.19962844854453)
(0.146088195832227,1.33014064265340)
(-0.253060761683318,0.954353098472299)
(-0.166338282627378,0.383303776877386)
(0.319186554679412,0.157437192795785)
(0.672307833804513,0.435019760592130)
(0.517667879669399,0.795009620663552)
(0.0887410771613958,0.705379393524725)
(-0.00692346558020709,0.156744852991884)
(0.513092035835396,-0.274643593842268)
(1.23579951205273,-0.0535494446104879)
(1.47202966096785,0.692372499469306)
(1.01299465493684,1.28648129805924)
(0.352394421713255,1.24094520266192)
(0.116441620244853,0.766733827305566)
(0.377743991516464,0.475068553160828)
(0.647531866027659,0.655075340452531)
(0.504938424069277,0.991676755207324)
(0.0746857912806699,1.00977525044490)
(-0.187383703670054,0.647358847871035)
(-0.0631058717181069,0.269580608121957)
(0.224568684557476,0.186728484360448)
(0.354360844281438,0.326218672402309)
(0.286170553702281,0.420255780554278)
(0.211164176195070,0.374442563861641)
(0.232372868570336,0.318486153301929)
(0.252656990149640,0.348149896118943)
(0.176955398667125,0.380457947591641)
(0.0752336841979570,0.311345850976996)
(0.0607699641816381,0.191717629811506)
(0.102408075088429,0.137192166245100)
(0.0858147228161679,0.129065287675605)
(0.0257837130656935,0.0483620258463691)
(0.0607919530285339,-0.0918699107823059)
(0.190119748912898,-0.112520259071582)
(0.173448845284689,0.0313915334434314)
(-0.143926568973036,0.0409940097759939)
(-0.466766310998165,-0.424204098603281)
(-0.240199416085115,-1.20877104850311)
(0.680692556965459,-1.62941970987707)
(1.69030903491283,-1.16077252280358)
(1.96617898422766,-0.0950287375637200)
(1.35487083449637,0.676518621968246)
(0.560275541185208,0.598234717223702)
(0.362825719955255,0.0265382239744229)
(0.775442972300401,-0.237526757346503)
(1.12649114789023,0.115248097363668)
(0.916569547026767,0.623527137693996)
(0.367844705066230,0.706941288418618)
(0.0389738044671836,0.365351676064891)
(0.0906047210690587,0.0616656104926499)
(0.172891663710046,0.0371664686092818)
(0.0117165932361519,0.0209914154128894)
(-0.166349447983882,-0.304578813297154)
(0.0376890945264916,-0.774199996693636)
(0.587062129131355,-0.906468995116357)
(0.985155049627789,-0.548575809338572)
(0.891933936833786,-0.108834787855337)
(0.551109360169516,-0.0451228092356644)
(0.449649218944006,-0.292257756156325)
(0.671421245490275,-0.393413867443473)
(0.812996213749843,-0.144501700975199)
(0.557838768405032,0.123610136101599)
(0.121237039187759,-0.00930153954129931)
(-0.0200135836369501,-0.498433051863445)
(0.280141242580186,-0.903545762756534)
(0.715385991185431,-0.939765939475877)
(0.973111433690111,-0.742170610646785)
(1.07200286079805,-0.547612274769556)
(1.14957058933545,-0.342765657489262)
(1.11461957301979,-0.0166362308337520)
(0.772108346789964,0.271748361262969)
(0.254051128260736,0.181712796403491)
(0.0182096070906440,-0.289668715415292)
(0.256445057529657,-0.653603695717016)
(0.529384030491734,-0.536199311804951)
(0.306684098850761,-0.282905172510081)
(-0.188573979246007,-0.575318175113385)
(-0.104515176647758,-1.36744508477171)
(0.810459410725226,-1.62666895853112)
(1.41779720647232,-0.600091330699758)
(0.238946461972001,0.745780857252604)
(-2.47603720153090,0.171350914436014)
(-4.16531745911636,-3.42854343994180)
(-2.09805941736768,-8.16168811649227)
(3.64985614810216,-10.2401175841868)
(9.63461067949945,-7.38197135291934)
(11.8388775176429,-1.13866958713048)
(9.18203426234731,4.33368473138827)
(4.28190131778368,5.87896196362486)
(0.883587865470449,3.76216219284595)
(0.706629273686153,0.800739925568512)
(2.65350195256044,-0.442955183375647)
(4.52344639879675,0.527272775354494)
(4.98359382400640,2.59947928998979)
(4.00196613838186,4.52307061398949)
(2.10028273164546,5.63528411104443)
(-0.179526110048858,5.63325072183282)
(-2.16266280633019,4.39292840700717)
(-3.04370291542800,2.29094627626909)
(-2.48115520242708,0.338472936157457)
(-1.10609416179470,-0.489643099682350)
(-0.0788156540005640,-0.152631052609575)
(0.0000453604981437809,0.448725393289038)
(-0.415196244926251,0.470289389452363)
(-0.499547129240426,-0.0237923265898356)
(-0.0608774778408210,-0.338167774346257)
(0.352733528394534,-0.117733787340825)
(0.271290930698203,0.243329725948553)
(-0.0811082012818538,0.203457242184251)
(-0.144597145568024,-0.190142400934981)
(0.198131851468848,-0.410239164289456)
(0.491815354484839,-0.198857565433416)
(0.365974648423660,0.0905127167124288)
(0.0498429687990300,0.00695188225603886)
(0.0403835796776682,-0.358404245471295)
(0.392206286875524,-0.495134377410605)
(0.614451715770132,-0.194301775945695)
(0.334084943261593,0.118484139935632)
(-0.157067210954895,-0.0881920559607510)
(-0.217076103609051,-0.737485198189616)
(0.350313407735367,-1.18051316565931)
(1.02788767197221,-0.955778476071323)
(1.18053812213367,-0.327854340386160)
(0.771523326809792,0.0421020250129786)
(0.345662604367603,-0.142059882169278)
(0.358400406373929,-0.535868698269020)
(0.684013318613077,-0.626912064849700)
(0.828127584042703,-0.332647868066824)
(0.507328674253009,-0.0590977398191794)
(-0.0650655627148324,-0.261521159296169)
(-0.382673030139565,-1.03682291671251)
(-0.0183024988435368,-2.06375295522553)
(1.13236092287511,-2.77792864343534)
(2.74472389457534,-2.61422518797660)
(4.08887097396103,-1.32590730871879)
(4.34126896527929,0.694205840035810)
(3.18508836881273,2.44531341833386)
(1.22737671002719,2.94356485152383)
(-0.328695607622643,2.03848959965155)
(-0.640000024241714,0.599267136591043)
(0.0793294118944019,-0.240376982979764)
(0.857012250510442,-0.0772593012723682)
(0.949373635599945,0.540446298234673)
(0.460144875687661,0.834974919298889)
(0.00256833014919108,0.596993259874469)
(-0.0686156109035861,0.208163698654324)
(0.0708734533176596,0.0344624965191832)
(0.121211598330016,0.0350580562061437)
(0.0689745908960561,-0.00194230121859401)
(0.0610148019888390,-0.0772946722752124)
(0.0469952014884617,-0.0538993951457485)
(-0.174999955445771,-0.0280918433824922)
(-0.527872131202388,-0.333710370316963)
(-0.535284387974188,-1.03496350620459)
(0.136111940040160,-1.60573366414532)
(1.09944977531461,-1.39888911529209)
(1.49675633585359,-0.462073405184909)
(0.943121836989434,0.360691250225408)
(0.0354959032221590,0.324192098945232)
(-0.306056132825315,-0.345676398202946)
(0.0522562996897952,-0.732778853581025)
(0.291040244420563,-0.410999228696764)
(-0.281857239938070,-0.0645256444550939)
(-1.20171821553851,-0.672395495853954)
(-1.23652036601845,-2.16716313740689)
(0.132234624830174,-3.25944640181342)
(1.90171856169284,-2.80466587405974)
(2.50446774740284,-1.17889473934075)
(1.53068843429134,0.0140715268940276)
(0.217748653288096,-0.329369048665891)
(0.0840442360899442,-1.60976751548642)
(1.25589689100439,-2.24205838776036)
(2.40716740502795,-1.45332052710968)
(2.33190227395711,-0.0699634149594643)
(1.26163553432543,0.564876499306832)
(0.402747839775292,0.170881670945696)
(0.350971362173542,-0.312276313665319)
(0.392325461367603,-0.123523502082128)
(-0.419635786515920,0.172317676468598)
(-1.75658835844109,-0.684334140668661)
(-2.04787067693104,-2.90683115791654)
(-0.219014417550158,-4.94836376541995)
(2.81472655230067,-4.87000955266408)
(4.73493058167974,-2.41536400197340)
(4.02238511173619,0.519842452859574)
(1.45339580151018,1.63438669165968)
(-0.703243451496344,0.369648099526670)
(-0.893034643888779,-1.76159412169323)
(0.443261141565987,-2.86137327227776)
(1.68295771050015,-2.42989521855155)
(1.78691139071364,-1.45721572999110)
(1.05884475894478,-1.07098756880214)
(0.367894485585320,-1.46986570824965)
(0.0936711620785991,-2.19290149796486)
(0.0848698239302745,-2.99937227185200)
(0.379053208430110,-4.03164562082481)
(1.41966205616838,-5.13460454875204)
(3.31916696918401,-5.49946056817612)
(5.20264662133877,-4.41163760729668)
(5.75883791108943,-2.30010811268836)
(4.58622249118248,-0.653232686412548)
(2.73891319172360,-0.665548639623826)
(1.71632846528863,-2.12854978177793)
(2.06488957917278,-3.87795585735196)
(3.27962741447897,-5.16740506086859)
(4.99451385053082,-6.12769311274290)
(7.65822193443804,-6.70596418233976)
(11.4881269068151,-5.70186212392971)
(14.9646811100551,-1.71696556797679)
(15.2687864297566,4.62833480044700)
(10.9812006757033,10.0224686819714)
(4.25544045060301,10.9248612553046)
(-0.455528470206040,7.06067681756525)
(-0.410499447565057,2.04535613634007)
(2.80843819921156,-0.0236403266767741)
(5.14257945001319,1.40351240755832)
(4.55982880131213,3.14634270097659)
(3.21327419677444,2.31283198597751)
(4.67322530238500,0.0280113360022907)
(9.24235971040894,0.473267618703337)
(12.7598191810900,6.05603395996647)
(10.5574872783970,14.0471692115340)
(2.44511168959673,18.6028011810852)
(-6.67265920844424,16.2153961181846)
(-11.2405964505312,8.90495437221835)
(-9.87944490245078,1.99235582721816)
(-5.80059691487806,-0.902653458653613)
(-2.97986353680472,-0.421854124752553)
(-2.53304868640440,0.462176024490877)
(-2.79140286651053,0.0192663866397470)
(-2.09500409802504,-1.00245485938173)
(-0.683660307679548,-1.14671601574389)
(0.134796572499605,-0.294049938428079)
(-0.104681405779542,0.430664394878188)
(-0.566949549749249,0.288564598273711)
(-0.384824964074486,-0.224791410241039)
(0.248490048213243,-0.239354025226720)
(0.523198942016955,0.293955530971750)
(0.187816317467527,0.661148671829245)
(-0.179426281038673,0.443768583680750)
(-0.0454682237563137,0.0506285285005711)
(0.358681430749587,0.0702699847838135)
(0.434616762570521,0.438263542178630)
(0.0928698323792809,0.576848271970127)
(-0.137144496495263,0.250342105220144)
(0.117831698499033,-0.0928691754853141)
(0.528356012421556,0.0416958018074935)
(0.509161776645439,0.484999587147524)
(0.0316446680822462,0.614745763482852)
(-0.323988965183098,0.192354066838878)
(-0.143484097104333,-0.327220169146834)
(0.291369740035495,-0.430087864160941)
(0.442980833564534,-0.234546479502185)
(0.307111985803772,-0.273473773442150)
(0.432946290518129,-0.662575288120457)
(1.10351963062706,-0.825486908656504)
(1.78768067752227,-0.226177321281429)
(1.67638987937226,0.816418906415127)
(0.695338278837027,1.34168167921104)
(-0.289398184608108,0.809202648576729)
(-0.379258919498272,-0.269449855247020)
(0.409241124132470,-0.893072866670185)
(1.25624025914648,-0.631308721773403)
(1.48789564556451,0.0593744856675817)
(1.18527722170450,0.510622979500701)
(0.836539771260576,0.562144318987724)
(0.656816943829643,0.488616960471596)
(0.490812905202849,0.428733953767139)
(0.287146775856084,0.205163788101275)
(0.334868964456760,-0.247745132374289)
(0.854873436278104,-0.555717444316020)
(1.52568314362763,-0.259574474188208)
(1.69236093414116,0.549094233082776)
(1.10229920320476,1.18535069641376)
(0.256541312426389,1.07384483507661)
(-0.103045767591568,0.376262548323024)
(0.223659638426447,-0.214070689145592)
(0.762192155993179,-0.244317824703364)
(0.976755963088566,0.0882309933989705)
(0.836952959380715,0.306355464039166)
(0.698567385600767,0.249837037363079)
(0.770229213280661,0.159988281905786)
(0.892625247255094,0.256944771847472)
(0.840533381894040,0.442887949454204)
(0.652861511352870,0.492051003251497)
(0.540692472204276,0.386252270384099)
(0.564582060050466,0.306559332404773)
(0.573087869032023,0.334871048837561)
(0.471284495422962,0.333569095342737)
(0.394972316622683,0.180722784663807)
(0.516536938685899,-0.00161804500958037)
(0.763939561162700,0.0161639616691348)
(0.876763189872129,0.249822927392451)
(0.740569502760885,0.458764938215539)
(0.530407976746295,0.456328083528992)
(0.458135563632548,0.337759365190250)
(0.487867395125564,0.303728817088262)
(0.434180632742818,0.344722458364104)
(0.295455551699982,0.265765927958833)
(0.304859546993977,0.0347358431457248)
(0.572079890307685,-0.0738761309790537)
(0.820113589138051,0.176052389076060)
(0.667190929891582,0.580720879987836)
(0.156813280808902,0.645531231654962)
(-0.189810207376541,0.191837874685231)
(0.0334216052072546,-0.348230265503489)
(0.588372450135765,-0.401117024742073)
(0.839611389576001,0.0470101602647005)
(0.523761538890977,0.413594593574779)
(0.0785313635798267,0.236668184982527)
(0.0888176120984809,-0.246306441252161)
(0.538788055584630,-0.407856084198213)
(0.833574002079128,-0.0460692208145095)
(0.575764335778366,0.344740283048884)
(0.0973786175659459,0.210519110046085)
(0.0494606989912916,-0.333081287280406)
(0.568330635571003,-0.624375506403844)
(1.09013057196461,-0.279554388954349)
(1.04713458577981,0.339192440852522)
(0.543206552061980,0.596041381256218)
(0.156617085056615,0.356509110520403)
(0.176190012428126,0.0619434822284773)
(0.301551698930870,0.0605033446845110)
(0.174298129394883,0.143227116099383)
(-0.0413560423097931,-0.0749812973433355)
(0.119049299612360,-0.481286316719422)
(0.666552703445554,-0.498964553285010)
(0.948886324327167,0.115376794997674)
(0.404243827486851,0.760793600209559)
(-0.612960932890734,0.560429967556007)
(-1.05124959037642,-0.571464410556945)
(-0.295623127693281,-1.67661589448504)
(1.09263975212574,-1.71097729685623)
(1.92788631953785,-0.644446796863446)
(1.61703585258493,0.553779847019216)
(0.658057640437336,0.973183429761158)
(-0.0500936754572517,0.606237152994846)
(-0.161391450535478,0.100195019483382)
(-0.0135335537589501,-0.0970796766265792)
(0.0108533853110724,-0.104661123272234)
(-0.0560031706541494,-0.197282049850622)
(-0.00412864391163340,-0.346185359284470)
(0.125516232964465,-0.348534933589036)
(0.106347673611106,-0.238147541539539)
(-0.0549030155415974,-0.273731980417691)
(-0.0598035893385152,-0.491942435661590)
(0.203903965888778,-0.543837170006556)
(0.348281724346062,-0.180973245004849)
(-0.0785112511361232,0.238298523533183)
(-0.880187096400003,0.0395865637604544)
(-1.24132001685660,-0.893750875373392)
(-0.646265150429549,-1.79099315146503)
(0.403154810361708,-1.78482666156223)
(0.868474958035690,-0.949212248146613)
(0.375519634565340,-0.259207424728426)
(-0.346239815142057,-0.428969426221903)
(-0.396201373489100,-1.04884201426422)
(0.133088004084963,-1.14886643277435)
(0.272473049208238,-0.512753039925407)
(-0.517050775754338,-0.0335369489413085)
(-1.53348494964456,-0.567506724589510)
(-1.67152501430668,-1.72392442665913)
(-0.935863163868973,-2.25554948691717)
(-0.623012719224128,-1.73140582230645)
(-1.69526239202315,-1.38999003105919)
(-3.22128637164223,-2.84742773174161)
(-2.97486990783053,-5.93600888780637)
(0.128021692698643,-8.26194828251860)
(4.37485890068987,-7.35020195583016)
(6.42042018552490,-3.32017447161047)
(4.34999607386900,0.753947455040597)
(-0.346944862626277,1.35058431509606)
(-3.82900039134183,-2.45022306193871)
(-2.97595706115121,-8.14237240725705)
(2.24746876489026,-11.7400059748953)
(8.90314356029286,-10.6531869657053)
(13.1940788022256,-5.29113481587343)
(12.8485456299976,1.39387142113383)
(8.37778750014935,5.77173572188052)
(2.73416136301340,5.67995253776979)
(-0.438227132285551,1.79758103519515)
(0.819267489271137,-2.62548469165848)
(5.23134986214554,-3.89918858010438)
(9.00341202544811,-0.705020110033575)
(8.72303525564074,4.66048980981884)
(4.25012497600972,8.03012182802325)
(-1.08657484574118,6.90393963021348)
(-3.43322687955444,2.61333521580258)
(-1.85943306641775,-1.04027656164861)
(1.01730944309779,-1.44569527918301)
(1.85069962238330,0.446537430625766)
(-0.0227039283853836,1.38269756691520)
(-2.02740147490906,-0.651434325247588)
(-1.14633961800353,-4.25580816710851)
(2.85032688762484,-5.99394537413040)
(7.02480175365187,-3.85419185672568)
(8.05528820092481,0.715247178198367)
(5.35553647529192,4.15530447310742)
(1.51125102593757,4.09482736048590)
(-0.240534355401161,1.37686845491521)
(1.04899226785013,-0.998013612699803)
(3.43207101087246,-0.815315170211303)
(4.17832549595543,1.38052034539818)
(2.46107107200795,3.04610445500175)
(0.0696876119812522,2.25812891674912)
(-0.436087147666961,-0.367844116980639)
(1.70664133227764,-2.27220561436975)
(4.66149026981896,-1.45297893711064)
(5.73254650297598,1.56148386712330)
(3.95367253384287,4.20131209779506)
(0.981858584721664,4.33176156677710)
(-0.583369455443525,2.25888511644048)
(0.258775962847386,0.272092891140578)
(2.08804269589118,0.254546054555937)
(2.71872871468141,1.87472953872149)
(1.48028056768969,3.18345192441706)
(-0.303355323276273,2.80790394202041)
(-0.974566857803819,1.26780893431545)
(-0.312620080007200,0.0872922903463868)
(0.564475060983291,-0.0400287702563705)
(0.810664376061434,0.201193328388338)
(0.845259974860219,-0.00981300879532812)
(1.51593109783077,-0.352572454218225)
(2.62983013022575,0.215913744373899)
(2.89743202207923,1.87132067814837)
(1.51242186164383,3.29720989283397)
(-0.605035618658101,3.01996048081694)
(-1.60267762970986,1.17953852790256)
(-0.726162263106772,-0.482436581214585)
(0.837109026661113,-0.526221803416489)
(1.35708093683179,0.625799631844507)
(0.534668084408215,1.33297040296911)
(-0.317488812902803,0.761814970401967)
(-0.0321666345791128,-0.199409595217799)
(0.952427478102435,-0.203381706576933)
(1.23261940462836,0.777328002935702)
(0.305052080003278,1.41918916916651)
(-0.749206205299324,0.773663734922970)
(-0.637361273137846,-0.478688435837632)
(0.471744645817871,-0.864053628403093)
(1.11774856403258,0.00581275100272578)
(0.373374823368358,0.890427521489444)
(-0.954993077721239,0.416192481959856)
(-1.24899612508172,-1.23529190369495)
(0.0161624369561408,-2.51512489529157)
(1.70032586701613,-2.30530401407435)
(2.38598814250507,-1.12323027498837)
(1.96989563477483,-0.350545626882264)
(1.57525985009515,-0.549756726192651)
(2.04696327774671,-0.932099228975800)
(2.95169475501369,-0.484042408635670)
(3.20972864632997,0.762796110088204)
(2.42096874226191,1.83483972673448)
(1.23993066576278,1.99394793135080)
(0.506509206845335,1.45998992565425)
(0.356673441863021,0.924776030237570)
(0.348802977508941,0.670407269660598)
(0.223895135885821,0.427470349072278)
(0.213917884167801,-0.0241347001696541)
(0.593229907539402,-0.447568151487602)
(1.20384810248236,-0.451911435924072)
(1.59929725074169,-0.00379538333345007)
(1.53663255451102,0.545406178792572)
(1.14868657796313,0.857431546417105)
(0.691714058091958,0.847016501373736)
(0.337844885961379,0.562561121960132)
(0.242667969250766,0.0782792664604954)
(0.563312932843535,-0.379587526825332)
(1.19682731780334,-0.413425386714064)
(1.62899746231429,0.155176196370981)
(1.35528685708531,0.897250573732987)
(0.531434658527063,1.07302584688867)
(-0.0487066158769699,0.473396005271366)
(0.158679593065918,-0.236477245274784)
(0.728527883887900,-0.282391599239934)
(0.756049212136246,0.187768505203075)
(0.0875443231988411,0.199827313732648)
(-0.303750469777772,-0.764447623525497)
(0.531543722146654,-1.88864993291876)
(2.17863704738394,-1.83044773276336)
(3.12171479450146,-0.380575127947811)
(2.47518450557685,1.12119731546401)
(1.08198254125010,1.28613343724028)
(0.523005089993208,0.311145869679062)
(1.20322951830810,-0.326324673107454)
(1.93213516057276,0.232159675193742)
(1.54896251219850,1.16231791970344)
(0.475383644878355,1.11897336879067)
(0.132331365006385,0.0902374905309810)
(0.980122285803324,-0.554053618819014)
(1.83861107434281,0.0661857098691596)
(1.48607080498867,1.07999855007737)
(0.406507218158289,1.02798196685604)
(0.198591248342677,-0.0364884351628953)
(1.28176933924236,-0.460670561468468)
(2.05359584856017,0.713355811708614)
(0.949950638240887,2.10839583077338)
(-1.14006098071886,1.55598105695732)
(-1.58563863170232,-0.841634262828246)
(0.544572207612362,-2.28301126864519)
(2.67890221841703,-0.660800076141180)
(1.50778767715849,2.17982524155808)
(-2.48103691759569,1.88976807337203)
(-4.45687683433577,-3.11515003578373)
(-0.290722877416221,-8.66904118143287)
(8.09769795366389,-8.41389810552025)
(13.5812527981552,-0.687178344814144)
(10.7269042428023,8.90207781403871)
(1.53345230183201,12.5582208704065)
(-6.35755708393103,7.90132619238568)
(-7.17352178118995,0.00152533850345746)
(-2.22394607906563,-4.13242172217613)
(2.42265939272793,-2.41202490417319)
(2.64387938123473,1.31904029524366)
(-0.145716984962201,2.39529174887893)
(-1.77550946070732,0.281096474607617)
(-0.420521961368837,-1.85179539920230)
(1.91321966656639,-1.47119770295116)
(2.46903049813404,0.583165034572915)
(1.04577208247119,1.74607969868309)
(-0.300263962207594,1.03010855204488)
(-0.126205477159660,-0.174295270066028)
(0.833897996540377,-0.274113265478794)
(1.04444193808097,0.547211923037660)
(0.256611879189613,0.927340279765874)
(-0.416643481228660,0.286779031258718)
(-0.176885225416525,-0.573176624264515)
(0.503152523945603,-0.776994577053433)
(0.800312224583554,-0.538991008920855)
(0.802778552007514,-0.594924465402514)
(1.24940510853219,-0.894338155611796)
(2.18608246166010,-0.562945443334341)
(2.58122673570967,0.737421932717308)
(1.61364889072144,1.99799637378785)
(-0.0516622977533642,1.89993767591931)
(-0.821976911136322,0.479201985103645)
(-0.0149868310166163,-0.767844857369090)
(1.31663248886254,-0.585584380384681)
(1.63924130021850,0.611285092466110)
(0.720085349102162,1.33010982233730)
(-0.238163251092630,0.820305757379593)
(-0.165432852714653,-0.147225921632565)
(0.637322055952950,-0.390690630398989)
(1.05478215200520,0.215941745280010)
(0.629414023347825,0.750969169256696)
(0.0211793715948762,0.544093120657321)
(-0.00123699831080185,-0.0189668990585437)
(0.422900704588242,-0.157979764264030)
(0.550124646628867,0.193052195187497)
(0.135350570610691,0.347965007842748)
(-0.215430141278719,-0.116461601145370)
(0.103088236216463,-0.727009017111326)
(0.831122395092402,-0.725376759667332)
(1.14337030939201,-0.0845225721253146)
(0.704731240909820,0.433347433002449)
(0.0836253854525882,0.238574475693665)
(0.0101114346891898,-0.378088010287130)
(0.483020985649420,-0.679650945872591)
(0.865594756902590,-0.429344746681718)
(0.763317994075260,-0.108594432163704)
(0.492033317036272,-0.199481864701202)
(0.576070228206664,-0.547216438146942)
(1.02446202429164,-0.622362313137516)
(1.35483079200587,-0.251841879086222)
(1.26110445339648,0.190609784547629)
(0.974406605507429,0.334434038810965)
(0.861295833310367,0.289111188285783)
(0.880897490193994,0.397618432461225)
(0.680122109312945,0.662564203606220)
(0.173956550750134,0.688508733155503)
(-0.232386696385493,0.236997337338558)
(-0.119901534820052,-0.380277205157097)
(0.403065932109392,-0.629740264676461)
(0.822000802180564,-0.379803313951678)
(0.828958570710409,-0.00444887687291401)
(0.616069235979946,0.129790579766681)
(0.513888537983956,0.0768002406852315)
(0.532152698537452,0.106165650128334)
(0.432382169204859,0.247298033045500)
(0.159738856972196,0.259858088709956)
(-0.0435908703246080,0.0382294552822064)
(-0.0148570523696138,-0.196049572230276)
(0.0540470896678077,-0.237399078334837)
(-0.0863784517597490,-0.263208534921451)
(-0.272048395322248,-0.608745821809445)
(-0.0305666652642654,-1.18591300651566)
(0.750046505648609,-1.39884710120932)
(1.47720476016531,-0.826528628725212)
(1.42404189241942,0.143784852035317)
(0.604036687631720,0.628166913835346)
(-0.170977485023546,0.230333438862437)
(-0.205376532763415,-0.503282772584384)
(0.296310711815750,-0.760117861299626)
(0.560765529812456,-0.439211190078778)
(0.264064346418150,-0.194986233123557)
(-0.0804198880082634,-0.511232307478093)
(0.142525013469584,-1.03281321089709)
(0.779197128977382,-1.04059359995353)
(1.07255612563892,-0.435517114772606)
(0.657093187062554,0.0927884764072542)
(0.0530294325554348,-0.0388897072438192)
(-0.0250075045478268,-0.533860922679330)
(0.356722807160336,-0.619839545831553)
(0.411069838991484,-0.128080398359762)
(-0.301304785183986,0.190482046012670)
(-1.17988422299133,-0.409929458923123)
(-1.21702313757854,-1.65474330114715)
(-0.208251599677282,-2.45488560796715)
(0.957675075069436,-2.10983780626743)
(1.26282726100869,-1.04571556435266)
(0.569838005427048,-0.269141705471736)
(-0.461478821583818,-0.337651738323338)
(-1.20271187872067,-1.09801344796178)
(-1.44047653855748,-2.23226264965473)
(-1.01199090445255,-3.56244649133608)
(0.375351354085073,-4.64827345868119)
(2.51759529085721,-4.56681409098473)
(4.15511026634642,-2.75599371016996)
(3.76605827150448,-0.166512398721224)
(1.32976775085572,1.03567077553308)
(-1.05128276027473,-0.462878981911846)
(-0.959713206645593,-3.40068837073003)
(1.70228099474089,-4.86897269800497)
(4.31682614653026,-3.32798797631790)
(4.23803807722866,-0.425738825239802)
(1.75096245430960,0.688478285922255)
(-0.166919363510051,-1.11302585388181)
(0.777109335849183,-3.60635645481964)
(3.50070764017914,-3.77366546840860)
(4.77623146717778,-1.38646741116671)
(3.08120948330608,0.627039048232069)
(0.563791769662579,-0.384586363444375)
(0.675143987849311,-3.50571687407818)
(4.09104565634834,-5.04391777468811)
(7.66989974108351,-2.64674770582049)
(7.76929693831621,1.93636728620975)
(4.20904562361233,4.64279339766369)
(0.409703290050705,3.42688799245602)
(-0.374590795459233,0.261304058472605)
(1.58600073814333,-1.30549499837976)
(3.21600401132801,-0.0867485079685861)
(2.33592042535775,1.75402021468434)
(0.00348789367022386,1.50371226128324)
(-0.975323528145228,-0.968179978994586)
(0.670362483223184,-3.25977365637048)
(3.43818930145077,-3.26866884378751)
(4.98093073843778,-1.33229267681779)
(4.62672245741509,0.592184523574826)
(3.59527020388917,1.32188707149668)
(3.07505496458118,1.42692991196351)
(2.80808902336338,1.90622836427596)
(1.84488240708552,2.57933698236596)
(0.221974894064150,2.33429893853965)
(-0.782951311730481,0.805574940239430)
(-0.214685535087290,-0.817642765046651)
(1.17666117163113,-1.02793324208764)
(1.56766993097180,0.149360060676097)
(0.0944389077329332,0.944770458293447)
(-2.02103862448587,-0.378352833455025)
(-2.52074397031020,-3.67907434944074)
(-0.197518630395164,-6.94356816290871)
(4.08324948626713,-7.98801518092455)
(8.18468007347061,-6.08617760984049)
(10.2545344736356,-2.21057099451782)
(9.66636026147883,1.84144878115402)
(7.04471208696241,4.42799235706745)
(3.86188583422615,4.69090305871288)
(1.83817528737308,2.95668425548409)
(2.01349740724787,0.767889376375945)
(3.83768245971735,0.0409077772524464)
(5.29890464469926,1.50086116223526)
(4.56686273496545,3.74427858211930)
(1.93334813266991,4.26983545891750)
(-0.0494918512643397,1.96314443817028)
(1.13060022184099,-1.36458771554941)
(5.21614666118307,-2.29473175908870)
(8.90607178317433,0.937081799470517)
(8.68400375282432,6.41198181188479)
(4.16602984000871,9.95915402534162)
(-1.35374195525604,8.85663457272252)
(-3.78234793961172,4.26644855470571)
(-1.77756652411567,0.103031242621418)
(2.34227486415306,-0.453859456907320)
(4.91864153671784,2.54413339945501)
(4.04811591770735,6.37631080278712)
(0.659262617997378,8.26556158215502)
(-2.89379481557195,7.39684655476211)
(-4.89297359115879,4.83832383878507)
(-5.08845444643515,2.11554748345055)
(-4.12021613876780,0.113650637560128)
(-2.66839440855501,-0.966332191490353)
(-1.20170097627927,-1.17741453583458)
(-0.130931057198778,-0.685308113789689)
(0.231634381592306,0.0943982304912246)
(-0.0371978909741582,0.583631130640715)
(-0.416943246935122,0.474740710731512)
(-0.373225740710832,0.0288787008991220)
(0.134241590209883,-0.182439555450311)
(0.639242308830123,0.137130683866937)
(0.674945186922127,0.726866343887598)
(0.240199185083259,1.07387166310674)
(-0.251543560894668,0.934747283715603)
(-0.420177814898401,0.516332328291371)
(-0.250477834923523,0.192696949330141)
(-0.00509560021394362,0.130043278110228)
(0.0986762912591376,0.205401382856690)
(0.0748300039222923,0.220861587061238)
(0.0773651471083003,0.124218215252817)
(0.200519520794232,0.0237928769991272)
(0.389525962969208,0.0453590371545079)
(0.507990160579270,0.205959388239174)
(0.460202675175387,0.402134952281983)
(0.266344690685329,0.488119913746502)
(0.0570484690106562,0.377251728824584)
(-0.00315322853698592,0.111514771419787)
(0.171547266835783,-0.145172771939160)
(0.509909761959085,-0.205768872338838)
(0.812645182283264,0.00378132921787381)
(0.886053214617684,0.378926162751545)
(0.679413275606860,0.704234803854054)
(0.315156194710211,0.801536270199945)
(-0.00292528057124748,0.639858210201587)
(-0.120601045097825,0.336597722821431)
(-0.0141850927165983,0.0725767400897198)
(0.209265518339940,-0.0148180930603333)
(0.380477985918832,0.0903640313596259)
(0.377289422717576,0.271388152607606)
(0.216868712939752,0.359918489940406)
(0.0475167731665384,0.274597247366087)
(0.0148043144848612,0.0998195646175824)
(0.111523532674342,0.00318359304656808)
(0.179222899422386,0.0486367734471439)
(0.0902679399666130,0.106629168157657)
(-0.0780036626739650,-0.0105463155571032)
(-0.0935968734459310,-0.314590024213665)
(0.179014632635417,-0.578770106344210)
(0.598837262388434,-0.547402623449470)
