77590565202125505656738011622.
0.040000000000000001
(-1.18224825034772,1.52949637132293)
(-2.98329160892133,-1.13128971369986)
(-1.43138556836542,-4.13163707815155)
(1.81815129195659,-4.32717380882877)
(3.42252871458034,-2.02500739682512)
(2.53399670470189,-0.138045222754684)
(1.29941482201123,-0.187351605693223)
(1.43913405190991,-0.748337226876451)
(1.99153254848598,-0.123379859283829)
(1.23257923139367,0.982236568326488)
(-0.388095556160491,0.676360782967243)
(-0.767543202117770,-1.00509807595894)
(0.643660999400812,-1.86189954098568)
(1.75901532175478,-0.667722805975386)
(0.672858461663776,0.854928299936249)
(-1.53654958982561,0.215304097352757)
(-2.04244072700608,-2.43070244202108)
(0.0707251289325225,-4.35743737294685)
(2.69445079415849,-3.71606287141723)
(3.49526289035065,-1.64533523472153)
(2.65264756691544,-0.401872008613631)
(1.97311990134148,-0.420147274618381)
(2.08211181704616,-0.358737760551640)
(1.85496137525487,0.383818537156236)
(0.627986931067659,0.657162461122613)
(-0.404232895664279,-0.504436209547983)
(0.180554894106949,-2.07809614854372)
(1.81590899078638,-2.25117397840078)
(2.54174830963375,-0.961580630374416)
(1.67236947879037,-0.0401410838860333)
(0.708690480707888,-0.671727353251418)
(1.17772615913468,-1.79426304815997)
(2.50965271894764,-1.69080620357867)
(2.95197382990317,-0.423849281845651)
(2.09783673077533,0.370844075532287)
(1.35178794171564,-0.0910566684915416)
(1.77080774160253,-0.688093899448880)
(2.53224807772887,-0.164260062261709)
(2.23132720831561,0.985842392629198)
(0.985826003441301,1.28563783959706)
(0.218706455730289,0.459394599835774)
(0.538779247368391,-0.251619152476087)
(0.951001116733431,-0.0212953519059873)
(0.515797143443463,0.387333534364414)
(-0.184704743746472,-0.0313836895307020)
(-0.0731828181176322,-0.835280804311954)
(0.541055968215153,-0.837552189835639)
(0.312640828957248,-0.170396642115770)
(-0.911034497896711,-0.356606804953324)
(-1.49607902171397,-1.97229851990303)
(-0.352336574660532,-3.42854646626309)
(1.14766593311637,-3.12135690407007)
(0.915653278704452,-2.08241584672802)
(-0.500361321866254,-2.90820218469101)
(0.0146771932423778,-5.83967750774806)
(3.96060787262459,-7.48706402480964)
(8.35444823570373,-4.73729611359723)
(8.63136194118164,0.806334994133474)
(4.22425312363369,3.96893778506295)
(-0.330341514478217,1.88282197628120)
(-0.521462532367474,-2.65207599589619)
(3.06404008311128,-4.61778413920694)
(5.99310061675141,-2.64256773010027)
(5.65487579777427,0.0589975264371596)
(3.96465410799863,0.388625401113770)
(4.04663817846195,-0.787016299040693)
(5.83764798830278,-0.458339298422323)
(6.48528499854935,2.05981919691090)
(4.51878163823089,4.25028693461724)
(1.80760734508170,3.96625436768309)
(0.827340425228795,2.21394419224912)
(1.36188762038356,1.40188896816943)
(1.24015318051318,1.83629415074995)
(-0.207023252938040,1.49155279543441)
(-1.01633693306163,-0.783910278990750)
(0.659937593248602,-3.29945495984459)
(3.86248421256882,-3.56458121342052)
(5.91368633792506,-1.46506281036655)
(5.70626322089801,0.728860065090961)
(4.76286593300929,1.34227717468862)
(4.91441290478623,1.17659884375593)
(5.93289177433439,2.04833994647059)
(6.08024171315328,4.29269380511153)
(4.39870457343078,6.47573525364755)
(1.63600036622843,7.19425794035066)
(-0.891884169838076,6.31925329187681)
(-2.48792624841670,4.49909123909636)
(-2.97714873190802,2.31856375619344)
(-2.27782296803562,0.356563247017374)
(-0.714977635828914,-0.609945544820851)
(0.678713946259807,-0.251736513212127)
(0.982547209056714,0.646325464383206)
(0.507361579379069,0.902244355907483)
(0.425622254458190,0.417606114208923)
(1.11034260887304,0.287137024000936)
(1.51230747389178,1.13851557520203)
(0.664078652531409,2.01080917779025)
(-0.740152412023222,1.55325154908000)
(-1.08455469377445,-0.0230979813047094)
(0.000369258204164800,-1.09807041471067)
(1.14896943135094,-0.818320838603241)
(1.23919941292250,-0.185724333113000)
(0.971972801615211,-0.422464800337780)
(1.65661950080635,-1.01663905418671)
(2.96303532164100,-0.471995976614221)
(3.14120924636044,1.20599968421875)
(1.66747657140571,2.08948219655632)
(0.434908081738990,0.981172153867585)
(1.34380405409837,-0.535542992626644)
(3.40429575341783,0.0637795850700229)
(3.65622400270411,2.65915240875353)
(1.11949081783002,4.18494938661902)
(-1.51285130738016,2.47417772762384)
(-1.05365403796933,-0.695541683532959)
(2.07803103212261,-1.57609841182729)
(4.24468830675716,0.940637538536539)
(3.01980397266211,4.02654599670671)
(-0.0735499188146848,4.49568118542993)
(-1.82417088682778,2.45808998885130)
(-1.24693703648861,0.514334575589475)
(-0.0410063082177639,0.159652484766269)
(0.347890168326579,0.464768137281757)
(0.485679741734186,0.303651892140839)
(1.27844216153167,0.278642217925039)
(1.93553447426269,1.40944666548828)
(1.00324932540289,2.88007517825787)
(-1.04012158609555,2.69748907360548)
(-1.83162066561055,0.637087678917541)
(-0.240047643758524,-0.936310617459260)
(1.79587594649865,-0.0102323277104593)
(1.61493235906655,2.26239031733290)
(-0.624310427455639,2.93879504480369)
(-2.10866417011366,1.16001325589796)
(-1.11335049940160,-0.755407305295116)
(0.786248226299442,-0.492118303645883)
(1.00641137496868,1.21916913424383)
(-0.536726916641390,1.82374046844642)
(-1.54767870402253,0.541762985585678)
(-0.713231536680267,-0.741899928542777)
(0.569854169771794,-0.352735267895251)
(0.420174934863673,0.817993157297538)
(-0.758898718546734,0.800695303981061)
(-0.994839730637611,-0.467753350471015)
(0.234355142728507,-1.08820284876889)
(1.19711048892314,-0.0844932743848023)
(0.493558694273765,1.09541154051350)
(-0.827885310489499,0.703098961698333)
(-0.784785185574992,-0.701836550617788)
(0.603592672613222,-1.03805442232259)
(1.29978199089596,0.232174959964938)
(0.225567706299851,1.26300331601108)
(-1.11360949810322,0.492356094383563)
(-0.775654880564047,-1.04995987108405)
(0.786454745672241,-1.18864782464790)
(1.33863307855959,0.253023863572522)
(0.0742664272041315,1.16792649436010)
(-1.21161266869929,0.174760987036630)
(-0.680461895154358,-1.41180397335582)
(0.953900347629053,-1.47576131565044)
(1.51312548264331,-0.0932508414406185)
(0.492212601543812,0.690205789041744)
(-0.321406226442696,-0.0995563174473683)
(0.412428427010216,-0.986760837169447)
(1.56203088824543,-0.323052797085121)
(1.20790039490883,1.17026197589228)
(-0.443724762850726,1.37909252407432)
(-1.23622551324501,-0.0975014931725822)
(-0.141505211295409,-1.26721311488953)
(1.21842933530675,-0.548594396862792)
(0.855720701266521,0.964148595684490)
(-0.753272465663126,1.05960977404885)
(-1.36041221598537,-0.431157237856289)
(-0.168146279968159,-1.39751782737104)
(1.01866382852402,-0.456694577028440)
(0.312248372148793,1.07714961786599)
(-1.66244991686672,0.979231250676708)
(-2.64693179134321,-0.951724201411177)
(-1.66385650909798,-2.82156424126594)
(0.0899948524002730,-3.18274219753883)
(1.17083956445618,-2.45579078740766)
(1.46971401548660,-1.65799452291321)
(1.41737160801818,-0.965174843012484)
(0.796285073778046,-0.351468097436048)
(-0.469166164150334,-0.677691274315631)
(-0.969298469459181,-2.63281911581560)
(1.04647218558951,-4.73652261750914)
(4.78710811896439,-4.09549809291753)
(6.67194091556820,-0.0565198327523791)
(4.24173708268212,4.02875773015109)
(-0.392649774350843,4.18132030042171)
(-2.57832652651841,0.628819091876459)
(-0.642151074518196,-2.31035274918718)
(2.17459370232162,-1.56001950130606)
(2.06505866798987,1.01078844480078)
(-0.429498858442837,1.41832225431359)
(-1.50328332784060,-0.956321371057733)
(0.462158804549750,-2.72119794145267)
(2.69388485461551,-1.41104446151585)
(2.06889559748968,1.00919569871641)
(-0.399484860956509,0.995824355831466)
(-1.01282912643247,-1.47143068264750)
(1.30527956987939,-2.82380023956541)
(3.42165214124152,-0.977527078108164)
(2.39965538804680,1.67886445222888)
(-0.368276168731868,1.63448897246307)
(-1.16178990503187,-0.836173803776858)
(0.828510587796007,-2.16945405475967)
(2.48855797086424,-0.622132946192742)
(1.34013088287363,1.34332636904936)
(-0.944750980269425,0.724313375042137)
(-1.06872505783719,-1.69323201547324)
(1.10135759544549,-2.57571721140049)
(2.45170257437459,-0.931088683985118)
(1.27196621637469,0.539751440425103)
(-0.251899247824769,-0.437640206342453)
(0.614476762390570,-2.24797577768238)
(2.91736648493481,-1.75999214086073)
(3.23380858587821,0.893847013505954)
(0.706988873478878,2.22731508865601)
(-1.46389936457643,0.329339532408228)
(-0.425403814067534,-2.27195705021278)
(2.27456288907788,-2.06070447676237)
(2.84133705344028,0.559839636609405)
(0.540439424020410,1.92655976329616)
(-1.45092466344975,0.342938757287721)
(-0.767438982082356,-1.70954518998791)
(0.827400877803891,-1.48670112535075)
(0.365448717021326,-0.125159383134198)
(-1.60670882144794,-0.813401813728985)
(-1.67993632050306,-3.71976770070516)
(1.22951958146652,-5.38596176412239)
(3.95912326222990,-3.74530906800299)
(3.62090208469393,-1.34254602158353)
(2.01543683704565,-1.64063499384187)
(3.07246310461655,-3.58702390149276)
(6.62578306509731,-2.74338622969434)
(7.80425037690982,2.01496749475232)
(3.72328617753834,5.86259263670358)
(-1.70524441405163,4.01553200384317)
(-2.22946452300080,-1.44380970292496)
(2.46214702368167,-3.69636313721165)
(6.02566064044597,-0.00740301144445135)
(3.73539678590266,4.63051897855708)
(-1.32162000836760,4.20047804811165)
(-2.61462324744184,-0.323213092016087)
(0.906025630215877,-2.60408831903160)
(3.64535487859468,0.146787711400673)
(1.44164092732813,3.44495612036553)
(-2.56374924496758,2.12863452975101)
(-2.56287671779343,-2.14813782230203)
(1.37052932488205,-3.25655082473104)
(3.09223602939467,0.410865325339851)
(-0.852485272833690,3.07679534899984)
(-5.69354198949379,-0.707880237456133)
(-4.17420426907649,-8.14144727352153)
(3.85066407189146,-11.0334361788768)
(10.8013850349434,-5.91006392597899)
(10.5506585119054,1.88925843549829)
(5.30258534497095,5.14176695926311)
(1.71171585105538,3.16407783307685)
(2.29429867725856,1.06532855248240)
(3.56577389398361,2.09289113536220)
(2.15797752079266,3.97453384089574)
(-0.502653380169830,3.35437835151348)
(-1.06820769782454,0.929285777056289)
(0.485943977257184,-0.0515949596393854)
(1.15699450454306,1.08081774314369)
(-0.227729327905899,1.64260713231872)
(-1.28635396302669,0.0469490715967295)
(-0.0109510433743809,-1.62192941843906)
(1.89606758208344,-0.902356957085174)
(1.54856840558513,1.03412132506318)
(-0.556915223189055,0.988588672483717)
(-1.07019931155179,-1.31583021231341)
(1.11204718196660,-2.55588880723553)
(2.87724787715258,-0.776989134636107)
(1.40693622163638,1.32142539889124)
(-1.27298670230991,0.0653688236906105)
(-0.731806879234922,-3.54512603264706)
(3.45123803247050,-4.63015525278534)
(6.52413713064638,-1.08581947440804)
(4.77935556564481,3.19348397191356)
(0.646517476147514,3.37682125799865)
(-0.616574419038498,0.185289507387929)
(1.84952851064294,-1.30682234713662)
(3.50454594348090,1.06291986078261)
(1.07316840368023,3.46400220039512)
(-2.55227726006931,1.58287006303613)
(-2.17689280922225,-3.02641817865036)
(2.42006534775354,-4.74685941050042)
(5.97056285377767,-1.40696661257441)
(4.65037045239982,2.90212163629384)
(0.839146880159543,3.41885411780775)
(-0.596123838542341,0.767021355538795)
(1.11439503549951,-0.693197810920419)
(2.35791994784021,0.710849540366523)
(0.918942841687345,2.07475372656722)
(-0.899743981354007,0.788226247978402)
(-0.118784982320300,-1.42604930473490)
(2.19806751416216,-1.25298758866158)
(2.50127360795961,1.01581689010824)
(0.213107360944128,1.75575095684314)
(-1.17239600136495,-0.553063522313732)
(0.839784869021660,-2.81818178257112)
(3.90149390633092,-1.63919382796243)
(3.95395136733487,1.72854095693874)
(0.934614896850259,2.99657977227515)
(-1.14550220524937,0.790051423148174)
(0.162773157946922,-1.58728733694760)
(2.50979974889294,-0.978384907508360)
(2.39796284487287,1.28434341413541)
(0.196303774846661,1.66268404807117)
(-0.745748301513798,-0.322842553722799)
(0.740248674211666,-1.67332864908557)
(2.07328551097064,-0.713789841412030)
(1.20472917085576,0.352271609001946)
(0.0402129758363343,-0.899467726170317)
(1.51725963733021,-2.88358368514572)
(4.60191923210781,-2.00605341860548)
(5.08030994505706,1.66014238222098)
(1.64064135541201,3.61170534275663)
(-1.52499566379973,0.914881538916689)
(0.0412276985351887,-3.28282649097357)
(4.89870674102069,-3.48981267477619)
(7.34054492371898,0.919646085255211)
(4.79939424326925,4.94933819994299)
(0.861119585491373,4.69649127746645)
(-0.0652338880278951,2.13065508390539)
(1.38173651429364,1.50652242934008)
(1.33632424482820,3.03260855041145)
(-0.940756573394604,3.09549205211251)
(-1.87017088449308,0.400705130345448)
(0.662735013093869,-1.48871241966764)
(3.38988940009114,0.626826812209087)
(1.96570142665078,4.26162274990026)
(-2.43311605700047,4.15267493833403)
(-4.12191473164969,-0.229545398695182)
(-0.721617920867500,-3.43743386864370)
(3.22589549222133,-1.39753001970689)
(2.35555677226366,2.79267594370011)
(-2.01999397728850,3.02328795403338)
(-3.65185509151728,-1.31840067282914)
(-0.0564578785057738,-4.46316010085802)
(4.05294529652293,-2.32217106432018)
(3.44853101787850,1.88207351594067)
(-0.335265979855791,2.35560672089511)
(-1.46484262990498,-1.00961285648679)
(1.63238358531259,-2.70959306243286)
(4.00847430047487,0.133283194359236)
(1.54774618559783,3.33960268521252)
(-2.67988991221589,1.60205503943739)
(-2.38968814826265,-3.61623482938982)
(3.05423409679141,-5.61021783961365)
(7.42154089866447,-1.45373507324477)
(5.84190431676360,4.06685904097082)
(1.01500473140022,4.98478150642342)
(-1.00260519087904,1.85937469034720)
(0.916842502456286,0.0991942882870448)
(2.27736573352221,1.91874617241360)
(0.181303419331837,3.66212506113556)
(-2.44794372314041,1.87375158239085)
(-1.60866794682966,-1.30435195557804)
(1.51239714354835,-1.41829705769461)
(2.23938166208453,1.45694052982861)
(-0.516077577142306,2.71762083363750)
(-2.50413247542654,0.151753320417142)
(-0.477846752336271,-2.60333520876942)
(2.79497429820303,-1.40137854799596)
(2.48225293327180,2.10870408146794)
(-1.08321153738788,2.71602359815206)
(-2.68738607054429,-0.658676795267317)
(0.134303942885854,-3.19212359393001)
(3.31531520213448,-1.17245554446453)
(2.12045223396458,2.40573212181556)
(-1.78746102854116,2.07970588871615)
(-2.59001345831158,-2.01037476119485)
(1.17477099500685,-4.13304535499145)
(4.32277110454566,-1.30310026568580)
(2.57480423442195,2.22953751666885)
(-1.01106849208670,1.18645786184158)
(-0.425562847332855,-2.73886974019092)
(4.19448951299236,-3.05450096100320)
(6.22111844936556,1.90609864967535)
(1.99805981951472,5.93441018475041)
(-3.41123932025632,3.45207458037159)
(-2.93472153955729,-2.32152611958010)
(2.50668164840164,-3.53646651969190)
(5.09816579904980,1.29863954444998)
(1.11581960454242,5.14434243316967)
(-3.76894941076142,2.41459924552570)
(-2.59201163913842,-3.02628683914889)
(2.87973884533271,-3.39480687058801)
(4.64724220618956,1.77558261581315)
(0.0334748048118766,4.88396434039774)
(-4.34671173516133,1.22108059736646)
(-2.07736746696337,-4.11354494203149)
(3.69345598444365,-3.45843960102367)
(4.63508938275317,2.29670791568510)
(-0.764846387549857,4.81292847824697)
(-4.86291367126275,0.227283883364757)
(-1.71857482776814,-5.19709273637875)
(4.36490071685116,-3.93537533302817)
(4.94121671158026,2.05787165880587)
(-0.536593089249733,4.15893123412396)
(-4.00968671353529,-0.599722802718298)
(-0.389853314689924,-5.40554516053253)
(5.30968412178334,-3.55948199582229)
(5.45145333703488,2.04947886323809)
(0.777483972527380,3.54200116588286)
(-1.12683723512822,-0.261266405416228)
(2.55884859594371,-2.35661308155380)
(5.55988588731277,1.57319021871745)
(2.05624884981359,6.21092847749559)
(-4.03358014854090,4.26191887547063)
(-4.22014778769736,-2.32747387860054)
(2.00776894223749,-4.47363228472828)
(5.78549983180410,1.00584372361151)
(1.36923599722398,6.31998318474430)
(-5.29515371248820,3.55579034293916)
(-4.74613147029359,-3.80277377768686)
(2.39384179774437,-5.54473204892828)
(6.06332331744437,0.689540145698230)
(1.10125798066656,5.87225993614814)
(-5.25746755184898,2.48154390565495)
(-3.75086674843375,-4.61103897798851)
(3.47686890179763,-5.12826568101741)
(5.90699552357513,1.67263848242483)
(-0.0492309958161138,5.80982244541524)
(-5.68742975618709,1.08310671144589)
(-2.61121659770106,-5.74341436761011)
(4.90228601628086,-4.65869698944774)
(5.95743367928477,2.93024676562227)
(-1.06715448897653,6.08060225403273)
(-6.03748801704511,0.260879105347545)
(-1.89891348913161,-5.94875339756310)
(4.84708031464208,-3.52396902312488)
(3.76694315402856,3.41377087909991)
(-3.60500254890669,3.48702857000570)
(-5.38248348244374,-4.63604418034364)
(3.01330428827199,-9.17820155624887)
(10.8979762043442,-2.03536308977912)
(6.80286037897132,8.49739890920550)
(-4.64520384820860,8.40648473242357)
(-8.28201290065711,-2.19156162214796)
(0.446950210416799,-8.60338567719760)
(8.78457269240416,-2.07547786871238)
(4.64617110519968,7.67058995329692)
(-6.00958579213182,6.25571548469631)
(-7.61051332779860,-4.55782872826559)
(2.45533186614472,-9.15579166032053)
(9.71303715943511,-0.655399767769518)
(3.42716072586343,8.74820880774804)
(-7.48656473146892,5.18944848363475)
(-7.00368614692712,-6.47114081295481)
(4.57266486169128,-9.20036126374794)
(10.4654466624978,1.45200697233370)
(1.61535319758384,10.2773227742482)
(-9.60494855677175,4.12006010203089)
(-6.81909784237119,-8.58695017579898)
(6.30267656089230,-9.42198572062353)
(10.6617507969503,3.17218782767450)
(-0.610752419361126,10.8689014542630)
(-11.4014918734215,1.77701940638890)
(-5.45678318799753,-11.5667509551064)
(9.46247841102511,-9.58146883420891)
(11.8416388212116,5.66274439905776)
(-2.43531146242664,12.3926676924629)
(-13.1459933323721,0.337398859411575)
(-4.45768442341022,-13.5781271628733)
(11.4860534641841,-9.05213993551324)
(11.3565190249204,7.63491723230240)
(-5.07858653518429,11.7410319811351)
(-13.3360420864946,-3.75967080178909)
(0.374209631622342,-16.3728031371439)
(17.3817395682627,-5.93605693716786)
(12.0696491387515,14.5989844574044)
(-10.0641630719336,15.7466393268076)
(-17.8903733086406,-5.69873561280207)
(1.00042205935384,-19.5992229037535)
(20.1879085193882,-4.68048561866909)
(10.6447626057188,18.9051181392064)
(-15.9572869774149,16.1472310824447)
(-20.9677987428163,-11.5312959403682)
(5.63963695642349,-24.6906877388702)
(26.8906908163700,-1.37032496461720)
(9.24257451329797,27.4230752951861)
(-25.8524502062040,17.8335873248221)
(-26.4983327267502,-21.7570950023677)
(15.2456733334003,-34.7872938780662)
(42.6992334901960,5.82641766626396)
(7.24878385110606,49.3215165690004)
(-55.0122762033889,23.9658108882164)
(-51.0306493802451,-62.1434342808078)
(56.2178305436947,-106.116943328916)
(181.949504618651,-13.6312843366579)
(184.625851568634,190.273684601095)
(-4.09534568075388,363.288347376431)
(-314.129050186818,352.739486250053)
(-580.235307465079,100.430273508757)
(-632.000329382812,-324.224672750152)
(-370.743643603065,-745.305161174774)
(166.430289618955,-931.849951854888)
(765.229650859047,-703.398071502112)
(1092.05588541148,-81.7432479719288)
(898.743927264982,634.676195860001)
(252.165231494353,1017.28322687488)
(-448.503063301825,827.651195989820)
(-756.734623254527,235.984031607635)
(-542.135489730686,-304.848118584876)
(-82.1892853233635,-444.930822449726)
(216.906667108410,-215.875908048082)
(188.253148137561,64.5888887672383)
(-4.53746670514024,137.055382684291)
(-106.120927568235,22.2339186209168)
(-43.1281449581532,-81.4760411568566)
(55.5745914798667,-55.5514308990873)
(59.1825345704117,32.6391288536317)
(-13.5413136925664,58.1541570741331)
(-53.3773887434641,2.91279976773584)
(-15.7128098994584,-45.2751582994676)
(35.8969614471632,-24.6655499282955)
(30.9791050028805,25.9197566452143)
(-15.0571576579706,34.4407000062013)
(-34.4797942117716,-4.51417141678643)
(-4.57175430569130,-32.1297234856925)
(28.0761143972227,-12.5347613827415)
(18.8997449941873,21.8938083971543)
(-14.6892470765329,22.3525032681366)
(-23.8558325509270,-8.36315011153704)
(1.89205251793749,-25.1703941017299)
(24.3843908509962,-6.49118886716993)
(13.8475030960608,18.7088977292353)
(-11.1907188543388,15.6972534488705)
(-14.1887191373300,-7.63321310288941)
(7.02050689423036,-15.6792614505622)
(20.0681581597536,2.75699456273096)
(6.07359855161143,20.5124217129319)
(-14.6927981103254,12.7687247827792)
(-13.6857178799622,-8.31448940750120)
(5.52544504958597,-12.9790508786302)
(14.4250682828769,3.44169019244529)
(1.13084628490693,15.7454202641034)
(-14.0396810375415,6.24642919700990)
(-9.21957879801319,-10.7419211633023)
(7.99083260365442,-10.9504848335878)
(12.8183576052407,4.98621105932984)
(-0.795677718875969,13.6893967443430)
(-12.5858671563376,3.20072368266883)
(-5.91052471284321,-10.7096328609201)
(8.91246119539724,-8.21483515374186)
(10.5157985492213,6.32144891059319)
(-2.73727138643573,11.6629825843256)
(-11.3284515694506,0.562197268189416)
(-3.18240543819688,-10.5794846269836)
(9.53648009307588,-5.97219401968072)
(8.68460785046038,7.22042113200572)
(-3.92232362969216,10.0023883034286)
(-9.94621560493055,-1.06403140574195)
(-1.20458662687419,-9.68116742276483)
(9.19113428566094,-3.76828777851750)
(6.34984259067084,7.59502973096474)
(-5.19626861898735,7.94831551829806)
(-8.73269278980007,-2.88811391385842)
(0.428115206877114,-9.24545039962313)
(8.83564933978405,-2.49253698419532)
(4.78199419128016,7.07065905141160)
(-5.19468457292643,5.72558152074100)
(-6.50858514896964,-4.01175116585321)
(2.27272509575878,-7.79251071283384)
(8.00479207710400,-0.585961009951052)
(2.59123563513000,6.43988936380135)
(-5.36183900218919,2.73681720368078)
(-3.50242804329724,-6.11971756075074)
(6.03462657720832,-6.70515501091032)
(9.66226946170431,2.59063758477861)
(1.98713200047945,9.12510005534778)
(-6.45385851365343,4.10903654577072)
(-4.30471976658190,-4.99423533861832)
(4.62216363621646,-5.37413567059638)
(7.23279051094004,2.95251040261489)
(-0.0446539751604930,7.68072680225329)
(-6.60828825943765,2.11228794800276)
(-3.29696673578326,-5.58387499564841)
(4.65302360381758,-4.60313524837699)
(5.68425803257725,2.97715759445467)
(-1.25109167208551,5.70067208606148)
(-5.54630504254209,-0.383907151776269)
(-0.684663858596496,-6.16329269791231)
(6.28434562421359,-2.99183683973298)
(5.14809686265886,4.64288917802036)
(-2.54490642282660,5.67030402304600)
(-5.70205148808389,-1.48493918468189)
(0.308053665410274,-6.60934007382571)
(7.02785506390097,-2.36958768600909)
(5.05975755837509,5.27553019826810)
(-2.63084646054943,5.72759956397335)
(-5.21514005666178,-1.20884189356382)
(0.500856298149271,-5.40570407695283)
(5.86881692094614,-1.08987469797614)
(3.11508314070837,5.15337577967605)
(-3.63091260466331,4.21742769590070)
(-4.65059569706395,-2.43367026725978)
(1.27306987645073,-5.21084876287265)
(5.38875734561231,-0.402434086048589)
(1.85970768194270,4.68973628061348)
(-3.92836282668596,2.61036763878866)
(-3.48754818123891,-3.46807484487695)
(2.34987758222315,-4.63081904649930)
(4.81637973953427,0.614246924969970)
(0.203395958208816,4.17148122739959)
(-4.57493062817111,0.282287029685223)
(-1.97164360600872,-5.86665001820130)
(5.11988750233402,-5.40062558143028)
(7.23467380738284,1.53041044304837)
(1.63971264404826,5.82804815393045)
(-3.90546381009949,2.16254240892670)
(-2.13044565577584,-3.79656463993449)
(3.78331862177942,-3.67787393533258)
(5.19404125244343,1.88502109919401)
(0.369950355425169,4.69061620790394)
(-3.48671903263555,0.971298110166500)
(-0.981914600457852,-3.47991384029237)
(3.77874276596232,-2.08125667612960)
(3.46316887116282,2.93208009159003)
(-1.69144142701503,3.92490761813431)
(-4.25042324165406,-0.932744925917559)
(-0.375249417070794,-4.99165223381847)
(4.67822431985251,-2.68325592114965)
(4.13799740594185,2.62278679982863)
(-0.753095623582497,3.63849615089603)
(-2.87496768653005,-0.466951708547449)
(0.409531555792298,-3.28149108565358)
(3.75702499151171,-0.709385553781244)
(1.95442019177810,3.21553554011632)
(-2.46484645398486,2.50230565789878)
(-3.11810855211251,-1.96004106678188)
(0.790843110467022,-3.83679126826638)
(3.40520303885084,-0.746603587759596)
(0.961678183488649,2.27964886860177)
(-2.59915751777691,0.324543256864321)
(-1.43219663768138,-4.01098510641473)
(3.48309340804807,-4.24812960521651)
(5.49140254116101,0.509637895337672)
(1.74001038983363,4.05630658618457)
(-2.67950521146560,1.79381745861385)
(-1.90963518807551,-2.81951433492930)
(2.48206337572935,-3.28893369338466)
(3.96645987525479,0.718424656494930)
(0.458607282164066,3.14611218067569)
(-2.87635103374731,0.392565279154996)
(-1.23334948714752,-3.62059391713488)
(2.97365725289135,-3.28923635829700)
(3.81165746044825,0.602964209346943)
(0.476604654802196,2.25224306475085)
(-1.72589312112366,-0.571964647599213)
(0.668790424181355,-3.33136305011562)
(4.12482448738679,-1.50161407160727)
(3.25901556575160,2.65852605238622)
(-1.24682798344601,3.24236717265133)
(-3.49303687728700,-0.837287588308217)
(-0.704951555279932,-4.32507216749173)
(3.02914048222322,-3.15894923243750)
(2.91836373834007,-0.0501426575874113)
(0.397059679299975,-0.0748235683290048)
(0.664694261124222,-2.89587655097569)
(4.49975428636650,-3.17060767855715)
(6.51698992049721,1.28666400358774)
(2.78076576027782,5.52403102521542)
(-3.01967079130695,3.83050250338057)
(-3.93256930232443,-2.23378104923209)
(1.09896420981569,-5.50695604504477)
(5.88551675222329,-2.46782131626726)
(5.19592280694609,2.56753715263925)
(1.14710738617068,3.69941584673215)
(-0.604173126286101,1.10026618017602)
(1.14752260812255,-0.307695935639566)
(2.27617065758913,1.54430359188933)
(0.0888410235178608,3.19405747479022)
(-2.56901124459929,1.32496100531763)
(-1.72811809704362,-1.98917275764362)
(1.57965813871100,-2.24941195129703)
(2.63129334681130,0.778288786550342)
(-0.153622424305107,2.55457893263097)
(-2.84689651484702,0.227732352538308)
(-1.55051219083420,-3.28687030820440)
(2.15361584496006,-3.42896938285057)
(3.55966102366434,-0.302299226862419)
(1.40282450528440,1.77721665678944)
(-0.781553070245988,0.513192236652838)
(-0.0830001108722051,-1.48347266254596)
(1.74746150695836,-1.01257251260741)
(1.37155104268272,0.908071840413531)
(-0.874848109631757,0.838375662237426)
(-1.49638092588804,-1.62285502537528)
(0.733559739173216,-3.06407262270329)
(2.70582510425565,-1.40122794590786)
(1.53060072143735,0.795708317788169)
(-0.987604953935132,-0.0576895010348043)
(-0.739677019147958,-3.15595166818131)
(2.70050753981517,-4.15085759391175)
(5.19221057680909,-1.25093471137910)
(3.68292549364674,2.14914683227662)
(0.377892111831196,2.12501088961040)
(-0.477259278277007,-0.480206358245715)
(1.51738122553657,-1.59596693792860)
(2.76607016758589,0.149803810898376)
(1.18202512880039,1.75708266002041)
(-0.879561479552055,0.609535576372793)
(-0.428364333279832,-1.62122862597510)
(1.54994843345845,-1.72794162099746)
(1.73798347963933,-0.0687510565606120)
(-0.0906900736231153,-0.0815724683351573)
(-0.301770464716213,-2.69349556454946)
(3.05680919453912,-4.13492072910629)
(6.48243070116514,-1.06746361884994)
(5.17405870470618,4.00863187729240)
(-0.152154376698133,5.26858917908559)
(-3.53437023272467,1.20586706812645)
(-1.36111317440507,-3.07977564074938)
(2.88374586817992,-2.45268476840601)
(3.31071651792618,1.57706155439273)
(-0.572463840750120,3.10714956282331)
(-3.49833412017411,-0.167915424517965)
(-1.72717632798462,-4.16100383767422)
(2.19620905857793,-4.26733456259415)
(3.45432686579699,-1.43131357626050)
(1.63668761810801,-0.163708374915920)
(0.711511772271663,-1.87207845933615)
(2.85024430577053,-3.15435736609648)
(5.25970235649953,-1.12536693031915)
(4.38172717364896,2.24441119101915)
(1.07205632343026,2.97030165782544)
(-0.726912040418131,0.671272284765442)
(0.405869393088757,-1.22375560409860)
(1.77517094317094,-0.660262892698230)
(1.03845953867155,0.319005344120137)
(-0.220190346561692,-0.817495818326022)
(0.815290060426562,-2.87789265301957)
(3.48218882559179,-2.67900521751137)
(4.31062141186813,-0.133900396937659)
(2.31634467023652,1.21897053656585)
(0.866119918136948,-0.544415319107431)
(2.83761716091762,-2.45251195881414)
(5.94155735906490,-0.658576809002981)
(5.45533638305154,3.64648797992151)
(1.02008497460182,5.22132626958169)
(-2.24302827391925,1.89459783592886)
(-0.447296085842957,-2.07558744562464)
(3.61787174101292,-1.52460221731493)
(4.12407150494845,2.56415579561174)
(0.164359784132968,4.33486219361238)
(-2.97321136983987,1.09657231742119)
(-1.08786828090536,-2.96414885801705)
(3.15779438037596,-2.57538754176548)
(3.97671875461312,1.36563640765539)
(0.467044878895180,3.13808250194741)
(-2.24839890980731,0.180950762378084)
(-0.220245367790769,-3.43901207622479)
(3.91322319603165,-2.77743690779103)
(4.72707792797872,1.19294278323659)
(1.49815390388441,3.14739508502577)
(-1.08086371102619,0.866568782429505)
(0.342228027457346,-1.96153276837377)
(3.26427229245160,-1.25908222227595)
(3.23899017091216,1.69604459661119)
(0.335437958716664,2.37751173231920)
(-1.10186869670937,-0.327820442219959)
(1.17028094985292,-2.54105705122450)
(4.04978952461921,-1.01975043104374)
(3.54618928421149,2.20059176043595)
(0.433465203842795,2.74565398696372)
(-0.950463195689362,0.0811807516365470)
(1.12710176560412,-1.89283234942540)
(3.52552925246300,-0.482973246426875)
(2.90971302841826,2.13041542826228)
(0.440657428409917,2.30945380461383)
(-0.223806576413880,0.264430384813724)
(1.53174669661175,-0.495645555653322)
(2.41885518891568,1.39198718342024)
(0.307837201436063,2.93698796675481)
(-2.30058722711311,1.18859024659141)
(-1.67973870572613,-2.15419237967091)
(1.59908172003525,-2.81710301193601)
(3.09683497243443,-0.0228425758231201)
(0.615503870066244,2.08440029715180)
(-2.49408994483753,-0.0357518219246767)
(-1.62385705439092,-4.34176602517504)
(2.91984600178827,-5.69878704167008)
(6.24019874444746,-2.54089667615733)
(5.18201199915570,1.23810590523601)
(2.14201953068310,1.50888782914768)
(1.52848527303290,-0.944131863886605)
(4.00525574985135,-2.00468793892017)
(6.15539124021474,0.142655342844890)
(5.38949201153189,3.05521760931478)
(3.06696276566650,3.82022104535161)
(1.99659279476466,2.83399932153678)
(2.45347713228618,2.56202043480705)
(2.31221759208736,3.68938332291410)
(0.548025631863396,4.33628109356486)
(-1.23094811608766,3.07294918656659)
(-1.19772582131000,1.04728747142344)
(0.143857303320687,0.278017778226803)
(0.894078139812911,0.900830675939276)
(0.477958703333221,1.35259224763674)
(0.0979435497953788,0.861086454066514)
(0.585707528161402,0.371423398306383)
(1.15167422589295,0.762472879847097)
(0.827672306483242,1.36869167509779)
(0.127994994686903,1.10402078620461)
(0.249209056897930,0.283286637369715)
(1.11827191785754,0.174008141323139)
(1.45567578529936,0.962701110873938)
(0.830188916890970,1.40885494034829)
(0.431460275239887,0.858850742346966)
(1.16178188667826,0.469508089148438)
(1.92360941921462,1.49547143999721)
(0.991602406965022,3.05672059411346)
(-1.26171080708157,2.96129951823641)
(-2.40420876468993,0.782833560995197)
(-1.09678674391931,-1.21154544503069)
(0.968277248822044,-0.918074628027134)
(1.25490293676989,0.788164883865959)
(-0.208263578073129,1.29095951915527)
(-0.982424606769100,-0.125146081344420)
(0.260966305868353,-1.35838530102947)
(1.87117715518991,-0.590482186432919)
(1.67408814499178,1.07123038471342)
(0.179835458921581,1.24702194036869)
(-0.163652338224958,-0.160175770178434)
(1.35077066661877,-0.740521631882815)
(2.46262683329853,0.857436600469233)
(1.13151120542594,2.70471473390107)
(-1.32164140520103,2.10290648514535)
(-1.73640129137420,-0.543041951185182)
(0.612266580319380,-1.99212527190996)
(2.89349618503516,-0.388156769613424)
(2.37826330408921,2.30241034705316)
(-0.0966349638052506,2.93719413527003)
(-1.48720219000589,1.23286118121081)
(-0.641597330968158,-0.255656047420236)
(0.539440918866560,0.138195595066589)
(0.166985545537768,1.13053185724828)
(-0.974309662665000,0.755998981628710)
(-0.875279270623145,-0.625416005991748)
(0.537277551709564,-0.977486150016154)
(1.27216528355621,0.251506008012718)
(0.284753019392776,1.24289923884900)
(-0.917546761629979,0.504769735442091)
(-0.486767352978550,-0.880953535051510)
(1.00516072921817,-0.824424809031084)
(1.35905966686408,0.674157747558504)
(-0.0294280949683102,1.46442578087082)
(-1.23850623255090,0.354984930804527)
(-0.575047141480812,-1.13631876465455)
(0.981411319454928,-0.962277321889289)
(1.20998571175871,0.504018974957298)
(-0.125302851780085,1.04413526252857)
(-0.957611211439787,-0.146622550654027)
(0.0277679783013009,-1.27704186935296)
(1.43068881838119,-0.592862145841371)
(1.15420321754481,1.01227843931453)
(-0.515480582976097,1.24049488640084)
(-1.26591833706728,-0.284649181556959)
(-0.0739666516074526,-1.44113324802461)
(1.31467013909376,-0.647937382736174)
(0.901751769133483,0.864296772757522)
(-0.681160123580334,0.844481258804472)
(-1.09894784753300,-0.712049981369743)
(0.289225186461404,-1.55419137455488)
(1.48525057449811,-0.442423712086071)
(0.737013566686565,1.04223435533796)
(-0.926836725653460,0.777822532390051)
(-1.19761149848633,-0.832474605990265)
(0.145408940839424,-1.47171089388001)
(0.909147775215101,-0.338079347202791)
(-0.264096135705666,0.595274563631685)
(-1.75083727343408,-0.595232292520200)
(-1.08918139510376,-2.86002369938385)
(1.52232266323124,-3.38411670453322)
(3.30342311389082,-1.34160118030692)
(2.49124026107683,0.996456641792865)
(0.505009355053548,1.28745316943086)
(-0.188365535732218,0.0389426989847508)
(0.631009083562518,-0.491103252769989)
(1.02928768533040,0.398386548807794)
(-0.0279119193306639,1.07363137444991)
(-1.19095232357595,0.196959052044493)
(-0.826471657013384,-1.23370308877210)
(0.530461034610805,-1.36783125112266)
(0.969882544445024,-0.211197871314082)
(-0.00669364099138340,0.438527779425776)
(-0.831951758474534,-0.333221997163515)
(-0.259657432985716,-1.24523265824205)
(0.763248545521332,-0.765769211266260)
(0.471184912996308,0.588328039860074)
(-1.16438267436980,0.959547578123556)
(-2.43911924455632,-0.241145103478154)
(-2.37777364588007,-1.67934854718361)
(-1.93668665315364,-2.26738388167165)
(-2.18796411152398,-2.79673049539862)
(-2.31680844516736,-4.49685014883896)
(-0.624288774226368,-6.66343346191312)
(2.75876453425936,-7.06215759063222)
(5.46678215025230,-4.82415274900297)
(5.65257169022687,-1.78484648870439)
(4.18152294215484,-0.264825299718839)
(3.24460706435229,-0.306513794694213)
(3.40211745660703,-0.132648043197782)
(3.20373358995436,1.02284399456216)
(1.70832539390867,1.86880815173380)
(0.0413375784478993,1.18963876444425)
(-0.319814989025678,-0.186829356565487)
(0.134534220696208,-0.652595301976613)
(-0.300359368431181,-0.456331798420246)
(-1.62243295838278,-1.57103529308092)
(-1.44742968409222,-4.57840590387674)
(1.92509358918144,-6.96184210743056)
(6.65307334030539,-5.66704192492691)
(8.82215577990154,-0.942373913088880)
(6.71984603728246,3.56451366933158)
(2.59880305398455,4.71450532354508)
(-0.120085840983837,2.91947811578056)
(-0.440263133400254,0.834103189003356)
(0.136591514489173,-0.0399337435867808)
(0.344315326519561,-0.358980195024685)
(0.580329381681808,-0.947666251894014)
(1.47958791035020,-1.27115274903577)
(2.35981514524778,-0.516934502567425)
(2.05158620220635,0.748343869558978)
(0.719450401302813,1.09900484292785)
(-0.231286656268445,0.185850764783201)
(-0.0526053811216306,-0.869747271890020)
(0.515908723841890,-1.16851229839633)
(0.638138700183547,-1.16705029104552)
(0.684370988279156,-1.58129635925255)
(1.35462794996941,-1.97736616695969)
(2.12954431958161,-1.49724817645642)
(1.83871494102387,-0.649887017950438)
(0.799481234932909,-1.02020346663603)
(1.03413181318737,-2.75208432709081)
(3.49461254974334,-3.52977635967670)
(5.98314081259513,-1.29395908492233)
(5.31019262719159,2.52224609024744)
(1.50338920162409,4.01836359446732)
(-1.61196781890744,1.50960181118145)
(-0.844553627477966,-2.09688134598931)
(2.37757435139008,-2.71947779065018)
(3.81778666399284,-0.174086706548936)
(1.87952490102625,1.74086425443636)
(-0.444428006086209,0.348746761545598)
(0.272527865685918,-2.37303061661937)
(3.20962600681266,-2.56540823296161)
(4.42707811008274,0.192451161353100)
(2.28710376628813,2.26820333767893)
(-0.237626237817722,0.969682153172046)
(0.362114092626792,-1.63434956691384)
(3.09284053657956,-1.42455567144802)
(3.40379833283596,1.92352092584852)
(-0.742081181008102,3.78077289794156)
(-5.43151505340849,0.0532053100210980)
(-4.70344433393030,-7.29247119568386)
(2.58455813097346,-11.5623721515711)
(10.9481602029326,-8.21636377873045)
(13.5579007115527,0.408553223784215)
(8.71977449993637,7.43544442340814)
(0.983338043918182,7.88231246083644)
(-3.43614459359650,2.59391443957343)
(-1.87110130412994,-3.35440498428206)
(3.38482158405929,-5.29281663780397)
(7.67116874199958,-2.37545089020710)
(7.81831618924385,2.39084238986645)
(4.41357601257296,4.93949824143900)
(1.02286034077040,3.57547506783945)
(0.898406828886967,0.405515535135638)
(3.82356367456997,-0.698441291842046)
(6.22785001073485,1.93745677764326)
(4.89576928474504,5.86129809354346)
(0.549620859379117,7.00167115811304)
(-2.82613419230729,4.13839372209587)
(-2.39879395663641,0.238169926167219)
(0.447095919495196,-1.02092028541488)
(2.03924354406694,0.585321935425577)
(0.905631031735499,1.98344901924575)
(-0.736351700791018,0.891949305625930)
(-0.132383026387268,-1.41465994629946)
(2.46015106364052,-2.00087400890155)
(4.29551749310301,-0.0777949836638007)
(3.70212152187522,2.22638629494738)
(1.88930009496700,2.76435370486739)
(0.971761294606592,1.81926172823116)
(1.30951265923519,1.09388836573905)
(1.71066510617472,1.18532359055266)
(1.65657607666248,1.23638656945320)
(1.98395338082874,0.879417134598107)
(3.11092167107023,1.17750692528252)
(3.75692534023682,2.95458641412887)
(2.42340912208971,5.03420330485887)
(-0.301159369693588,5.28649520988095)
(-2.04843924595298,3.35148595390132)
