10000000000000000000000000520.
0.040000000000000001
(-0.267654352215325,1.36780811309558)
(-1.94741263656728,-0.518478974397620)
(-1.04583947454569,-3.10123769377344)
(1.67739709145321,-3.54911219749153)
(3.17823009459133,-1.42179275027478)
(1.86800338879707,0.534032314575741)
(-0.143970897812641,-0.169315883448062)
(0.297982527145308,-2.18490512685636)
(2.70441221751732,-1.72226223464576)
(2.57789620894966,1.97950302165747)
(-2.92201781777564,4.00454648111021)
(-9.66233303454155,-1.40462123391745)
(-9.09132758551298,-13.0159835538191)
(2.51245791633451,-21.3812163194077)
(18.1948295832069,-17.4061635803785)
(25.6538626171466,-2.29226198212420)
(19.2071965682863,12.5131371212916)
(5.57166364084572,16.2705256448957)
(-3.19256099769810,9.27849210335849)
(-1.94563506538488,1.37013731251802)
(3.52093004253410,0.636889757742516)
(4.53762524927327,5.33106831863723)
(-0.324670104313000,7.62869775957711)
(-4.73923188141764,3.78819640922503)
(-3.31569522091260,-1.75935335314984)
(1.75556009739909,-2.66662989555291)
(4.01317439278900,1.25107538460071)
(1.12427150267361,4.25362843344842)
(-2.50027863323061,2.36968662205932)
(-1.84414599920036,-1.64564681574297)
(2.12998696202193,-2.29147594890836)
(3.97462090200938,1.28885198608670)
(1.10851752833490,4.25213468539086)
(-2.76303519483329,2.56195862993105)
(-2.60300472097903,-1.64286259156082)
(1.25870141094907,-2.90725848247818)
(3.56965938148744,0.274095872497982)
(1.16145056341776,3.43216616062941)
(-2.77208360375464,2.06994797947668)
(-2.86919850294427,-2.26637833384025)
(1.19679510938405,-3.91448076174177)
(4.09191150497873,-0.628107402181707)
(1.81141342482563,3.22804790945958)
(-2.82652454787765,2.27112997872577)
(-3.63021855240321,-2.65443470901842)
(0.752284685004837,-5.22871271093551)
(4.59140988697170,-1.87241115943590)
(2.20960960333017,3.04027199188045)
(-4.25165677244433,2.10565958343799)
(-6.52449817027861,-5.68483569842170)
(0.101897872963618,-12.7425364899914)
(10.6964268714161,-11.0791873290142)
(15.7038993667671,-1.36562140446515)
(11.2431611187177,7.80562891777765)
(2.72048723353771,9.34053181357238)
(-1.87830829544849,4.57917938574846)
(-0.495669187745440,0.279420279555119)
(2.39364971946333,0.369058104200040)
(2.42939083082151,2.60204505151766)
(0.248588945991874,3.00965711982612)
(-0.825488230859106,1.25985506606783)
(0.0630242656146467,0.0755801054110101)
(0.620533850347143,0.581161629802282)
(-0.482746579725752,0.685686170157071)
(-1.19084860523631,-1.30389104184291)
(0.855722528918063,-3.42086967060726)
(4.12358080155184,-2.38859708644895)
(4.40156991740616,1.23859778955652)
(0.656600785665944,2.60875556510937)
(-2.27803337015097,-1.45082135946985)
(1.19285733948354,-7.23412010475653)
(9.96389064476914,-7.12380831089872)
(15.8648259876004,1.67985505523806)
(11.9481556232085,12.8375519505852)
(0.373885195242076,16.6994768944703)
(-9.32104957116414,10.2213411328077)
(-9.88177681584368,-0.0842247270334674)
(-3.20434677347590,-5.27887525855642)
(2.81164767553071,-2.95045734414014)
(3.10457476828138,1.72911244604319)
(-0.170964357477217,2.94356588459464)
(-1.73975423197762,0.463657246549888)
(0.175296461095213,-1.51995943541062)
(2.57631996961204,-0.306516476931431)
(2.24783630560748,2.30765465512070)
(-0.226863492806492,2.95133297566891)
(-1.71177648157172,1.05748536605738)
(-0.703631928389226,-0.837245960545520)
(1.09397491426303,-0.635043608441490)
(1.36128555640047,0.851034074921762)
(0.108120707445830,1.39392464850585)
(-0.749049614569350,0.370876334226966)
(-0.157937646657413,-0.727613458687240)
(0.832941916318889,-0.608494044009910)
(0.808430314212218,0.0681881522381833)
(0.0800244620067156,-0.212568119572824)
(0.268031787410587,-1.55206748057376)
(2.03873774735017,-2.33567706010284)
(4.08334295457373,-1.26014335137264)
(4.65220212912335,1.02857000745628)
(3.57920707810927,2.76742809870315)
(2.22803267034163,3.17442995302849)
(1.61558019655721,3.09151875197600)
(1.25538985567286,3.52253365453860)
(0.124272083901936,4.15577773143544)
(-1.69224322722869,3.80964207535921)
(-2.90006575844018,2.11021268813195)
(-2.53531183117738,0.151260480855933)
(-1.12702856160408,-0.691568704933969)
(-0.0577295418507615,-0.249090364090367)
(-0.0204392574916153,0.452339956688005)
(-0.473769260656588,0.515649359978289)
(-0.569280000587216,0.0830383133346486)
(-0.204688490239424,-0.146103103977165)
(0.0675124681908617,0.0641492936310830)
(-0.0725994008280084,0.283646605170312)
(-0.306490784642289,0.129167323095141)
(-0.203417417346352,-0.193819037051454)
(0.152177823210530,-0.224118029637677)
(0.292626463939055,0.0887954091275554)
(0.0192853912726963,0.311372268281585)
(-0.327956068726161,0.101907287454571)
(-0.305468257044216,-0.357557247192275)
(0.103348260926566,-0.602631380502509)
(0.515500793477305,-0.429241368583760)
(0.612883271610714,-0.0554929623976856)
(0.425910686224002,0.199610378324494)
(0.172731758325077,0.232956192947807)
(-0.0145443634150802,0.122949923271538)
(-0.116368565281835,-0.0665011903745673)
(-0.0922833262247270,-0.311249826093799)
(0.115697193253163,-0.508190576233237)
(0.432625550639309,-0.489267385407023)
(0.627740880626416,-0.217748364048704)
(0.527684179490286,0.107646854790506)
(0.213258088715662,0.226686374316555)
(-0.0632143012861268,0.0759405079415851)
(-0.139735158464804,-0.182764295737139)
(-0.0636668176041080,-0.372499972007907)
(0.0393376061539285,-0.465026003878771)
(0.129155546865046,-0.522656786794742)
(0.240670049672021,-0.558309749622680)
(0.369630322534575,-0.521560606193966)
(0.443961968538968,-0.392379275973481)
(0.395112827582724,-0.221294134338850)
(0.196318032152376,-0.0884320828201580)
(-0.153631798162386,-0.0966722574380579)
(-0.579525149974833,-0.402531129277501)
(-0.817189792251061,-1.12177558326052)
(-0.472936441557420,-2.08397678775969)
(0.620722308506711,-2.73694238604256)
(2.06415560930533,-2.49057483786129)
(3.04332995983390,-1.28577815920076)
(2.97801910848409,0.227994528354797)
(2.03815547775729,1.20106700549937)
(0.952054047531308,1.29954518693767)
(0.305128178764004,0.874276223374183)
(0.105454793396814,0.451697544552030)
(0.0356507682935274,0.195067538997827)
(-0.0362236027151580,-0.0582361755888654)
(0.0348585031171921,-0.365781208556779)
(0.305894478570898,-0.520453139722200)
(0.527290946707564,-0.378978211897039)
(0.437138428777158,-0.163024539465287)
(0.164392431782510,-0.234393546631684)
(0.128889574406695,-0.601077355964275)
(0.505110950071311,-0.843484433939794)
(0.954280962942946,-0.617616306607363)
(1.01226249029240,-0.0967053253819341)
(0.644447728370790,0.236601584806433)
(0.244372910331943,0.173402002143198)
(0.104787551431910,-0.0360992545640567)
(0.0992941161341896,-0.103950426010935)
(-0.0157383526930971,-0.0949094777431264)
(-0.178572711015582,-0.223151772719100)
(-0.155160965407122,-0.401490636891787)
(-0.0449590474583211,-0.310809238222121)
(-0.310866644948855,0.00516984177164446)
(-1.08903788986177,-0.0699427306577145)
(-1.69398586712275,-0.994718108813099)
(-1.25110594679998,-2.20197008517632)
(0.0497674363832582,-2.41552581229070)
(0.700403767864679,-1.16428308671627)
(-0.654259341804937,0.192861575000872)
(-3.40688677239902,-0.559080464655477)
(-4.98952321716452,-4.19012693842714)
(-3.05843765594647,-8.79057817273823)
(2.20316108295116,-11.0945368022487)
(8.00326033243657,-9.19680143016764)
(11.1583018519946,-4.05905704687670)
(10.4356726181833,1.46474726160742)
(7.00610074950221,4.87755142557659)
(3.08036504133179,5.46072354960717)
(0.331566606669033,4.06055679029047)
(-0.717737728141848,2.05720233315830)
(-0.466623674713277,0.557070100880345)
(0.220997079611425,0.0350262245272228)
(0.511628374369990,0.230221700608456)
(0.144279172307101,0.384072411966710)
(-0.367988727567445,-0.0667340711692124)
(-0.307197058292579,-0.869944822267295)
(0.340167544342444,-1.22369935958587)
(0.757361979243914,-0.817642560513545)
(0.314926838287923,-0.381604046364814)
(-0.467644385270255,-0.847491069895135)
(-0.422238666451182,-2.03189477453783)
(0.711398751439879,-2.65187188575872)
(1.70767054721825,-1.94236983079156)
(1.30648626639635,-0.872345778748063)
(0.0266622256293538,-1.11093869360632)
(-0.204479383854974,-2.75272659468392)
(1.44575257410404,-3.81457938497271)
(3.19635441818748,-2.63718986349969)
(2.52797744496346,-0.449010284250882)
(-0.363166899078637,-0.510522072511109)
(-1.92547408391561,-4.18855205024725)
(1.06093516499941,-8.52936310016151)
(7.36729826473403,-8.80406571133665)
(11.8787857577357,-3.70260214470061)
(10.8067936648421,2.79602981541961)
(5.81516041389891,5.44254980883380)
(2.16271185412302,3.30001998776517)
(2.83212156687890,0.466849090276695)
(5.42958888651918,1.08636240734331)
(5.42106608003931,4.54760459170214)
(1.71815803249636,6.51873737612986)
(-2.11623505100813,4.38404141199417)
(-2.33414583095652,0.383445226886131)
(0.490730119683352,-1.26655149052682)
(2.41695284245219,0.486730413674357)
(1.13445172244181,2.54071126827645)
(-1.37186631240921,1.81622862115802)
(-1.69970991337615,-0.884165879213268)
(0.483288872025353,-2.20768137680993)
(2.19435206485960,-0.812686108458435)
(1.28936206454352,0.943669641548357)
(-0.651087207350221,0.374080192090950)
(-0.638217405008386,-1.75446621198213)
(1.35248594497400,-2.30973105954371)
(2.11578795442235,-0.453516655181478)
(-0.156140636936942,0.614703472229031)
(-2.52749136037672,-2.15645988055270)
(-0.484424843959443,-6.67096479590678)
(5.59399044256243,-7.06401001603082)
(9.18278933511783,-1.03703805896188)
(4.64462639526015,5.60709794552857)
(-4.89293542219582,4.02972170516020)
(-8.81945735330225,-7.33653569009684)
(0.242788781624772,-18.9641723775921)
(17.4193627457119,-18.5580119160117)
(28.8026474379559,-3.66937122846466)
(24.5597534977426,14.8759118824272)
(8.53876558058294,22.9190417513415)
(-5.63747867693015,16.2286738596876)
(-7.76285798024578,3.59188069909516)
(0.126793308340289,-2.76376401045883)
(7.58179874909698,1.14969689225259)
(6.94615065909185,8.97228049925113)
(-0.0924843637448900,12.0954076556434)
(-6.21161660284132,8.27541533372308)
(-6.76539765309488,2.18626768306475)
(-3.45518615099967,-0.894694155416696)
(-0.761148923918477,-0.309481151010667)
(-0.604878524480528,0.916108737302522)
(-1.30417172203509,0.559816552622377)
(-0.795645065132181,-0.575360708776579)
(0.636012276537456,-0.614512281731997)
(1.22290576057013,0.581914829308904)
(0.357137791903837,1.38808445936005)
(-0.633854373390585,0.729841207515127)
(-0.327096776648254,-0.531878812714769)
(0.978332452862541,-0.822958740682259)
(1.77478732494637,0.116829877657097)
(1.33452395492036,1.03271163060223)
(0.543603198376892,0.877716456673614)
(0.617427393539121,0.134181957706568)
(1.46635499804357,0.0775745672346738)
(1.82386769971091,1.01141884004182)
(0.951627820302954,1.76295589435295)
(-0.240041238721192,1.11229549470836)
(-0.0991956943412099,-0.565403954852380)
(1.82742074048448,-1.44752817795031)
(4.04748719870170,-0.131506355190433)
(4.46267607042598,2.80254686315163)
(2.39990116528353,5.21555722834502)
(-0.754263651300083,5.36254821707290)
(-2.87380746214216,3.38175340308723)
(-2.94545477783437,0.942693565698439)
(-1.66697203562231,-0.391813015770840)
(-0.447023730257123,-0.380639433931857)
(-0.0399597508929538,0.130652802396241)
(-0.165496464158850,0.338011431874186)
(-0.216040081439033,0.188667437755141)
(-0.0329866567239412,0.0816012209394192)
(0.101739757810453,0.175120157591951)
(0.0360843460947902,0.223351537214309)
(0.0169833434882167,0.0451206648215880)
(0.301492129326596,-0.112977587864653)
(0.685893301627851,0.125189407744854)
(0.666290124978072,0.682997471757855)
(0.0984411872008889,0.988700908244594)
(-0.504303486691113,0.631849264348317)
(-0.508442727201982,-0.0752235643363419)
(0.0696475945751789,-0.397295786828604)
(0.542224175244720,-0.0420766194424680)
(0.368473873856388,0.474627262102803)
(-0.181166608850878,0.461908811190403)
(-0.370045983713799,-0.0793439606815200)
(0.0595484599730525,-0.460534588393237)
(0.546873811943295,-0.199624986113899)
(0.438417974492898,0.336746983113298)
(-0.143898682236910,0.394711612125016)
(-0.434678070486252,-0.176689032494929)
(-0.0148861219764369,-0.701293495803545)
(0.626142528146193,-0.538713283570599)
(0.713470205057276,0.0800869376462985)
(0.193788210919589,0.353929837824323)
(-0.206833764039436,-0.0326481211464127)
(0.0361442511678353,-0.502281168599523)
(0.538387678417808,-0.383468519991886)
(0.542481297739707,0.158167289744547)
(-0.0180217208962234,0.341320442603768)
(-0.401775259138255,-0.130815751773766)
(-0.0995942026936593,-0.615890624598688)
(0.394802831516089,-0.419171467953047)
(0.229950604742078,0.161040342345177)
(-0.545486487855109,0.153383958623286)
(-0.901348981351285,-0.703912888086222)
(-0.214081506819872,-1.42011857036297)
(0.700793834705259,-0.992669031253545)
(0.504410279997651,0.0949828187064486)
(-0.792991746452632,0.283122631458684)
(-1.57644030697672,-0.976166639470889)
(-0.708721201027049,-2.17810808598686)
(0.575876435769908,-1.55618561048390)
(-0.196524937078065,0.189458157526828)
(-3.36283831381115,-0.0818401131801951)
(-5.60545834926763,-4.39507763652972)
(-2.88669192537697,-10.3822576702961)
(4.79158125580462,-12.5974278405121)
(12.2532018616675,-7.83753491206276)
(13.6198265972554,1.06375097997881)
(8.07816637807728,7.44267761054361)
(0.764134320479702,7.09225131714970)
(-2.33975155073080,2.08813744502314)
(-0.103539510388920,-1.82324708642425)
(3.39987264833239,-1.25907948516214)
(3.83562357840529,1.88975962743751)
(1.10030579237163,3.40436735237623)
(-1.37351981575958,1.68262674497723)
(-1.05713377150802,-0.972400357191989)
(0.961837332398634,-1.66393492595052)
(1.88224034086271,-0.396063989707285)
(0.885792118576744,0.411159841008635)
(-0.0888483467694955,-0.625332286711441)
(0.744389868406079,-2.04227731985339)
(2.38430915120608,-1.69588481210591)
(2.27968847701539,-0.0475091583508597)
(0.0654187941055981,-0.102091455669014)
(-1.01667184372454,-3.58363201634119)
(2.62074714165021,-7.81465990648035)
(10.2406499148016,-7.49465833761683)
(16.1692865014360,-0.146431129291024)
(14.6294996554944,10.4740976867535)
(5.41744728129181,17.0051494389254)
(-5.42513494021127,14.9099547211858)
(-10.8013946263110,6.43071593493154)
(-8.55238698982468,-1.72807389403367)
(-2.57009082813555,-4.47352769355159)
(1.53874883791278,-2.17101620139848)
(1.51905076820058,0.986085307545951)
(-0.547514609013911,1.66561821253781)
(-1.47468656224524,0.148664805840185)
(-0.410432331564558,-1.08874129572391)
(0.978762869681336,-0.615279685019512)
(1.02683374485708,0.648231396263816)
(-0.00529158481823899,1.02904319297559)
(-0.617343811263942,0.233165527486892)
(-0.0963915493705604,-0.540847253402891)
(0.730118456450053,-0.307792633285228)
(0.739656953357527,0.498990842340175)
(-0.0224663083129880,0.740589559423342)
(-0.511511150121324,0.106510067297047)
(-0.121007241943841,-0.546251234831602)
(0.546682590425626,-0.394004477365019)
(0.534907921710842,0.257219859008202)
(-0.172683491096189,0.405005552015138)
(-0.627260643364982,-0.299859908629819)
(-0.168462544379217,-1.07641367699160)
(0.701211533443663,-1.02458895364879)
(0.960085925563568,-0.292616058644708)
(0.381048770928346,0.116332759993989)
(-0.187261270418864,-0.367317662746170)
(0.0876302236675322,-1.16701598245642)
(0.986083872713140,-1.31273076004627)
(1.56317148324987,-0.644030478124113)
(1.34471650295652,0.0786278271422736)
(0.815436161825925,0.209800654640213)
(0.642020661691189,-0.0262760399884307)
(0.771122320943616,-0.0197122642776156)
(0.633218737636876,0.268212700319843)
(0.0989813998356653,0.252967347977324)
(-0.220654052778904,-0.353708654159635)
(0.191526744540706,-0.986214574983339)
(0.941983366848334,-0.893392146009975)
(1.12592193943329,-0.176358834827761)
(0.488971306574997,0.248961090561446)
(-0.203960513040375,-0.207355777497980)
(-0.131715616315538,-1.06232498304950)
(0.553722041968002,-1.41954074742050)
(1.01713333694900,-1.15025513800963)
(0.946960462203732,-0.980817138049734)
(0.997024541403758,-1.35843965764628)
(1.80541702557360,-1.68036421477587)
(2.92019449457269,-1.03092491320554)
(3.17727598436130,0.498437716291616)
(2.13902891802814,1.71606728580098)
(0.707348461670630,1.68943348969872)
(0.0596779118043839,0.816045912407250)
(0.287439165781681,0.210466600999949)
(0.514500644360580,0.260519199461620)
(0.252945518973628,0.308492088078152)
(0.0632830877107549,-0.172011228058583)
(0.587726325189185,-0.644932283062799)
(1.37322877164591,-0.240501679210346)
(1.29270967436051,0.834049469115250)
(0.135769632832292,1.29694663263499)
(-0.865323364964222,0.431442551424034)
(-0.521659056000329,-0.808905493811086)
(0.674691988195580,-0.901308577080247)
(1.06132358953421,0.226414605464537)
(-0.0222273706953666,0.981833184051594)
(-1.25848356899580,0.161501448965664)
(-1.01559698447686,-1.37730345929254)
(0.446748108589979,-1.75663508125925)
(1.22990906555920,-0.582012906949572)
(0.319433851741795,0.448751111553718)
(-0.966031652729365,-0.200390962864236)
(-0.690775295442979,-1.72331931979693)
(0.970891241546993,-1.91697616614408)
(1.72537930001404,-0.197770431100291)
(0.133489413922494,1.32439306810738)
(-2.25833266189177,0.381097112388562)
(-2.60279931079045,-2.44265863048588)
(-0.277382645959042,-4.20913643679249)
(2.28544135101232,-3.15574652898620)
(2.59229052504824,-0.746989981270172)
(1.02016131731886,0.374522593517715)
(-0.104306201874099,-0.259162637543805)
(0.140138931923213,-0.778709148079735)
(0.197391871809699,-0.0598929967052551)
(-1.28188648117496,0.467510056924012)
(-2.98158826093911,-0.951707809318440)
(-2.59944916518123,-3.29192138270882)
(-0.615717832439370,-3.67488419193441)
(-0.441782690180704,-1.73446710179200)
(-3.70881515187689,-1.25075152362712)
(-6.75906301271261,-5.61016706881442)
(-4.19367377970333,-12.2191039576951)
(3.65258767865781,-14.0029305229308)
(9.06687524545266,-8.00179275249766)
(5.24365915001948,-0.964467098402267)
(-4.07021570350044,-3.37303277980913)
(-6.03969084173345,-16.7589777904529)
(7.87348411124833,-28.9395085633551)
(30.5737786023315,-24.7065961831269)
(43.7952381074531,-2.01096147180162)
(35.3595883815304,24.0175719327436)
(11.4271981065613,34.6412767501660)
(-9.42868337410182,24.9464081909365)
(-14.0144955316351,7.08040333848540)
(-5.43571578603063,-3.20533713905611)
(3.19802545192009,-1.50741131563449)
(3.60712595382707,4.09947612073035)
(-0.871914622930651,4.64835299179948)
(-2.17214324252501,0.114709232187272)
(2.00687375949586,-2.75916725624404)
(6.45243413525551,0.0662219278530299)
(5.85540981518693,5.31208735040245)
(1.20050649828695,7.18825731834008)
(-2.23897211126414,4.46644454078535)
(-1.62561330695753,1.10250659808071)
(0.712618960412742,0.697209597190494)
(1.12942908216095,2.40295841683751)
(-0.660514710432283,2.93643215795417)
(-1.90310949765355,1.18884600450955)
(-0.877341148955713,-0.705376089574409)
(1.00353349744802,-0.605351791025020)
(1.42631957787950,0.870661760289001)
(0.244282684856851,1.52030836594463)
(-0.688623089285423,0.583203278956914)
(-0.217966771510526,-0.565157766425796)
(0.778098510454299,-0.592103387691398)
(0.956369443074483,0.0658872308275388)
(0.403076426615216,0.167571854623503)
(0.192775705449915,-0.439623512424841)
(0.587026108886952,-0.852502765292588)
(0.761564561362699,-0.815121539243813)
(0.467437238641425,-1.26349642712649)
(0.923901879289221,-2.65338343885843)
(3.18507206705040,-3.54706393511381)
(6.03680508047358,-1.97386104428268)
(6.67560420011730,1.76724021900827)
(3.92884375016350,4.65755726797400)
(0.0998884801362770,4.01589131686850)
(-1.20331120190540,0.633697121124393)
(1.02852530775054,-1.90790743661746)
(4.15909797781220,-1.10883974296532)
(4.92713773507686,1.89512390412908)
(2.90224912232715,3.93360227641209)
(0.465400793464948,3.38036334018520)
(-0.195639314477437,1.46887875932524)
(0.782516913349596,0.284034530622891)
(1.87732692918863,0.397721506982330)
(2.33193831012786,0.951632331525075)
(2.58497700798582,1.39966626475635)
(2.89659311597026,2.15982802661535)
(2.59394417657945,3.45077395389578)
(1.14393914253002,4.38043261697956)
(-0.650382737388885,3.90766434536335)
(-1.34204518552089,2.39483628978490)
(-0.683071643430473,1.39328557238858)
(-0.0394989483750328,1.70565117611572)
(-0.616098436831422,2.30602620992565)
(-1.79197119630670,1.70691772373311)
(-1.88451320594766,0.0446443440142911)
(-0.436037638739818,-0.950500669449422)
(1.02513027703755,-0.179833163706470)
(0.863351344534245,1.31090613426551)
(-0.553150009028855,1.59477551407429)
(-1.30444162857021,0.314409656021799)
(-0.387660199027394,-0.881856549148477)
(1.01401845370603,-0.502790054231311)
(1.11613371457895,0.853998594778918)
(-0.121496158138623,1.32231921622443)
(-0.963627507233708,0.236820409384993)
(-0.195112652178377,-0.999468139748451)
(1.28899512448486,-0.761779450002140)
(1.66064114261400,0.686731247749613)
(0.517467510730784,1.56817296662940)
(-0.661174246053007,0.896719461171714)
(-0.485463329330092,-0.324598241676213)
(0.588965861666789,-0.517931321630426)
(0.984988002792128,0.390608360594600)
(0.155670321840438,0.963414398252232)
(-0.712925897119914,0.241102618158818)
(-0.323408511997853,-0.957671557391545)
(0.988096936868311,-1.12046279325158)
(1.67947010929965,-0.0294786743199801)
(0.995125096826485,0.960638089124452)
(-0.0922546722197505,0.668059592302396)
(-0.155181562302814,-0.447541514313584)
(0.911137961644409,-0.930324489634610)
(1.85050775711725,-0.149644919580562)
(1.64825158831790,1.03807894363112)
(0.652075807243454,1.46706912213782)
(-0.0765514164300545,1.01323643415578)
(-0.112546183285310,0.460719522055041)
(0.0597539858265572,0.324394332196339)
(-0.0274243426355959,0.318008265799899)
(-0.160597606137108,0.0329562146040613)
(0.0794066613935511,-0.333782959076074)
(0.544094308790184,-0.287434866833762)
(0.658559343071702,0.144046944283619)
(0.276544271764390,0.356943755414722)
(-0.0389826269967298,0.0182962969744440)
(0.215535174513230,-0.410172802710812)
(0.730569956887111,-0.281231086251297)
(0.753167486764189,0.300116063604689)
(0.131479438676775,0.539719994394924)
(-0.400705226333811,-0.00123916345510614)
(-0.140405042225034,-0.775112850993228)
(0.663563489145916,-0.907146587322438)
(1.11282799992342,-0.292795680304928)
(0.781687639507266,0.306036572003376)
(0.180118270312715,0.255053225693944)
(0.00287474039778239,-0.216406296895984)
(0.242203509745505,-0.470648089942258)
(0.353917864379959,-0.390866377249282)
(0.156693332509683,-0.467417263372188)
(0.137074082269294,-0.966491953998527)
(0.715503634956355,-1.42080127673823)
(1.53877013169526,-1.22069866712564)
(1.86256338745444,-0.496754522193946)
(1.55072471483258,-0.0136930603699537)
(1.29178063547847,-0.146068951725166)
(1.65926982812090,-0.328565772388424)
(2.25621445650114,0.202777720123305)
(2.14901145520946,1.31632650728978)
(1.08746591597276,2.02128777267640)
(-0.0895951449849411,1.65609095024841)
(-0.433544569662319,0.705702838946920)
(-0.00136556655853056,0.182603659207544)
(0.323322298845073,0.382975074714186)
(0.0272888887102795,0.632087658218637)
(-0.415462400301636,0.297723191525054)
(-0.289376344916321,-0.328354041791972)
(0.312038164565503,-0.463329880039125)
(0.579509459162169,0.0354879397175471)
(0.106370969331122,0.406873515340951)
(-0.491658258729468,-0.0179700686796154)
(-0.328465717880077,-0.878451692451172)
(0.590459223468521,-1.17684400776837)
(1.32373121863074,-0.519874961369646)
(1.13872916190570,0.392414470083201)
(0.371620769393345,0.647313962746299)
(-0.0745559273943656,0.211397852766306)
(0.111850913662830,-0.154708973084300)
(0.352392734330452,0.0274333795120491)
(0.0672456607622658,0.345415988188042)
(-0.489875466752563,0.132985312503949)
(-0.575653227732805,-0.547804277014505)
(-0.00563359577567034,-0.923567652286657)
(0.511184203014542,-0.525906389128842)
(0.233079767645189,0.126337454891268)
(-0.641830960712450,0.0959423189697878)
(-1.13564049038442,-0.835204498336372)
(-0.608886376483728,-1.86167262398282)
(0.509695401347322,-2.04788713606863)
(1.22104361977200,-1.34316057340274)
(1.04569078899422,-0.562005402002690)
(0.451161062802798,-0.442137618527064)
(0.231971421157236,-0.901953915867408)
(0.642089091647405,-1.25338916423266)
(1.21406651453987,-0.997951811700360)
(1.32410648120421,-0.303999449542526)
(0.812462820168846,0.234523977256491)
(0.0759073250406391,0.187633093108381)
(-0.336736640526477,-0.358451456121811)
(-0.197950672910226,-0.925322393517783)
(0.230546415151714,-1.07194876275582)
(0.438753728086714,-0.781718172155412)
(0.140583494540052,-0.496716344040239)
(-0.408429228378713,-0.719010768284212)
(-0.592409994669603,-1.48195453222044)
(-0.0355630577171552,-2.22241716549920)
(0.953197116783930,-2.27865467301801)
(1.61668014508212,-1.56253900731038)
(1.48326133375305,-0.671600196333389)
(0.807029704650238,-0.279866489522302)
(0.219688383278243,-0.487408216250149)
(0.0295268769230960,-0.867115302193474)
(0.0178349997306646,-1.08501845940065)
(-0.0810776490574337,-1.26275851275359)
(-0.129558308324747,-1.63373905067871)
(0.186154348989842,-2.02570524658493)
(0.762575148942790,-1.95603531369242)
(0.980603368102449,-1.28433262152369)
(0.328970318315252,-0.568977475380715)
(-0.989026231718404,-0.624933913704165)
(-2.17744206154442,-1.79887062328302)
(-2.46276002317887,-3.75462004061698)
(-1.47183201352591,-5.77570795784303)
(0.740737493109216,-6.99370685626194)
(3.49745522350389,-6.48247760614069)
(5.18329803490845,-3.87606421459236)
(3.85910250280757,-0.525645271718477)
(-0.700578318558860,0.328605486444140)
(-5.26797539817852,-4.13811451756127)
(-4.51614333754578,-12.7681478671456)
(4.27624539188853,-19.4674488957322)
(17.2050709235115,-17.3940687920016)
(25.3511120577341,-5.55221154820410)
(22.0748182335866,8.72766759998528)
(9.66070828820192,15.1170956840383)
(-1.68848727406078,9.42650418500090)
(-2.57167897806010,-2.12731659155218)
(7.05457860188734,-8.19784834218016)
(17.7858234061189,-2.52854059395074)
(19.3723639895103,10.5437693910758)
(9.78856245314258,20.3801462875759)
(-3.62896901617287,19.6615674569034)
(-11.3399147710345,10.1509365069613)
(-9.68005920065262,-0.100118232742152)
(-2.61554285190938,-4.34045802246724)
(3.16056115351926,-2.02977663488738)
(4.10644020791403,2.52478650161587)
(1.46641175139735,5.01232901287030)
(-1.42967305764250,4.34877564600532)
(-2.49030976243229,2.16644513883069)
(-1.84043109605665,0.411490314960896)
(-0.661746578185512,-0.187096583581216)
(0.149242332567819,0.0307461200152475)
(0.361258011340858,0.453215598688200)
(0.155845903273206,0.646988889477237)
(-0.114009143388501,0.441804049873132)
(-0.0899866223915462,-0.0258147395450973)
(0.334378410954129,-0.363932113957697)
(0.855163068486580,-0.254480711315048)
(1.01269976578303,0.180403663536068)
(0.690309486165642,0.447562110478129)
(0.281433315560812,0.195315343573274)
(0.290398074938551,-0.404153820882138)
(0.823446694771754,-0.845271877840523)
(1.54255287374524,-0.796420708127088)
(2.05297961189223,-0.329306003858915)
(2.20430059141254,0.292355454793506)
(2.02554202958502,0.871714043304966)
(1.56408937736212,1.26599533485103)
(0.945671699519084,1.29171700898305)
(0.499481324176919,0.872075273434545)
(0.572429972448672,0.293512895246911)
(1.09957914158150,0.100070558050338)
(1.49789015571748,0.542250788655630)
(1.20389539985738,1.17579080096640)
(0.361356954395181,1.20965651223501)
(-0.177486654007132,0.366765829296430)
(0.314393018062699,-0.681346319720654)
(1.60809454565332,-0.883888449485331)
(2.62542176584327,0.136126370351090)
(2.43984277194943,1.64798911783526)
(1.15828324627184,2.47440482533150)
(-0.208075418925584,2.07470656660406)
(-0.714760745822333,0.965869048244480)
(-0.295560687903687,0.125756140657391)
(0.341526334001155,0.0562903624796855)
(0.513978638324401,0.441395410429610)
(0.190262196660263,0.637734561076438)
(-0.141370240356965,0.387217737125639)
(-0.110950019076526,-0.000196638550944582)
(0.127365012980846,-0.112049906589135)
(0.144036370214259,0.0320874189151633)
(-0.185026808565392,-0.00273168253125292)
(-0.460729693727897,-0.517386208351873)
(-0.194255033845777,-1.24086121044573)
(0.582248177602845,-1.55811499064814)
(1.26379117798769,-1.20180329758937)
(1.31597556478340,-0.613815811461328)
(0.911678236657000,-0.490311754821082)
(0.780549163579140,-0.969902322812142)
(1.37006905471952,-1.41831570068346)
(2.27643811391233,-1.12837584822428)
(2.65867410645936,-0.153628340533685)
(2.18665448510545,0.730707513600300)
(1.38237659173025,0.918817130655824)
(0.926658948981383,0.621837848959592)
(0.817865523162688,0.446638123782128)
(0.506368138191388,0.458283889732203)
(-0.129481393619953,0.0258037417426599)
(-0.305385960623420,-1.21146188922474)
(0.813531141913109,-2.47934785921446)
(2.84055698051150,-2.42171799320085)
(4.17558835445265,-0.670358693614791)
(3.59503220883630,1.43657625152282)
(1.70007007847437,2.07834403427786)
(0.419145974936169,0.903521436348016)
(0.956254390542669,-0.546131088392918)
(2.48993632970184,-0.532531099920036)
(3.14943713194446,0.966861720608551)
(2.13795030000295,2.33400376769118)
(0.525756932793732,2.22959652186500)
(-0.138700192473051,1.04422860351401)
(0.368686860050752,0.215126680886612)
(0.906837480894011,0.383143455645452)
(0.605829800882227,0.721514055980737)
(0.0268355476471875,0.200287948622938)
(0.378711134997795,-0.912878087613410)
(1.83352820307477,-1.26971177714444)
(3.11814887317334,-0.112640164378752)
(2.92568969256736,1.70495173935223)
(1.40931287484967,2.61892497293343)
(-0.0389075288013302,2.05520667780940)
(-0.370026355822848,0.895898050379613)
(0.128321961534500,0.291207176982602)
(0.488031098229574,0.397375785088742)
(0.337565036064156,0.515331599870184)
(0.167371396855429,0.211103509543178)
(0.440080900683356,-0.149537651293820)
(0.890920142540285,-0.0493542436465964)
(0.941180482918457,0.382112190689659)
(0.545619544631317,0.548116123722529)
(0.247327061781730,0.228273993590285)
(0.395892745666180,-0.145079622921952)
(0.680933553879128,-0.157845593115363)
(0.663056531301209,-0.0331494524391852)
(0.520383949303197,-0.255657563088094)
(0.853588707148454,-0.703798410490072)
(1.70494105018217,-0.603498891580593)
(2.17434170907080,0.430469847701772)
(1.38321833682867,1.58010350030805)
(-0.264627973415060,1.48484742156365)
(-1.18473818482936,-0.182387495167800)
(-0.205351874542867,-2.08148343807474)
(2.07911828656668,-2.41722718169509)
(3.78036407317077,-0.754040077461799)
(3.54870377327115,1.55373560110159)
(1.78479853313103,2.74012000698155)
(0.0316525077040734,2.25239526560286)
(-0.599580190479496,0.956372942684149)
(-0.230623930267213,-0.0159007367295580)
(0.361168671957472,-0.314251853781512)
(0.724006778744575,-0.299222038912043)
(0.974102525204483,-0.297832331167952)
(1.30656859405792,-0.238726219658519)
(1.62252753897170,0.0477320197863271)
(1.71341608163434,0.484440608539540)
(1.58033373782620,0.859979301389357)
(1.37211172911803,1.12957916441395)
(1.09354313811616,1.38827464788732)
(0.603655497905898,1.56702878979739)
(-0.0408477823579175,1.38110665953494)
(-0.428365837450887,0.716314564047613)
(-0.169033815895173,-0.0453217948055676)
(0.592020111788484,-0.285331945169224)
(1.19985478934910,0.213736958598084)
(1.11149685254936,0.995639376162824)
(0.430905805615905,1.37368640125133)
(-0.241419310508150,1.09904457008828)
(-0.440520600653273,0.520727489116774)
(-0.228099951603201,0.130631708943703)
(0.0213852951015127,0.0737605541876683)
(0.0823980475458789,0.140496206257802)
(0.0352021187727301,0.121802874033296)
(0.0370596339246544,0.0333465757063248)
(0.0897664676024776,-0.00760294251391469)
(0.0903893250455851,0.00311478454434958)
(0.0259654719592358,-0.0403266359131941)
(0.00932843143887221,-0.173478277895409)
(0.113026127239737,-0.283249229821421)
(0.241887758927612,-0.248346051892498)
(0.225104337930247,-0.114699561306360)
(0.0221517504977917,-0.0786370386310166)
(-0.200696650141685,-0.287557397570268)
(-0.213497798221897,-0.675436422369051)
(0.0612584173745662,-1.00562514780194)
(0.473627328574497,-1.07880185683954)
(0.785051157034981,-0.905708199022849)
(0.889494579730775,-0.675268935537219)
(0.893210950103835,-0.540563497868875)
(0.949090085617982,-0.445389149631050)
(1.01029777991564,-0.216475641673230)
(0.824283827757195,0.131933555832850)
(0.273309753554347,0.254087008654295)
(-0.295045243807565,-0.207111487818393)
(-0.262027098607330,-1.07865517665773)
(0.552629721731880,-1.58592679684491)
(1.42747638974538,-1.09255344893675)
(1.28201683767019,-0.00281520224746264)
(-0.0738176235090751,0.315370748895592)
(-1.33108288524060,-1.13618648606344)
(-0.693337363482932,-3.63527714126823)
(2.23417741280560,-4.99269620823432)
(5.65431809240012,-3.50562986899707)
(6.97718211967297,0.249225243346852)
(5.19019698475238,3.73963485488942)
(1.78913177595353,4.74186239271412)
(-0.714613832334132,3.26475492946587)
(-1.12218473594981,1.19976053808568)
(-0.296335872717691,0.237837366589039)
(0.227973995198947,0.390957501342739)
(-0.0241499147842839,0.554723548927391)
(-0.326219163503295,0.117900634633111)
(-0.0469789374523416,-0.418402840614792)
(0.447877670866046,-0.384788119586100)
(0.405862463533137,-0.0149739291156215)
(-0.126710269598438,-0.168641084966272)
(-0.208353612057530,-1.08915046973859)
(0.808439596139607,-1.87989043290888)
(2.31827246894902,-1.46601929396392)
(2.99724923935431,0.106171080194554)
(2.22816773647887,1.63014577076981)
(0.724742710888947,2.00392854865918)
(-0.315932111845491,1.28656657718565)
(-0.434922030932280,0.394298736081288)
(-0.107041349821180,-0.0129505963330748)
(0.0896720949224899,-0.0561608697987376)
(0.128958764325591,-0.125377007463596)
(0.275366167726317,-0.232239566983657)
(0.489590353973514,-0.114689795351449)
(0.434167374538581,0.202085263479929)
(0.0293412341591760,0.313873208437763)
(-0.327517184320630,-0.0142931728859641)
(-0.262773609909863,-0.477328365401653)
(0.0573692800013753,-0.627822304847331)
(0.175679803050455,-0.503961207178018)
(0.0413873466782271,-0.555552109790755)
(0.127219574402649,-0.913697939964765)
(0.702248387728842,-1.05980727915103)
(1.25468970143739,-0.493148168870161)
(1.00439986953290,0.425698546287569)
(-0.0158070287796136,0.702401845804720)
(-0.772326937259804,-0.0768080730976695)
(-0.396534511464742,-1.06068290763472)
(0.645691306274941,-1.02358688647483)
(0.950502813843231,0.104541506097455)
(-0.161914276580472,0.987652906798061)
(-1.71271416041995,0.384055248042141)
(-2.10818440276352,-1.34111847947107)
(-0.991081385472602,-2.58196103172613)
(0.362343240576168,-2.36513030673805)
(0.626410295519558,-1.44132413050539)
(0.0255411034207825,-1.22090458678237)
(-0.0924421529909179,-1.90120763114771)
(0.820125439407304,-2.23089448940324)
(1.63749236884205,-1.29748734656582)
(1.04583276794388,0.00237799991885689)
(-0.441077887622153,-0.0300887419249649)
(-0.796447753204588,-1.42174759111814)
(0.764609033714128,-1.88721410429808)
(1.91498346610203,0.489364753906291)
(-0.785743284991331,3.99723229408437)
(-7.44130841103861,3.77524036008073)
(-12.9477126259764,-3.32676803975269)
(-10.8670867950166,-14.1797848521826)
(-0.0939429658954964,-20.6038599784334)
(12.5240396884128,-16.4333690383465)
(17.2681337918058,-3.98262772361830)
(10.3079527901663,6.90601062317300)
(-2.22155446801568,7.18930285386667)
(-9.21983472019716,-3.19616951129831)
(-4.36551947987384,-15.1401075144396)
(8.47619760423417,-18.4626359717389)
(19.1166192128604,-10.6736554195317)
(20.1846002825362,1.65921968587875)
(12.8187285980590,9.57024647317417)
(4.16067989739931,9.44487208426265)
(0.123298874890223,4.68405750672177)
(0.880749731452066,0.850214222377002)
(2.70860491382472,0.162441399100804)
(2.93877904695050,0.765631320944497)
(2.30402309866411,0.328764841587538)
(2.82844826614916,-0.898232418304945)
(4.63045143693565,-0.901187252394352)
(5.65517045340342,1.06082969682161)
(4.32384929318222,3.22827865762755)
(1.58070251043730,3.31933976950667)
(-0.123520343815249,1.10538120957030)
(0.525389782854292,-1.50453235637852)
(2.65678392475512,-2.68135283980645)
(4.69037751407764,-2.30201436558501)
(6.09154483901034,-1.22884372515258)
(7.16715485181217,0.297382051860740)
(7.59759329818344,2.69961389169487)
(6.21297025329087,5.53391359175660)
(2.72681998996009,6.86280461239671)
(-0.878880966559639,5.03562444387368)
(-1.68659690063001,1.02662403765815)
(1.07409090497428,-1.82073750532610)
(4.76844368002228,-0.983999049773821)
(5.80258562314349,2.48335355851660)
(3.35428185540073,4.91880328791843)
(0.224982982789685,3.90054034349061)
(-0.224674772837306,0.753246877510638)
(2.36021420707990,-1.05850320414334)
(5.21031544825887,0.264101538119642)
(5.68619827022126,3.17627227758312)
(4.02710448992319,4.93291572434675)
(2.55055561797717,4.79017644368677)
(2.56165638639698,4.49171179250342)
(2.80287134653316,5.70594554900146)
(1.20131462168878,7.69493650016186)
(-2.34317683983837,8.03262224048190)
(-5.51092531922693,5.44006852166089)
(-5.94022720648013,1.36574519961623)
(-3.64055135750122,-1.44183838030758)
(-0.805584629475655,-1.62466286479768)
(0.512844142193567,-0.207518977378448)
(0.176763344586858,0.877193340043612)
(-0.497969711649024,0.779618084043503)
(-0.455849261828442,0.128699571388729)
(0.190472568382150,-0.130958298158611)
(0.735553429332120,0.200289439277846)
(0.837664620033895,0.689629105713319)
(0.683790370821214,1.00372517520126)
(0.487634689878849,1.18317600745557)
(0.213345128980521,1.30574447329974)
(-0.168129906745433,1.24292116396200)
(-0.444409261314704,0.897355260152140)
(-0.394717049377840,0.477484680414345)
(-0.141912241955026,0.297394633734529)
(-0.0338335879847770,0.340736355286059)
(-0.145467355260862,0.251180841475475)
(-0.104626028323771,-0.149984751153425)
(0.430989023621335,-0.499476289312671)
(1.21562247567375,-0.244913106998923)
(1.54380599624130,0.644756487855410)
(1.00680183258449,1.49816403229566)
(0.00371234419300865,1.58360351555091)
(-0.621165961534855,0.872001399950629)
(-0.425115834473963,0.0559738743689146)
(0.240379212569042,-0.177997716525225)
(0.675595522350107,0.202250047612310)
(0.556470226582363,0.670797761698891)
(0.150111289963077,0.769970238479316)
(-0.101740416908647,0.525908018849111)
(-0.0653804775208758,0.273377233626100)
(0.0529182615240583,0.214794137486176)
(0.0433532991981805,0.248346633709797)
(-0.0648383572875487,0.180717567472593)
(-0.101566170396086,-0.0136184894091913)
(0.00291616078188679,-0.198053445186669)
(0.155869522183010,-0.278667893825289)
(0.265146074516354,-0.313228088283618)
(0.383783583112996,-0.387864928586291)
(0.627792661818135,-0.435726154122023)
(0.952111744849470,-0.260086182627983)
(1.07550033047038,0.208829871237563)
(0.721083362815737,0.697031587783435)
(-0.0148027839429485,0.717837665049898)
(-0.576495847445002,0.0316770691858179)
