16000000000000000000000000080.
0.040000000000000001
(0.675818685403237,-0.497478009374838)
(0.615727792115368,0.108982288249901)
(0.0641771656756673,0.228462681547176)
(-0.200563515617599,-0.164353616939941)
(-0.00249938009436476,-0.385534464065137)
(0.0412348238830913,-0.164145432699362)
(-0.447200457569759,-0.0967704077007433)
(-0.894397850648697,-0.741491347816539)
(-0.489350643221612,-1.64510928661785)
(0.608810623160934,-1.75916914062291)
(1.27251999853349,-0.787625747510257)
(0.720807340091007,0.329854343714147)
(-0.541110468376776,0.490408578228204)
(-1.37708201065620,-0.314902253309320)
(-1.39070702173601,-1.16049156770719)
(-1.23362874893236,-1.47375708569824)
(-1.53978994911179,-1.71674564103397)
(-1.97881398971294,-2.62143447420986)
(-1.66947692414194,-4.08101583277676)
(-0.335284026242127,-5.17494622390091)
(1.33132780115575,-5.22636081925772)
(2.47673167133909,-4.48140314614964)
(2.92698984621075,-3.64846837879024)
(3.06678293279939,-3.07664274736792)
(3.16666295020277,-2.64300268965298)
(3.17839677674154,-2.24795476742315)
(3.11441984112990,-2.00991391885234)
(3.21260171784944,-1.90649289401804)
(3.53211695782488,-1.58478217733856)
(3.65164379026547,-0.808327626889970)
(3.08462108806379,0.0651275707571843)
(1.92580342987102,0.353928912821930)
(0.813968992688818,-0.226251109991497)
(0.278418182769395,-1.37189572370820)
(0.443066244597625,-2.67898341459250)
(1.39343567857162,-3.86713244816999)
(3.24221191909556,-4.31261914683050)
(5.27130400649808,-2.98132679312166)
(5.40568244672153,0.195748085342989)
(1.80446797662478,2.74249068702223)
(-4.15585261761066,0.605668389364779)
(-7.08229700722449,-7.80642791356095)
(-1.39819352942190,-18.2099113302038)
(12.7992081440175,-22.2148519525189)
(27.8714256851027,-14.0727443546877)
(33.7560372315216,3.56632804053135)
(26.0379017925102,20.8227200496649)
(9.53127187513119,28.0834866222468)
(-5.83176736724474,23.0217203977261)
(-12.6217755074920,11.1322471668901)
(-10.1990416869740,0.382259182302217)
(-3.08834161582637,-4.40145705295870)
(3.42714365812700,-3.12327586382043)
(6.24509125812161,1.43449336922783)
(4.87226228912133,5.90315657067044)
(0.858974099040329,7.66337746080490)
(-2.93665452079025,5.83887383635540)
(-3.87404034561012,2.00962409834119)
(-1.62232513620235,-0.655079915826785)
(1.27152505070862,-0.111684271602809)
(1.73222029234936,2.42339832753026)
(-0.573696039442453,3.64063624918218)
(-2.79554166778147,1.79720316412787)
(-2.14281764711482,-1.23395386394635)
(0.815793695117997,-2.12050604608859)
(2.79422293055579,-0.0297451292452787)
(1.71580790121434,2.36652933057401)
(-0.797304635176355,2.11626295455853)
(-1.40624140705393,-0.455515336562610)
(0.918269519354848,-2.16441928369147)
(3.70334589206127,-0.779846973310700)
(3.93151345658257,2.42330657662654)
(1.43941207576427,4.29981364342140)
(-1.21945852074589,3.41580131833797)
(-1.89420006026899,1.24934144018017)
(-0.944976022172153,-0.0167991036786323)
(-0.0993808851081833,0.0259033278904931)
(-0.0603973515723607,0.217981540955279)
(-0.0502115263173402,-0.118599936782491)
(0.532551106188002,-0.324711668536463)
(1.00193471615169,0.268872642567156)
(0.430028161391259,0.993547118708610)
(-0.736332563093066,0.558594040490221)
(-0.916278215350201,-1.08812137233205)
(0.656172109465355,-2.35930799771488)
(2.81398470554934,-1.77929808737541)
(3.67699874163400,0.283220355189439)
(2.70838481516289,2.05341613591144)
(1.11594109054970,2.33542403526805)
(0.297592273483222,1.59105808252159)
(0.394969900802252,1.01740906570604)
(0.580626431095597,1.06116369000154)
(0.347762897017237,1.21486084730816)
(0.0114332678984075,1.01086143030112)
(0.00349883393531206,0.660311016491979)
(0.189328092532172,0.583862407860037)
(0.152055352891686,0.723863859217706)
(-0.130860354084980,0.673560630144681)
(-0.276024526707172,0.328735604215376)
(-0.102653844610545,0.0295612219325273)
(0.109425106442401,0.0140876922720995)
(0.0899228615511657,0.0609149642345765)
(0.0206176338162439,-0.126317856788863)
(0.246949570932179,-0.399299084681679)
(0.687901334963961,-0.337569564038524)
(0.861617709538469,0.108230845031071)
(0.541808887346656,0.463001534503691)
(0.104417483010786,0.333297035130165)
(0.0442988159790459,-0.0720539646146052)
(0.335611168222461,-0.244039688203961)
(0.527414408231509,-0.0557931430091424)
(0.393889414161887,0.139685956216551)
(0.183196039459787,0.0740110254611532)
(0.161908821078853,-0.0904738073840631)
(0.220327048820133,-0.113315351438352)
(0.150203193263038,-0.0883106287192715)
(0.0720464585661840,-0.200235181563913)
(0.189615389510322,-0.246565873632581)
(0.182097686608676,0.112048099168199)
(-0.613421932987669,0.515392275394332)
(-2.08142124823647,-0.157268680944716)
(-2.77667317298012,-2.46145552653471)
(-1.18091120518435,-5.13876967249669)
(2.33758707085936,-5.87452777768934)
(5.35770320923660,-3.68676027506044)
(5.69008183026432,-0.223895196688119)
(3.66098562233043,1.82220525499995)
(1.63435695699721,1.52541551463224)
(1.26270606520212,0.440118196293749)
(1.79678237296569,0.399693724610958)
(1.47116772953795,1.21490861215989)
(0.0630748569772206,1.17330867818785)
(-0.751698579080492,-0.423886088528832)
(0.317773506069209,-2.11234716990577)
(2.33161788322148,-2.06545431638376)
(3.21536334655823,-0.461044175211543)
(2.37723874671739,0.752403785445359)
(1.37368948566289,0.400890689819050)
(1.73984253376862,-0.442760527276447)
(2.89383652773204,-0.0196071367153442)
(2.93392133230460,1.62499194278748)
(1.27003700916498,2.58599523124886)
(-0.446889046652081,1.59140906218960)
(-0.381126161749657,-0.265953079108885)
(1.14305321028257,-0.874189450052242)
(2.09064920802605,0.238783686916263)
(1.33353368202401,1.41276425046431)
(-0.0216060926732776,1.09792899654326)
(-0.257895263451683,-0.202267764649226)
(0.661730072356721,-0.816033457038564)
(1.22388238983437,-0.289721063512148)
(0.645885757571193,0.0281864304932427)
(0.117922998693690,-1.00491773176802)
(1.24530383775198,-2.48865671872130)
(3.73516118509046,-2.37626731158938)
(5.42717894937113,-0.0249090528288692)
(4.70698992086103,2.87403051800171)
(2.27980937698691,4.14607389638961)
(0.202466503696457,3.40367226296784)
(-0.414677186792688,2.04212032133897)
(-0.185164768737488,1.32382953195630)
(-0.123316121915528,1.15752418694646)
(-0.309369035998346,0.843403719737614)
(-0.209262741084840,0.320723443489194)
(0.218874402208583,0.105018606176455)
(0.435018931639022,0.286040920813729)
(0.270654736893905,0.313035787977946)
(0.292761333805049,-0.0682786572866109)
(0.888058949997782,-0.254003329668778)
(1.44998072726007,0.370321683601643)
(1.06402517972154,1.32883586802657)
(-0.116435801809374,1.44402098877645)
(-0.819886829724665,0.395881931187979)
(-0.226359866710898,-0.690773609864254)
(0.900507219292904,-0.606412064189518)
(1.15358772019475,0.363989145102469)
(0.327862990327515,0.812992073812138)
(-0.324231384976386,0.102857691573460)
(0.183579620575829,-0.778854869263240)
(1.21002150440004,-0.592725830249800)
(1.37473298534100,0.425171730015449)
(0.484816162452105,0.883631777354990)
(-0.187120220208338,0.184284311658431)
(0.301582760370133,-0.621584663605712)
(1.18982476298146,-0.316780801819706)
(1.04343595778279,0.686955350599153)
(-0.159411610864439,0.801543735619582)
(-0.800306374538326,-0.537771555236449)
(0.297907287629588,-1.91099946099116)
(2.21658579915372,-1.60193229142341)
(2.97250955055184,0.223987802995789)
(1.92641915792184,1.71945330906150)
(0.432078723684618,1.64358607153826)
(-0.0226249728070861,0.710488577657634)
(0.393487569980045,0.343231589376650)
(0.452744181650566,0.709859562585966)
(-0.197559713058439,0.741959669029297)
(-0.574196217749509,-0.0781837861336993)
(0.0623011488975231,-0.854912327071080)
(0.991155410852728,-0.600151598279049)
(1.02652665244532,0.238163169612422)
(0.296605967841358,0.366441389055747)
(0.133038747629240,-0.414603408462860)
(1.08640883993737,-0.780783511877986)
(1.91794599552717,0.230072252604140)
(1.20961649881887,1.62514538687335)
(-0.513641945920394,1.58617020643869)
(-1.22771087630268,-0.0241721600153267)
(-0.0579489599647925,-1.26641814257349)
(1.43532640830717,-0.605254409842116)
(1.24928627646443,0.996976819648795)
(-0.364103358655030,1.31528207784832)
(-1.20328785553242,-0.125513807893647)
(-0.120245953645828,-1.36800319584101)
(1.36026466251315,-0.698321978820350)
(1.11006512377962,0.943680921570616)
(-0.622048992334521,1.20680196395743)
(-1.48108520418870,-0.396090694690170)
(-0.270013523114711,-1.72938535722681)
(1.29515333787396,-0.975481424774341)
(0.908534168100926,0.734893259102979)
(-1.02286926204564,0.772463386465119)
(-1.75775506987996,-1.29268162513961)
(0.0279428853110074,-2.88231936649679)
(2.23792855651127,-1.83061979398670)
(2.05566358799886,0.542748008923316)
(-0.172039726958807,1.07004809632815)
(-1.26642357666832,-0.943153641668519)
(0.467081776561335,-2.63617171924374)
(2.78881304417310,-1.44297225939123)
(2.48069681975280,1.28351524103838)
(-0.179169179669563,1.98593872087868)
(-1.66104749277453,-0.193201623220653)
(-0.0460343048976224,-2.09953362736372)
(2.16397284305798,-0.914323000208933)
(1.44432367377924,1.72598127090159)
(-1.61935713346169,1.80696991558500)
(-2.79291964614375,-1.30472160780132)
(-0.107595067741054,-3.50485680629355)
(2.87953129188794,-1.47346747781431)
(1.61157481443044,2.22693468100981)
(-2.78601572457420,2.05795300030208)
(-4.20554247073391,-2.69885665373838)
(0.233435190441402,-5.96127891984419)
(5.25468232733408,-2.55329920284099)
(3.55009760279887,3.95511693843099)
(-3.90189685197110,4.64442910078869)
(-7.42097725524099,-2.84460606690494)
(-0.742387595315333,-9.22564903678065)
(8.82238361874544,-3.99505425743682)
(6.79618576667609,9.71783940948278)
(-10.5127041052698,15.1199076393455)
(-27.7471949064335,-0.243189463187021)
(-24.3208973802097,-27.8517167975301)
(2.93170258736296,-43.5019718227052)
(33.7361092452565,-31.1145895777516)
(43.2235253818180,0.254962871878285)
(26.0800557804281,25.0786407271383)
(0.305710581804756,26.3970926494714)
(-12.3707686612409,10.3802001456821)
(-7.19729238880721,-3.64486489693555)
(3.14390675963625,-4.36632669515324)
(5.56253477626413,2.75012412894283)
(0.00799007745224851,5.95681692415244)
(-4.30931619872438,1.79929485931149)
(-2.06092127897964,-3.15469648921822)
(2.65811834726748,-2.63918872112662)
(3.33257566958306,1.55664805924448)
(-0.315010932527783,3.28995263596876)
(-3.02532852258558,0.605003014457979)
(-1.64550792911475,-2.44333941677284)
(1.12028533549847,-1.98140297634114)
(1.13369863385529,0.672607689134173)
(-1.57199487743342,1.59505323480139)
(-3.71369332542157,-0.100372446451231)
(-4.10940808649208,-1.84569985589934)
(-5.14768055696534,-2.63886365342524)
(-7.96598728534453,-5.55777874048814)
(-8.52324845202432,-13.1635372710182)
(-1.41382126031488,-21.6427483257380)
(12.2183649409629,-22.6455367889998)
(23.1035378973011,-12.4486945619500)
(22.3917410789729,2.14909478182421)
(11.5015892209098,9.33883913898344)
(1.65686016578863,4.24848222817791)
(2.70363046874960,-5.76967905755274)
(13.0864181921511,-8.65379355040822)
(21.7589272054258,0.0703711065121098)
(19.6390041212182,13.2736323756463)
(8.18695389376578,20.0717569894388)
(-3.28098312751559,16.4176726927298)
(-7.36294745089482,7.51126270113146)
(-4.58886149291998,1.01698503934844)
(-0.505643022778814,-0.373839942858516)
(1.19615412921009,0.522782911447573)
(1.48417355523727,0.535702648742476)
(2.80340005258081,-0.0199635400124046)
(5.00285263006136,1.16922216548895)
(5.46024231993727,4.47399302228344)
(2.68953676638091,7.22831691486770)
(-1.39648430344753,6.69533630842654)
(-3.35997329378156,3.30064253830963)
(-1.95123989584915,0.254067076877874)
(0.653116304428419,0.0698535708148836)
(1.38335378558047,1.97959106035918)
(-0.371297958326216,3.02883844403359)
(-2.27146257633845,1.47020823948746)
(-1.77636576730153,-1.34060576989194)
(0.998225229098687,-2.52992482381237)
(3.42309270646177,-0.921442353095013)
(3.26974567340219,1.66430612591530)
(1.17576501365329,2.42423938004476)
(-0.0399007505308406,0.694030217299724)
(1.50467618677228,-1.23281549351385)
(4.56571489665820,-0.527309660411109)
(5.91292400006422,3.06915070773673)
(3.63834189807925,6.77738724323321)
(-0.845252948404530,7.46856996495614)
(-4.17851349430488,4.68286640251295)
(-4.27688200925572,0.886417153559896)
(-2.03631296320649,-1.10399125881112)
(0.0182694052009156,-0.676854804434850)
(0.381323915959752,0.569199671804258)
(-0.349914087136663,0.940238638489530)
(-0.739299084588569,0.316770340443057)
(-0.287566930695627,-0.253382156076717)
(0.305028255906250,-0.108725013020898)
(0.316164072193847,0.334306022537482)
(-0.0868315445328399,0.351289662069619)
(-0.240663758483814,-0.112363537894378)
(0.0769462485036279,-0.517967949380390)
(0.479378860544678,-0.563047548718731)
(0.666491975908800,-0.521678320645125)
(0.887682507237895,-0.677753385388577)
(1.49303280734413,-0.751685178066354)
(2.23647376958645,-0.211854370458711)
(2.38321399236099,0.906841020110776)
(1.58698329252072,1.81684419456398)
(0.423418234769198,1.77555159567016)
(-0.152403404938087,0.926589366728921)
(0.191176851968894,0.151029047944564)
(0.882302505744332,0.111885183208480)
(1.16121277306114,0.631425657788279)
(0.876871593103158,1.05973846540424)
(0.463367773261970,1.06509420832538)
(0.284810020164644,0.870335509546617)
(0.252830572064742,0.784370110436884)
(0.121252793030805,0.766473987419820)
(-0.0732957877010420,0.587519361487420)
(-0.0717885657921662,0.265679600477674)
(0.171697088875987,0.0993903402278806)
(0.349923943733249,0.236998741190766)
(0.201164182183643,0.411666827125150)
(-0.0962305575679519,0.263098901397837)
(-0.116739775057970,-0.157562194342598)
(0.240518396818632,-0.407116910655814)
(0.570571580242089,-0.227159608876567)
(0.472778808428414,0.0705096676880601)
(0.118815135651487,-0.0252531114344807)
(0.0871516746075570,-0.520027059244115)
(0.588673575944795,-0.819938598535709)
(1.07531857021797,-0.486525528236562)
(0.861716221293895,0.0600962408686427)
(0.112459127268749,-0.110147693382276)
(-0.0819328230048674,-1.26479523368330)
(1.13165011141136,-2.38882643065367)
(3.18715621290405,-2.05870680979666)
(4.38425704977584,-0.0382014175381239)
(3.57516568384138,2.20923930871746)
(1.48327294259757,2.87166708220562)
(0.0828478971383307,1.68077642834429)
(0.556013152422163,0.248060414891877)
(2.02359056184618,0.358971233989351)
(2.50222985307158,2.03656547733484)
(1.07785934129932,3.52369396982039)
(-1.11137141079754,3.21438544861509)
(-2.15688390939761,1.36713950067015)
(-1.43159389853343,-0.290770809034639)
(-0.0950305140988271,-0.515810137937885)
(0.395760798291491,0.234521446525004)
(-0.0941156550818199,0.621870311378930)
(-0.497955917166210,0.125421455613170)
(-0.0687610543850278,-0.476562612927438)
(0.692734868578856,-0.290277086240416)
(0.801042130002507,0.481020767242728)
(0.132333841055979,0.845549892000216)
(-0.429745133782004,0.360296827070713)
(-0.185289709066501,-0.304424148363090)
(0.473971113103722,-0.289019594592916)
(0.632329100829569,0.314426013874668)
(0.0939261390480795,0.627364550862955)
(-0.378801220205358,0.199041036018192)
(-0.128993542406722,-0.389474743900511)
(0.494601112933842,-0.338415781949506)
(0.626100556761938,0.268252432013194)
(0.0776101844616003,0.584235792837116)
(-0.407785278997334,0.172667149305078)
(-0.193426389761187,-0.394404910485604)
(0.363489734369351,-0.343937459481430)
(0.418353742575367,0.203796390395848)
(-0.154613321022493,0.394036466093931)
(-0.553238776938157,-0.146815061603327)
(-0.166289285843238,-0.740112429577911)
(0.528677655755804,-0.571959809684908)
(0.585285362356149,0.149583427008135)
(-0.0926104158126680,0.445687185793094)
(-0.597107395041853,-0.0687198103259734)
(-0.308812846766107,-0.628457461304253)
(0.175076922549813,-0.434727200089043)
(-0.108050499961844,0.0894051534144617)
(-0.953977579193621,-0.204118660981032)
(-1.03139363664802,-1.45045654286002)
(0.296287199116254,-2.24276480644891)
(1.78821250060344,-1.34170587977486)
(1.66044644548000,0.485101076331695)
(-0.0404570273615447,1.14094805711554)
(-1.23009813729825,-0.147160608879275)
(-0.367451359475760,-1.62278838471142)
(1.37495559096733,-1.12456890823098)
(1.42033909660720,0.956925097381915)
(-0.766885248840536,1.88452398632229)
(-2.58797351087280,0.113907349474854)
(-1.46316313403556,-2.23656052178614)
(1.40554631143679,-1.59287495302871)
(1.69348810090411,2.34856833687379)
(-3.02358127351653,5.21529568322509)
(-9.59983568750325,2.27157254214544)
(-11.7611443466935,-6.02546793277578)
(-6.48419455224868,-13.6779521910939)
(2.64274541498462,-14.8039065325405)
(8.84272226409564,-9.29389982713476)
(8.61205919105545,-2.49484084959693)
(4.38197925521251,0.341483620349351)
(1.16178567567882,-1.34630054087339)
(1.48967432256199,-4.16534838053037)
(3.99315742248616,-4.95566938175954)
(5.98588534941622,-3.42710903177017)
(6.25519591803903,-1.18688098903561)
(5.22442085098754,0.459751385831469)
(3.59262136663953,1.10345810261145)
(1.90737802642335,0.494675171925364)
(1.17618160216035,-1.45809754633604)
(2.61214841004801,-3.69534694243554)
(6.02758448450898,-4.01528881884990)
(9.02622644717476,-1.08446370061448)
(8.81272007996381,3.62259077899765)
(5.09962076570218,6.69254007008533)
(0.692848579175677,6.01264636354427)
(-1.22927382058527,2.83661203100507)
(-0.176843365154257,0.283394275252268)
(1.65785506712961,0.0541670066683801)
(2.17743122526757,1.14504265758779)
(1.45192537814034,1.69025641782462)
(0.869770332896537,1.26814195751423)
(0.986201219668384,0.846352485207104)
(1.06013205608603,0.937474950785575)
(0.616950143328455,0.815827192306567)
(0.500619597585296,-0.120882125321934)
(1.70193025510923,-0.962565793748376)
(3.54578064837366,-0.138916141678534)
(3.96887799464010,2.36611708802709)
(1.91436895737709,4.44520522362177)
(-1.11900536756272,4.02814513283524)
(-2.51831448825124,1.48259213230284)
(-1.40808590641093,-0.738011010590020)
(0.508463498832800,-0.843118547000260)
(1.07662298270399,0.459158341290756)
(0.109235802650421,1.14436501161622)
(-0.781568069764552,0.407417039665768)
(-0.453605875143633,-0.629295484875202)
(0.421555782116753,-0.683870530209870)
(0.526506132325737,-0.0472421566971500)
(-0.185433177271438,-0.0323814410408272)
(-0.436471005581185,-1.03655657546744)
(0.567691635174294,-1.90448961104707)
(1.96296917904094,-1.44375051784314)
(2.28020113313896,-0.0378571199591847)
(1.32407391422809,0.804541510955512)
(0.391435677625382,0.365376606451167)
(0.559675184419094,-0.426501309937550)
(1.31094355756510,-0.297745879725742)
(1.28178027110784,0.648855149240479)
(0.125122601904698,1.05128427919771)
(-0.956290148894169,0.0703160840467159)
(-0.681468239651174,-1.48431212782300)
(0.741952445112436,-2.10548643255401)
(1.91631160075241,-1.35321425477196)
(1.93127715289006,-0.212648895865065)
(1.24363537858034,0.253879682760331)
(0.783565275935314,0.0888631583558678)
(0.681453318021939,-0.0110513054121632)
(0.371503636494580,0.0635712416688543)
(-0.214521803550541,-0.318095222133373)
(-0.246896564799150,-1.34034608969448)
(0.815636926547425,-2.00432828824193)
(2.01931558283014,-1.20465860931688)
(1.62696646705122,0.520310591486055)
(-0.690882830186424,0.983933193220541)
(-2.82132174763166,-1.37060044994350)
(-1.99702131155015,-5.31248066621563)
(2.20501936747899,-7.48505842354415)
(6.97210193050976,-5.56981712406372)
(8.69891380035800,-0.697206835389430)
(6.34362948857217,3.51922405053800)
(2.23155550396535,4.34804196958197)
(-0.393623036798185,2.20535368311409)
(-0.340901128464083,-0.332833034405575)
(1.05458424116067,-1.35551922280614)
(2.00754077203390,-1.12244638965147)
(2.25345987380228,-0.942497430100539)
(2.77957989417099,-1.17748632089322)
(4.02562973260081,-0.856358725459285)
(4.97776316216205,0.814212502819905)
(4.28738138080031,3.08683030238439)
(1.99287288380559,4.22770416339321)
(-0.299164096809632,3.36691739204238)
(-1.04216850503817,1.45370893441429)
(-0.308722216592919,0.201054550786940)
(0.481558924468862,0.261777903312399)
(0.266379620410813,0.714706673822531)
(-0.532603005295379,0.342062075320730)
(-0.688448856774024,-0.893415391017347)
(0.275647439815957,-1.88688601749337)
(1.54076940456174,-1.78688705648025)
(2.04207447608389,-1.00103200866245)
(1.76759826992114,-0.615433763000340)
(1.70560178476674,-0.988603260932249)
(2.51688220912658,-1.27445266426322)
(3.57434066523831,-0.490545588664460)
(3.59336570573832,1.13934058951773)
(2.17595606723335,2.21866992505653)
(0.461134610993801,1.65116768699444)
(0.0518146552574461,-0.0809028737120340)
(1.34760577799986,-1.29966358226721)
(3.10283198943901,-0.801385307824932)
(3.67980113241984,0.973868245090258)
(2.63152751380850,2.47470394687077)
(0.970802082408444,2.61075098834279)
(-0.0129010109935724,1.66515368454893)
(0.00355729465749780,0.711001447876187)
(0.357003190784911,0.369737124245636)
(0.402103659797814,0.334461417132939)
(0.250166806737724,0.0381684835546297)
(0.432387049047765,-0.501585206173366)
(1.03925905728111,-0.725894837717278)
(1.48898524663033,-0.359518443446372)
(1.25436763417581,0.0749728981877820)
(0.658716683938883,-0.220661838957775)
(0.701891333694989,-1.30519560497000)
(1.98882493051916,-2.19577235639603)
(3.91920940347358,-1.74101145295716)
(5.08944548829006,0.191774919198952)
(4.56068322636873,2.47680025620609)
(2.70410792213491,3.71058446389679)
(0.791960877484154,3.40504469933841)
(-0.168032126860417,2.21983355766445)
(-0.138523079775622,1.14610473652407)
(0.281927236990319,0.628388236195072)
(0.636693675610043,0.495130378699858)
(0.890421429022158,0.511294257143586)
(1.06547554723070,0.693810755009224)
(0.950301746251369,1.01905114365275)
(0.411046131389461,1.09303801207670)
(-0.121768606760422,0.467068634238558)
(0.159897181643272,-0.639291743700487)
(1.52434922805681,-1.19961355960385)
(3.07573709053535,-0.296996718277052)
(3.36433402181307,1.75035732910830)
(1.81924571279061,3.39326625835456)
(-0.500762406279774,3.21562238995350)
(-1.77276552035665,1.33398685977958)
(-1.10113646956062,-0.663079233249914)
(0.694921753821066,-1.21570353447203)
(1.97298760848687,-0.183562824056633)
(1.83213795638698,1.24346865917344)
(0.739740404207214,1.84792523661803)
(-0.229095750384829,1.43217963750990)
(-0.501815681888289,0.650419880194605)
(-0.289602776934587,0.110156284682608)
(-0.0145555019899632,-0.129706189564567)
(0.215831727973065,-0.276170126674188)
(0.505555861737063,-0.350752396240261)
(0.791946908410342,-0.212460429792227)
(0.824891580105933,0.0897405597294382)
(0.523919798852408,0.226968829194768)
(0.180862537266107,-0.0728807316087901)
(0.216142198002252,-0.703789715835183)
(0.801888715569055,-1.26124665745167)
(1.76964602634170,-1.36021357663457)
(2.76977463450037,-0.812386295123453)
(3.38425093785871,0.367937263869795)
(3.17866781225858,1.89195340337376)
(1.95190050700578,3.10127815207487)
(0.125739241177644,3.22964750700849)
(-1.27659852433725,2.07434077352549)
(-1.38269878850368,0.412194658809034)
(-0.344358094692947,-0.529330258371579)
(0.707745837717760,-0.219772048921383)
(0.781259912712342,0.637891461727850)
(0.0492203417295070,0.898031701522489)
(-0.427554399757863,0.269512941881230)
(-0.0104634128472714,-0.401184574983107)
(0.736826764963241,-0.229098958634391)
(0.774244100789583,0.562085550253209)
(-0.0637996542236400,0.891806284569087)
(-0.802710401242721,0.196703641112800)
(-0.538642149190585,-0.801331402866222)
(0.366898003963663,-0.965399826864341)
(0.664301539610844,-0.229027728191426)
(-0.202179114069257,0.178942441608823)
(-1.22862405524385,-0.836908245536272)
(-0.842771914773811,-2.80508885540889)
(1.31799791728550,-3.98378677201508)
(3.87807401643346,-3.11881437063574)
(5.04521498790561,-0.709159280576491)
(4.29376362380996,1.56222770301093)
(2.62827640998715,2.48273390488871)
(1.35425073921531,2.22165070387410)
(0.867370307495964,1.72233095551948)
(0.677021666236216,1.53670893734179)
(0.314587949190042,1.44921589818938)
(-0.0939673768423024,1.07141985811546)
(-0.144035624415084,0.472780883206749)
(0.229297928626109,0.0955947050155125)
(0.632631770570741,0.196322139768365)
(0.653654120534068,0.547498718121354)
(0.283648048368374,0.689206107634658)
(-0.101531883603898,0.376637821373571)
(-0.0898837474620510,-0.221264425684686)
(0.438368466473633,-0.664563916862097)
(1.20551033281280,-0.556791362865945)
(1.68435528382334,0.153642427344298)
(1.45445148261288,1.05613541956092)
(0.578102625047611,1.50544001477502)
(-0.349440428489524,1.13315653411707)
(-0.651063612541365,0.220070807113228)
(-0.176717582654541,-0.508633547296492)
(0.558880854221986,-0.549330292499783)
(0.903892365492095,-0.0713072826164164)
(0.704464383518563,0.339706059735115)
(0.349737354010181,0.333861787948555)
(0.237714135767909,0.0820305794400534)
(0.358165445277628,-0.0754979449662785)
(0.467866103818673,-0.0779769451044979)
(0.514173430993127,-0.0961929691603573)
(0.663785409323057,-0.140782753630917)
(0.917702071085710,0.0237380470791855)
(0.945714652292964,0.477838480132448)
(0.491306404964675,0.853022944746312)
(-0.165188260099653,0.679418098099284)
(-0.401492622703661,0.0141878571611312)
(0.0198576525608460,-0.508282917146275)
(0.608179728944351,-0.382961469710976)
(0.696631477339605,0.149918770214627)
(0.245368776352490,0.393626574792825)
(-0.129034355049438,0.0620150180766740)
(0.0433815424077700,-0.376659383108212)
(0.477818438683911,-0.330150045713916)
(0.512670212028281,0.124999968388378)
(-0.0120864817706848,0.318809267352866)
(-0.510881890700916,-0.162533445605970)
(-0.351278766479891,-0.940915752118480)
(0.400914328203897,-1.28573645218819)
(1.10025306920173,-0.937381034775977)
(1.27615646672851,-0.296620792291708)
(1.04343358591250,0.146248760462701)
(0.757748977269354,0.317964426028154)
(0.521777190714302,0.410583798788258)
(0.219292051560643,0.451421796892038)
(-0.107656688814512,0.285695231575965)
(-0.212095496309412,-0.0571032448820718)
(-0.0293955041678286,-0.264009910388117)
(0.128089922507028,-0.142346730709025)
(-0.0482940802393501,0.0590109054888563)
(-0.414009376255118,-0.0477474991498987)
(-0.547729186291438,-0.438212302938646)
(-0.363761710718237,-0.696266656739943)
(-0.262172505906262,-0.648591471011492)
(-0.506423153044773,-0.699090280796469)
(-0.681084593432139,-1.26127867087471)
(-0.130073926104120,-1.98275749687273)
(1.04154200440315,-1.93443588959546)
(1.76468943054713,-0.753242327047005)
(1.10209724001863,0.658721760724561)
(-0.567940145522217,0.923259084199415)
(-1.78948515515848,-0.316691423700258)
(-1.53761721572281,-1.96087835413666)
(-0.264610467302712,-2.63714546049339)
(0.715561276632915,-2.12180847636833)
(0.703309311548134,-1.37242705965638)
(0.201357815203502,-1.28445217460024)
(0.0837150604617099,-1.75008880519389)
(0.529901928889805,-2.02383859902413)
(0.970400483413102,-1.71510949440550)
(0.860135404027489,-1.15425012947037)
(0.202898619303726,-0.925272112312934)
(-0.601678081485435,-1.36761878602813)
(-1.05316128577690,-2.51643526891172)
(-0.610010662307478,-4.10334720046390)
(1.09429724687271,-5.36067216353782)
(3.63567787437340,-5.19102360360203)
(5.56672272412455,-3.14650890606395)
(5.44999870371822,-0.334954981089755)
(3.46159588422028,1.20998089936251)
(1.57667333226431,0.557108550004194)
(1.59388542418434,-0.928101645918559)
(3.02483713711076,-0.994050822384562)
(3.54562652249515,0.799935690481241)
(1.81847284382648,2.38012690069282)
(-0.664243945501444,1.61160717078256)
(-1.21605281691441,-0.924690911116200)
(0.707454885679750,-2.40929356192325)
(2.65452446403043,-1.18400551448851)
(2.10014759324560,1.10655207134466)
(-0.392916383092478,1.47605423083934)
(-1.84009414817526,-0.669137079686150)
(-0.605361011066292,-2.77914077626708)
(1.53192787676600,-2.43905960812849)
(1.73477415330756,-0.463627849445175)
(-0.176050664570005,0.270428250178344)
(-1.60959713997998,-1.27902037598452)
(-0.891690149651480,-2.98804244206967)
(0.326728049934655,-2.74734330453774)
(-0.474800669137161,-1.80378630580538)
(-2.51778151145023,-3.24787233626584)
(-1.98164202931944,-7.13350692830727)
(2.66817530166992,-9.03204036193445)
(7.04184794649962,-5.21245839335933)
(4.81425935364588,1.25822675663947)
(-4.04302597402278,1.91995364707227)
(-10.7549634950481,-7.96578472611835)
(-5.58642059395379,-22.4110784595206)
(11.4509247004410,-28.7641280041690)
(29.0165137792807,-19.7780794777969)
(34.6059695129969,-1.05833889435968)
(26.0692754277575,14.2570986449299)
(12.4989287685464,17.8780392628167)
(4.28716473724235,12.7115457628268)
(3.66519941870590,7.44225860841053)
(5.29556790499195,6.72484601036708)
(4.37320571557204,8.05533576600972)
(1.86024871257814,7.29519957008248)
(1.47390939946440,4.68397854440584)
(3.64594423874863,3.91780035171172)
(4.67982386366522,6.42754856189182)
(1.87276142564043,8.89504121396202)
(-2.44273542801697,7.34248496318126)
(-3.37918934337015,2.45322223986255)
(0.524161192572159,-0.763083056059611)
(5.24535176384837,1.32270880978401)
(5.65299056025248,6.76122619220509)
(1.05219389092836,10.1958582663767)
(-4.42034189026932,8.58204655580406)
(-6.48501250937434,3.84703086611555)
(-4.77265935939959,0.0683932336766855)
(-2.08890320549543,-0.864023415294183)
(-0.731739472255846,-0.219288722097784)
(-0.526746138227471,0.106339432816989)
(-0.189286429852735,-0.157439766828971)
(0.595178967821931,-0.128300614306399)
(1.09945209865594,0.493879353472600)
(0.960847380807432,1.06161787359278)
(0.714263857938447,1.13589102100568)
(0.821560833023852,1.14443412708766)
(0.891692671346035,1.56215729114429)
(0.355498576036723,1.99430037924360)
(-0.456922840384020,1.67802103174325)
(-0.573883919735100,0.728010457826845)
(0.245655478126438,0.223136937249736)
(0.988877912652874,0.818672529787043)
(0.621612157297680,1.74784118301145)
(-0.483596040962303,1.70420457232140)
(-0.906129955620315,0.563241405482858)
(0.0190124867994301,-0.341550243960122)
(1.27398814081383,0.151255769853784)
(1.35939701209085,1.54955836080101)
(0.123085540398885,2.28077258869972)
(-1.09397759299447,1.58557566085298)
(-1.12221516136563,0.335575747293966)
(-0.281049988776785,-0.169267349070356)
(0.242542007895635,0.223994705114838)
(-0.0135430558487653,0.563876068220661)
(-0.338987302202558,0.220139498503876)
(-0.0000506075638496070,-0.300697596502339)
(0.692499468327463,-0.173484301388804)
(0.842134084604071,0.523366515803075)
(0.249916178730910,0.886649286709678)
(-0.275124048661285,0.428916291605661)
(0.00399354980186141,-0.241217786607967)
(0.764957498843205,-0.221114192188091)
(1.05718258573992,0.501066527956612)
(0.541849642289638,1.06099270215574)
(-0.121527402263715,0.863639373384737)
(-0.198480740037869,0.298415396495835)
(0.187741008993864,0.119875167187448)
(0.343124769124313,0.418883594892445)
(0.0215058111601260,0.593772904733369)
(-0.272657237950977,0.280077676296571)
(-0.0722275639886337,-0.121342683627936)
(0.345262183700785,-0.0528836703276054)
(0.355026506334512,0.358068484349917)
(-0.0886939871163091,0.456425176618896)
(-0.347353441846444,0.0101807710592841)
(-0.00244572995498626,-0.412802371935355)
(0.507559784705491,-0.224886665578043)
(0.466057254622914,0.320170372074330)
(-0.0969613167982637,0.438145202680301)
(-0.400428137243107,-0.0783270089498795)
(-0.00851471074734256,-0.516867984492820)
(0.490557076046939,-0.231947585861364)
(0.261920105957675,0.367459179968202)
(-0.532796349320409,0.287777476493363)
(-0.805213375479563,-0.636472941530599)
(0.00297188852213719,-1.33811032863803)
(1.00682271514817,-0.854608616223103)
(0.910239966951771,0.277212695048555)
(-0.215875208253232,0.567914806059897)
(-0.846853569021146,-0.425597881170875)
(-0.00855933725233869,-1.27826227881674)
(1.12116818395418,-0.439712065666564)
(0.368913753275817,1.42747752398045)
(-2.55400087888730,1.65295393850761)
(-4.98924877533299,-1.43429770857952)
(-3.83155243901491,-6.07111696188350)
(0.934082412043360,-8.33973718160759)
(5.76025635308233,-6.11738085370509)
(6.94690952502290,-1.38318055676938)
(4.30697310519892,1.76053553508688)
(1.11208931142454,1.20800213193811)
(0.531588713888702,-1.36127206991960)
(2.59248984204001,-2.71523295395735)
(4.77855363423267,-1.51414690303436)
(5.08931379713922,0.828314957753340)
(3.86938882698693,2.31292581325687)
(2.67752621762500,2.57967199254740)
(2.11629351922779,2.67819903088475)
(1.41152673027545,3.18814936724613)
(-0.0605692832312318,3.36041567370095)
(-1.58537960022337,2.28665707752057)
(-1.87187183764415,0.364768701112853)
(-0.702844174942375,-0.947547488102859)
(0.705450679034115,-0.775069076747115)
(1.07645169246215,0.231447563572900)
(0.430675868741484,0.768509409005347)
(-0.179868715167230,0.384298608499616)
(-0.0564409650256822,-0.221293306900132)
(0.429919522328683,-0.274520523249932)
(0.527105403314895,0.124934774172690)
(0.112298255479413,0.307216567650264)
(-0.282404060877102,-0.0199138712795758)
(-0.276776250511561,-0.499388150875387)
(-0.0721097913038926,-0.759419105894315)
(0.0214207238740693,-0.930438521923037)
(0.156284371859758,-1.30362862971459)
(0.721042581182286,-1.69793772763611)
(1.62808382079076,-1.54455086615976)
(2.18940320849084,-0.661071109406455)
(1.87096518854647,0.352841187708181)
(0.963321923489871,0.721044179794350)
(0.243192799143145,0.358021253014213)
(0.0380453339291123,-0.150015434518105)
(-0.0544686259043832,-0.434044311886719)
(-0.388018434878135,-0.877693897977740)
(-0.491951991360491,-1.98767864969387)
(0.527119557496661,-3.36442383895649)
(2.73392764628728,-3.72104069426739)
(4.82521406441830,-2.19091007506421)
(5.17887597271704,0.507351086403058)
(3.48823863388547,2.50183015127120)
(1.17280604076639,2.48721712369405)
(0.0497779395297127,0.931246679514054)
(0.658772621891027,-0.493392248458255)
(1.96106077943166,-0.578963399228197)
(2.57610052606278,0.422522928985831)
(2.11583450443231,1.36955311915081)
(1.27822969774255,1.52864968398361)
(0.857061090329595,1.15552119951916)
(0.914933188528703,0.927750133545956)
(0.942826248493214,1.08664831459153)
(0.605716498984410,1.27546480889821)
(0.121426481965853,1.09752946328311)
(-0.0805810675610116,0.616510525428983)
(0.102883342147313,0.235392479212646)
(0.366645970638080,0.196186216189969)
(0.395436680654207,0.333269633185772)
(0.217390345914510,0.324587964159475)
(0.118494888577481,0.0843495736055316)
(0.276417744569470,-0.165380755596655)
(0.562924580573606,-0.179864995586462)
(0.711228662136933,0.0326685002966733)
(0.612132161536534,0.246818382584141)
(0.396798017289856,0.280329419465976)
(0.253427543946480,0.158789381848920)
(0.228552714701674,0.0247632477465995)
(0.235658729935165,-0.0527307239623120)
(0.212949392135959,-0.127082956753876)
(0.204664930678503,-0.255505605473738)
(0.277786721138703,-0.402534555653182)
(0.420261960704222,-0.494834704260793)
(0.575331991969842,-0.523149402790309)
(0.745032273900624,-0.518986996735521)
(0.972329388306666,-0.437785557181700)
(1.19195903719427,-0.161519237591496)
(1.18551175677663,0.309556625778567)
(0.796446211462452,0.719635647809412)
(0.189843669244246,0.738753855856242)
(-0.217863774716426,0.332049228098558)
(-0.173353331532845,-0.136875598771890)
(0.121553833268640,-0.270436318067035)
(0.235658615445454,-0.0763232561508178)
(0.0149681043288423,0.0689901635991092)
(-0.262627112020960,-0.0928603103016519)
(-0.286896790296924,-0.392705614156226)
(-0.124620580370096,-0.510436990616753)
(-0.0685598551041493,-0.431035596702916)
(-0.167959371277418,-0.395856395478382)
(-0.205845901389628,-0.416099845155277)
(-0.247828174097718,-0.182539731346406)
(-0.866061440078467,0.263312993126244)
(-2.33995498297334,0.0160370127166694)
(-3.65386538532307,-1.90299249536795)
(-2.95363614583054,-4.93305559550060)
(0.346192061485573,-6.64264592459630)
(4.04614357630100,-4.88002952568517)
(4.62105270697625,-0.566554345519307)
(0.892888362741771,2.28483034310624)
(-3.97399081901952,0.235375210112679)
(-4.99259279279342,-5.69290063415261)
(-0.365645544334404,-10.4039115498189)
(6.33727155188395,-9.60625104491724)
(9.58495337170581,-4.21604846466839)
(7.49458801175731,0.617879540530088)
(3.55502650119904,0.980665161467398)
(2.54781218959506,-1.83717170283446)
(5.27745222905432,-3.22709817522762)
(8.03004332745595,-0.702617090320455)
(7.15758986161625,3.40269293129562)
(3.29952784567107,4.91206653975390)
(0.411090157317336,2.71847350239423)
(1.03636032599353,-0.160148157846946)
(3.55566756314743,-0.348137866425111)
(4.45576590444593,2.03528955488226)
(2.55505957600703,3.93080842940195)
(0.0594745865611858,3.23772483538616)
(-0.469169526237565,1.12447626493997)
(0.813882925213695,0.177979932448536)
(1.62041794508869,1.08106529962336)
(0.651807289777062,2.02740865675068)
(-0.865505210788833,1.29938178175253)
(-0.983000013426786,-0.532963087297489)
(0.425471951398664,-1.52162515256097)
(1.67081030365549,-0.911204356387538)
(1.55801701330935,0.0593006599877596)
(0.821059383312487,-0.0158539274577395)
(0.909173357431150,-0.861354078675342)
(1.94946352742418,-1.07382651966942)
(2.65696114288206,-0.148795717578378)
(2.18158434610679,0.846392309149826)
(1.27412737366032,0.798272157035985)
(1.19503831149347,0.0909242728348053)
(1.92955604850929,0.0310749755409697)
(2.19830720819194,0.973595053134646)
(1.25865302418810,1.75503073224584)
(0.0200219044715355,1.24961733845127)
(-0.0929247597623675,-0.0480915309840590)
(0.956014187041820,-0.586501537420253)
(1.70135025322457,0.226807773464587)
(1.05596171357727,1.21435392770067)
(-0.258437912662614,0.921158305512990)
(-0.604271604414865,-0.509461835764694)
(0.501436224347166,-1.49656772581882)
(1.79070610061351,-0.996722553175881)
(1.84460447075940,0.237291617836030)
(0.814404520004439,0.664252741968769)
(0.120832592645533,-0.127718450393009)
(0.618808447192145,-1.01614910330413)
(1.59089817102289,-0.852366023906838)
(1.74939377207774,0.108702037323137)
(0.868385205245664,0.605432069871998)
(0.00652640915260101,-0.0318348173678602)
(0.165290325585317,-1.10847439365577)
(1.11536182034872,-1.46766013735216)
(1.74507177710498,-0.855762323427722)
(1.37472100930924,-0.150577533082161)
(0.480803345835086,-0.337722191592103)
(0.155024494919738,-1.47511947984267)
(1.02661944784480,-2.65848858209932)
(2.70602236540668,-2.83891423348233)
(4.09264217127278,-1.68239012255478)
(4.19345606169961,0.130039782460061)
(2.91046832226879,1.31517832293915)
(1.27826550778665,0.933253584656766)
(0.795837413201898,-0.715559291742356)
(2.13128936512047,-2.10301954934951)
(4.31219185135514,-1.71503310615937)
(5.43358153146551,0.446239980301082)
(4.46493537406100,2.70719944844913)
(2.32371792005002,3.32843147646439)
(0.914491665356323,2.26903319078354)
(1.08321218958745,1.11067224763912)
