92252126514630790658782978863.
0.040000000000000001
(3.77858183371495,5.20843972508446)
(-4.05248842306388,4.94081033798401)
(-5.99090262477928,-2.70592390058452)
(0.791569185767514,-6.71652912289651)
(6.48966406462522,-1.36635442955238)
(2.94971960956242,5.50486587839474)
(-4.52525574732102,3.97574006427446)
(-5.01697950655339,-3.53302772071039)
(2.06216492618161,-5.91006379746443)
(6.20339163558116,0.369772685505549)
(1.21178439191495,6.16486880150690)
(-5.81940078990213,3.09419438588690)
(-5.00500087711198,-4.29972924507495)
(1.90481008937149,-5.41174221477702)
(4.33514066546371,0.787783062511559)
(-1.35300406414964,4.39114515935510)
(-6.47073982066180,-0.615959690276109)
(-2.92670268112237,-7.30606928684400)
(4.65811192997325,-5.96044739264793)
(5.60829054861204,1.55135521291712)
(-1.15066665710312,4.44370980843642)
(-5.58340019281803,-1.15629125443173)
(-1.44972411396696,-6.64976112678225)
(4.49929869445358,-3.97366319276156)
(2.84346228690161,2.16208062973278)
(-3.91456707646454,1.28861463254522)
(-4.53164525891508,-6.62994767316535)
(4.07353542468332,-10.0902692298839)
(11.1078870283365,-2.54612405780019)
(6.63719097437535,7.27155406630181)
(-3.99148565817691,6.86809977356654)
(-7.16158872155220,-2.57393938143207)
(0.0952400646449000,-7.88641084277813)
(6.27550213145268,-2.58327434538381)
(2.20228395472491,4.19855468416173)
(-5.74506440081090,1.30022383537687)
(-5.04097013885298,-8.02816673243005)
(4.60977650300244,-10.6634066135337)
(10.5682589160756,-2.53255763917620)
(5.23237357215740,5.46917707506864)
(-3.32763902899662,3.02862321264763)
(-3.26563458594721,-5.19160686761956)
(4.16948215461062,-6.98334353658352)
(7.27319181222155,-0.566427738988901)
(1.69981025075921,3.34390398732701)
(-3.09193139539663,-1.86574978062421)
(1.67634655772130,-8.31801341635083)
(10.2813937405796,-5.18251843120796)
(10.2577524392680,4.73771884029946)
(0.812692593884798,8.21482739676523)
(-5.27435513634732,0.586921368659179)
(0.276271312564687,-7.07181579490341)
(9.15031315661427,-3.54309163151937)
(8.13691572581753,6.38255093481588)
(-1.95860973535355,8.62827991883583)
(-7.45055921409165,-0.0822723990305623)
(-1.34384081566814,-7.69939667805959)
(6.93598775973739,-4.30653207324658)
(5.56516434091109,3.84472790425425)
(-2.52594975626530,3.97709515121101)
(-4.37179884819179,-4.25212843487663)
(3.57224130792663,-8.34881637742152)
(9.98740439370182,-1.66760631820817)
(5.39249404605564,6.43435149328914)
(-3.58075689110853,4.16776878760944)
(-3.60567198458270,-5.16547215180582)
(5.72165830404745,-7.62996615371128)
(10.8824308523033,1.01732228337004)
(3.93616725607279,8.76547905605380)
(-5.70317385761875,4.46322443713897)
(-4.54723154901691,-6.01132444257263)
(5.66617266643629,-8.03452371871668)
(10.5440753350503,0.930531937449066)
(3.64873493757570,8.03762320976413)
(-4.77195664105152,3.77044698641882)
(-3.23307659647189,-4.82289048848900)
(4.47371167869336,-5.41247760574662)
(5.98074898248045,1.08481120021208)
(-0.206050706037925,2.55633878864113)
(-2.15640366990313,-4.80295004738422)
(6.70472396779204,-9.30915769046353)
(15.6737241712479,-0.905786551561057)
(10.9321109192078,12.2031348274291)
(-3.63712102478630,13.1727300070459)
(-9.95366345623333,0.235190493741922)
(-0.332245620375803,-9.59982897603655)
(11.3831563701410,-3.54624012738252)
(8.78936021131777,9.14563246484179)
(-4.18110997723355,10.1376084356546)
(-8.89811997794734,-2.16211426344219)
(1.57335697870522,-10.4168061976039)
(12.7171680241747,-2.94472715703550)
(9.19191458799860,9.89249162443943)
(-3.68979388263733,10.6248199677234)
(-8.06790807470324,-0.732896133394732)
(0.923939544906717,-7.52998822372693)
(9.01419895390981,-0.894546252356938)
(4.32514396879418,7.93661682488695)
(-5.24253677227650,4.92412726205757)
(-4.11887715429355,-5.60562639252059)
(7.32633889281386,-7.16691388680049)
(12.5900942708987,4.29730100396637)
(2.94999905114117,13.5974355313651)
(-9.30614713550465,7.70974115600199)
(-7.95985546980359,-5.39116661154929)
(4.13816793666301,-7.92384950606404)
(9.36537352432228,2.44741097790522)
(0.713578730578772,9.70448493055299)
(-8.46066192434586,2.95929313556906)
(-4.26730589181372,-7.85379700136197)
(7.35402371851570,-6.78387450644376)
(9.43917930785180,4.61341842050506)
(-0.979420969940948,9.50319198204710)
(-8.35329973781891,0.548535066008316)
(-1.40769984864599,-9.07614224238967)
(10.0290320216118,-4.83179058916597)
(9.05590285303956,7.62878062830044)
(-3.48898783302817,10.1829476891721)
(-9.64077848189855,-1.50248943446033)
(0.0424397536634163,-11.1874053728178)
(12.6442016575305,-4.94560407788432)
(10.9941817575429,8.98417717921884)
(-2.14064382563817,11.9024816318317)
(-8.38213674317328,1.05281753551573)
(-0.0651028923556993,-7.11121759630815)
(9.41813745130013,-1.01690493168920)
(5.68845992280412,9.69354929211050)
(-5.74687569356160,8.89991919730182)
(-8.06022442269851,-2.21289470825572)
(1.89145732258413,-7.14242434861523)
(8.95290253564855,1.38647031984998)
(2.12266327961846,10.5494699558431)
(-9.02737381004992,6.25116282775034)
(-8.20648792111359,-5.99084392200456)
(3.67919599606799,-8.86380229589021)
(9.64907941332081,1.50709304142145)
(1.32769842337780,9.82620802191103)
(-8.85116570331058,3.89094530920864)
(-5.81049276309102,-7.63318188253209)
(6.15551772049027,-7.92885806909279)
(9.72730722797521,3.35603486149373)
(-0.0214560951227795,9.64702466540635)
(-8.40987088769823,1.83656105600392)
(-2.78905242373009,-8.26743536022485)
(8.70514142567527,-5.29647126329532)
(8.97365115257830,6.90171618672153)
(-2.80506366133270,10.6534626291714)
(-9.65002726035108,0.405525605708809)
(-1.57446671954561,-8.81428145663692)
(9.48681996130834,-3.21121757648922)
(6.82609044854276,9.33413452303597)
(-6.47722957368448,10.3433943826984)
(-11.5585301835009,-2.35464028161801)
(-0.977369270218753,-11.0630482735222)
(10.2780740263910,-3.57972091909867)
(6.24598845352273,9.11367574813336)
(-6.98507430706360,8.63708315351530)
(-10.1072315618095,-4.23911521204776)
(1.42293231662854,-10.7729118944967)
(10.8360864642255,-1.49273601038448)
(4.46346739160200,10.0525753375389)
(-8.37528350476649,7.03161667787677)
(-8.95350851035638,-6.15654700108529)
(3.57195942421923,-10.2921800788147)
(10.9192752406626,0.645040916417179)
(2.33188279695950,10.6717344307080)
(-9.70465998522180,5.08269959236667)
(-7.62416903757051,-8.08640574493591)
(5.61288058161468,-9.72609400357315)
(10.8034563892861,2.51484281324377)
(0.465634659389740,10.8010271052633)
(-10.2789328868195,3.10251023847124)
(-5.77829635534832,-9.29280054303459)
(7.32715390296935,-8.29335977578348)
(9.84643196708450,4.56897094648439)
(-1.88793819749571,10.4025976207927)
(-10.6476359904053,0.613667252057942)
(-3.52401629529791,-10.4776358690153)
(9.12269706869650,-6.56092965084915)
(8.74836956763262,6.75229294337563)
(-4.23944495791947,10.0419135975246)
(-10.9943887759758,-1.55109463912102)
(-1.74070505600864,-11.1685636264926)
(9.90438632485123,-4.84380314330596)
(6.80789564294053,8.04725046920621)
(-6.59304895905201,8.44716760532046)
(-10.7063948881790,-4.50387628847260)
(0.600121111352515,-12.1407342618101)
(11.0114464231386,-3.50032833153261)
(5.58138994961871,8.69681246646492)
(-7.49337613435937,6.69832416029492)
(-9.02658022056745,-6.34237945520251)
(2.95409655150244,-11.2060319853152)
(10.4646751953846,-1.08906324758403)
(2.40060914074317,8.30261306825436)
(-8.66284840310687,2.17717309726626)
(-4.90273241939513,-10.8244786913216)
(9.83330823289192,-10.6861417308902)
(14.5794768514068,4.35073581682239)
(1.52929652289993,14.1029894113240)
(-11.9170186542352,4.99856814903695)
(-7.54360611219290,-10.1608276006689)
(7.65504530706906,-10.2527975928112)
(11.5866514257845,3.97937345617670)
(-1.06400076449413,11.2572749536355)
(-11.3275020330058,0.792867399542847)
(-3.75437959333529,-12.0028636111592)
(10.8794901430779,-8.03622655258293)
(11.1211010815316,7.43597482399719)
(-3.85160902411711,12.1765396083193)
(-12.7835802381087,-0.786603341001108)
(-3.05833988520552,-12.9272114758767)
(11.0197255394387,-7.01868893465207)
(9.02289876581415,7.93493938077867)
(-5.95102339354562,9.91168899807768)
(-11.9458085048281,-4.03508314440213)
(-0.273724542974769,-13.6099343107126)
(11.8506804046632,-5.07936355768848)
(6.65037352758821,8.58502776824452)
(-8.01924454912734,6.78209187950747)
(-10.1201386149465,-8.32569966648262)
(4.11126798166464,-14.7897404623260)
(14.3928376835191,-3.11309354569845)
(6.13185947229009,9.54407659170533)
(-7.81532073836548,4.46144730190627)
(-5.73520569501206,-10.7101186960383)
(10.6563850625279,-12.5234126752163)
(17.6952366373328,3.82532875230624)
(3.82284784757789,16.3612342247726)
(-12.8635151815293,7.23442287090318)
(-9.61017177684337,-11.3987991025790)
(8.78946641787465,-14.0868753613192)
(16.7912399847859,2.16670808294913)
(4.21206775064277,14.1965355014669)
(-10.0739621915905,6.00926891394559)
(-6.00746653343199,-8.98553438125371)
(8.97850427504620,-8.40547325612855)
(11.7336812210184,6.37522284237384)
(-2.28529345282139,12.8309717219595)
(-12.5270741248946,0.821992213384565)
(-3.85949477493596,-12.4196743812227)
(11.0267691599005,-7.75566416782725)
(10.3187758122469,7.57545376700924)
(-4.68439653954079,10.6029753573412)
(-11.3944217832137,-3.39304825415985)
(0.666930311806629,-13.6946448972321)
(14.0717401033626,-4.64310851671211)
(8.90933056170726,10.9315352462452)
(-7.66898567613482,10.1696228694513)
(-11.4788198239607,-6.15676676927743)
(3.28514169320886,-14.3414799510550)
(15.1841601413466,-2.34372606478249)
(6.76495504524692,12.2614259594320)
(-9.55522940171096,7.79131868659455)
(-9.29449990763916,-9.46130884756222)
(8.02478436164942,-13.8445040638345)
(17.4106807171663,2.16969792740012)
(4.50021994817912,16.2410005150911)
(-13.0051294886565,8.02553203024530)
(-10.3088119294341,-11.1161063949304)
(8.70183482542820,-13.9982124892770)
(16.7817528396833,3.35655003899810)
(2.45846846837471,15.9432300333741)
(-13.5248161121135,5.83002191340746)
(-8.32035462349101,-12.0702380630001)
(10.0043269235766,-11.8529288064290)
(14.4647825215751,5.70065130328643)
(-1.36364021479525,14.4578381894159)
(-13.9885002168995,1.30239805605519)
(-4.48190719001699,-14.5189076350118)
(13.5503574484340,-9.49013985568867)
(13.5800440226744,9.54366504194363)
(-5.02515326605417,14.9565668560106)
(-15.6969598640384,-1.50787217597496)
(-3.10724255762437,-16.5163792833741)
(14.5438305117407,-8.91408578107359)
(12.0238523755752,9.58790588176268)
(-6.16366696879329,11.6371798805740)
(-12.4697946492509,-5.64546787959777)
(3.15847128123063,-16.3301259380467)
(18.1703549042107,-3.72298666974909)
(10.1764710386206,14.7263678325571)
(-10.0175662873988,12.4129111956005)
(-13.5985693680881,-7.59747969236295)
(4.51278739836925,-16.6186557333704)
(18.1076839447199,-1.79760099435336)
(7.62030813665101,15.2117585534657)
(-11.4789969161651,9.69891589789506)
(-11.2285759308669,-10.1620354092682)
(8.07405490739775,-15.2416994118032)
(18.2988931760247,2.06544710203288)
(4.50171549506461,16.7517502502046)
(-13.3266701778227,7.69543665544642)
(-9.55311515807209,-11.5833271728690)
(9.63481072642035,-12.9030965106987)
(15.5142688937154,5.14200345613283)
(-0.697459663357640,15.1598649447724)
(-14.6401393260824,1.53425182001377)
(-4.67495497425507,-15.9987369742572)
(15.6114258765622,-10.9264703301980)
(16.4555556762209,10.6895229826374)
(-4.59269264962016,18.0155168418454)
(-18.2718821064595,-0.165454655811703)
(-5.36992576472990,-18.9134063264760)
(15.7857262037284,-12.8514553671597)
(16.1608586664648,7.61456975628038)
(-1.95055433284058,12.2996351754933)
(-9.15618083140880,-4.08088256601657)
(6.79307383798921,-14.2741513090083)
(22.0255705580962,0.575138427354132)
(11.4722298477608,21.6322635214745)
(-13.1245943063042,18.6979373005405)
(-18.6093487379617,-5.40698564700596)
(1.96618291002781,-17.5831767301715)
(18.6964930838892,-1.56865903342257)
(7.52328978898435,18.5393966581428)
(-15.1084763305820,12.9916119912981)
(-16.1158764805811,-10.5559370796256)
(6.15304054519961,-18.1771602074212)
(19.4826854650634,0.964389176722878)
(4.68159807386000,18.8170464892486)
(-16.4728686888555,9.34138845598879)
(-13.1163812356393,-13.5076466498912)
(9.49371775668959,-16.3315787254801)
(17.7349853498045,4.54302719406387)
(-0.726627504283583,17.4505166989021)
(-18.2371591803604,2.04236705603258)
(-7.47908740987531,-20.0416519657059)
(17.8175006201688,-16.1352451918215)
(21.9545207638222,9.42962182510747)
(-0.811514346238148,20.7699560008169)
(-17.3410553805809,2.40308336894323)
(-3.60999207745507,-17.8396957369016)
(19.8910885768808,-9.12243457350961)
(17.5808303828795,16.9797254226632)
(-9.03410925365523,22.5774958159953)
(-22.6136820062338,-1.43173048461042)
(-3.81055139587536,-21.3442238870404)
(20.2044397984155,-8.95327838205085)
(14.5944435053886,17.4034051933501)
(-12.6453277810952,19.0120797240494)
(-21.9444232745169,-7.16945200199646)
(0.639272285057122,-23.8367960646039)
(23.0916397431860,-7.18682001542980)
(13.6921945432566,18.6623480993277)
(-13.1776164665901,16.7256111674475)
(-18.2530569980970,-9.23433819255166)
(5.29468148359804,-20.5968950588992)
(22.1090195637939,-0.660243116362594)
(6.80307874444249,20.7526511388973)
(-18.3134090193932,11.1324542648670)
(-15.5937346130853,-16.4319418823853)
(12.3979654022475,-21.6508593931128)
(25.7035928234783,4.06693336449123)
(4.89139829887106,24.3081486317266)
(-20.2123701970098,10.1656129707852)
(-13.4996031200923,-17.5749962045505)
(14.8807350071553,-18.4681149508642)
(23.2405174489806,8.64241233064949)
(-0.693927515000173,23.8653517439765)
(-21.6251365773228,4.72368160861323)
(-8.38501799570307,-20.5274254301004)
(19.8553584382620,-14.0469409177771)
(21.0631960152391,15.6496641648527)
(-7.87489047192999,25.2508460107680)
(-25.6027709247696,-0.163219438416986)
(-6.18903736483895,-24.4865378444142)
(22.4930401741279,-12.5712646770522)
(18.7036423473429,18.2617886121426)
(-12.2345786064204,22.8380014787209)
(-25.0987125162442,-6.03121221064448)
(-0.578222260000291,-26.4440024914072)
(25.9043628518368,-8.19740749251941)
(15.2518903515811,22.5510174465858)
(-17.9072438841539,20.5119434257303)
(-25.4401509842869,-12.7744714065613)
(4.78633290833359,-30.2067726933917)
(30.7876045515649,-6.67078190943168)
(16.5761161542574,24.6980628277270)
(-16.2989580360261,20.3229244539809)
(-20.5225100756738,-11.1783295912356)
(8.23401766023909,-22.4778626713859)
(25.8107091534331,2.80433026919794)
(5.13929096887327,26.2953814872010)
(-23.4596615129003,11.8869718746505)
(-16.8647367063005,-20.2006741171177)
(16.5378313680679,-22.4125697070053)
(27.9349174724084,9.83496113748953)
(-0.454375284650318,30.0710098793534)
(-28.1828124809235,8.19609204441334)
(-14.8295255698992,-24.7121842640514)
(20.5276185194221,-20.8521337106382)
(26.2829670731071,14.3556204796479)
(-6.38366369519694,29.3690960852760)
(-29.8484704978637,1.60034186268040)
(-9.21710122561170,-28.8433570449373)
(26.0452474109600,-17.1284155267575)
(24.3239386570171,20.3514731394759)
(-12.5726608251584,28.9639733135886)
(-31.0935880216151,-4.49663220586221)
(-3.75158478957938,-31.6687692900513)
(30.0585499707988,-12.6436779925981)
(20.8569957369052,25.2855854153733)
(-18.4033053453303,26.6871307074018)
(-30.4434702436196,-10.9918321290684)
(2.80111258864319,-32.9010256472659)
(33.0342430003875,-6.61281824411825)
(15.6793417277288,29.8059827779879)
(-24.3927736870639,22.7484734405715)
(-28.3550106757944,-18.1635655728541)
(10.4103023971966,-33.1356993166054)
(35.5591313886722,0.522216373996765)
(9.68578113106299,34.1921759602450)
(-30.1238579322520,18.2486026044271)
(-25.5034848248059,-24.7753359499420)
(17.5452628792768,-31.9805844745093)
(36.2103138351054,7.93963571758347)
(2.36333750977384,36.9594213384404)
(-35.2106692317018,11.8663744560057)
(-21.1275703340554,-31.6833066281780)
(25.0810408267438,-30.0601830260183)
(36.2023951278172,15.1425052737562)
(-4.55995497027627,38.1404680004767)
(-37.7948475025972,4.67855626014467)
(-13.9872456041325,-36.7264776781472)
(33.0738012963878,-24.6006078851760)
(34.1979000491340,24.9160113409161)
(-13.8839915373208,39.9153404149049)
(-42.0045548429317,-2.61700144092004)
(-8.66838564550932,-41.7219703529044)
(38.3098376835014,-20.2619334255899)
(30.3023377299967,31.0066289674058)
(-21.5648380938542,37.0123563893115)
(-41.2722645702156,-11.8600614082856)
(1.20050969648768,-44.2108841047551)
(44.4129590387081,-11.3446622113908)
(24.0721178088470,40.0802468690978)
(-31.9104848668241,34.5191833523423)
(-42.1522933365466,-21.5798442412445)
(9.48449501654108,-47.0990417391559)
(48.4156987822443,-3.97333927110560)
(17.0582786276049,45.6273013190347)
(-39.8467964532950,28.5520768854746)
(-38.7644852358779,-31.6739460372592)
(20.2848867608293,-47.1950597437526)
(51.6660789092296,6.06229343547718)
(8.43272517107919,51.2322532968169)
(-47.3593278928030,21.4948344638905)
(-33.5911260241098,-40.9423048584637)
(31.0161821231543,-44.4646050504454)
(51.9569603966064,17.6680660332332)
(-3.14136945846906,55.0125116060840)
(-54.7432518381869,11.2397635332008)
(-26.0388785732365,-51.2889906304553)
(42.9945242645716,-40.3907000580258)
(51.2230562674938,30.0538883917288)
(-15.4575053910534,57.2455131615095)
(-60.2143367406068,-0.801090537410721)
(-15.3069883021125,-60.6876621232984)
(56.1158860751664,-33.0080546227232)
(48.8963269877461,44.9940747384078)
(-29.5885451315310,59.8630951159548)
(-66.0825210339665,-12.6754632345831)
(-5.34831778783557,-68.4138137073786)
(65.8897205905629,-24.3397651521085)
(42.3028281704535,57.6222326754418)
(-44.6094139633809,57.1546864751867)
(-68.2308925058007,-28.1628526992312)
(8.83340527995355,-74.8756896062506)
(75.8524107931890,-12.1632565230539)
(32.7141173070821,70.9220868654548)
(-60.8626724210204,51.4802071813814)
(-67.6604149651444,-45.8421449340365)
(26.0781084074064,-79.3929175647428)
(84.8952222419920,3.58079012593691)
(19.3535996872886,84.4522423292118)
(-78.6132778868944,42.2918463223676)
(-64.4206580953786,-65.9594613603315)
(45.9980092398568,-82.0699785242927)
(92.2614565026845,22.2100992144116)
(1.92967128242044,96.5384457706398)
(-96.7445540155630,27.5709570385312)
(-56.0496166473156,-89.5929937864905)
(71.2571625054174,-82.4171079961652)
(99.8278929410324,45.1331715252082)
(-18.2057204071826,108.545925004578)
(-113.461533977721,8.82902340829989)
(-40.3461278505744,-113.745060984040)
(102.738460915071,-75.2353408068418)
(105.285642888202,78.3987092050254)
(-46.4962440307462,124.898417870751)
(-135.483123537100,-12.3418224762460)
(-24.0181525152680,-138.948287156385)
(133.192654871989,-62.8374143765711)
(100.750525159544,115.929859362686)
(-87.9475196160142,133.679829715828)
(-159.265338055824,-50.9896944038207)
(6.34195532745330,-175.209076358234)
(178.734039645534,-43.5303691161455)
(94.8564804664505,168.335520982252)
(-143.796699274858,144.105913501986)
(-187.759400254381,-105.184303843068)
(53.5520718477261,-221.795961605988)
(242.705496692614,-8.83340429490817)
(79.3406715730291,247.256325232050)
(-232.113083187506,153.692998292971)
(-226.130821051691,-196.769656129577)
(142.501074004562,-294.627876779684)
(358.183477084079,63.5109147303180)
(47.9887759214805,401.608670847173)
(-403.137098274077,175.606487214340)
(-287.536369115184,-379.611534072769)
(384.100845459807,-414.378631740746)
(676.757805747992,379.727182796207)
(-134.519110044288,1109.74929937204)
(-1419.38636476284,594.459828032576)
(-1644.48415367268,-1076.49459451219)
(-137.559479836923,-2317.42812333915)
(1906.81015900646,-1679.75657230493)
(2542.48719773663,451.413141466143)
(1157.84634042733,2142.26661286979)
(-863.320066405933,1941.81417489197)
(-1670.59844928383,350.678501782791)
(-874.566087140940,-900.054757283727)
(292.998243650867,-798.594418333391)
(570.541370080961,56.1386554125088)
(1.89209158888921,462.451911222000)
(-440.282218460771,83.2778946138059)
(-205.224113722576,-385.081362603734)
(272.831063066695,-295.523197420754)
(325.522970330748,150.372734063356)
(-48.5284185630233,317.345947665984)
(-291.650720533042,34.4231735483434)
(-103.666295315308,-251.904759247948)
(199.481120248778,-156.787145128997)
(191.568633864863,139.793365070920)
(-77.9013351893719,208.760815291052)
(-209.508563942784,-17.5237948311339)
(-37.6301516966850,-195.368821431120)
(168.918064259940,-84.4973886498792)
(120.919918739729,132.999233687920)
(-90.8700065085215,145.209291489082)
(-156.925953367383,-46.3171126911021)
(2.32879434739736,-156.904914972485)
(145.705849206124,-38.8098683788345)
(73.8247810243525,124.177529877698)
(-95.6228863943432,99.6908552703581)
(-116.623238930189,-64.1077821464739)
(30.6249865675466,-126.309733927179)
(127.400109782502,-5.22921551484693)
(40.0923646592302,117.065361033000)
(-96.9046395779795,68.0690332212294)
(-87.2422960415552,-72.4417220715060)
(46.4872934286023,-100.129063694483)
(107.398690056969,17.9016440363947)
(12.6403867527770,106.207044621256)
(-95.5038870930976,40.7351571310065)
(-63.0576857492993,-78.1740530310169)
(56.9040370147868,-79.5716230727762)
(90.0730709180649,32.2746090799372)
(-5.87221409245346,92.8620466136445)
(-87.9191801456365,18.8621469395708)
(-39.9984879664812,-77.6120775244237)
(63.3138108556240,-57.8866893215425)
(71.9225283584644,44.6224166345573)
(-22.4693161594368,79.8419302206072)
(-80.7546578760126,0.185362931708767)
(-21.1983386667402,-75.9222467367939)
(66.2860540040103,-40.0083009781077)
(55.5465428615815,51.9574716898092)
(-34.1261134088378,66.1108329850730)
(-71.2654390888108,-14.9027557264292)
(-4.54006757965233,-71.5451782872094)
(66.7566279005018,-23.5114591201211)
(40.2549664342831,56.7280982645904)
(-42.8382239007427,53.0268590206693)
(-61.6648788197122,-26.7057184172437)
(8.66542793362751,-66.0816858384847)
(64.8280212733887,-10.3883083572308)
(27.4742801190747,57.4244487412703)
(-46.2688138351138,40.2652611273981)
(-49.4985093112597,-33.7844446766116)
(19.6478233120030,-56.2704583655449)
(59.1205615294421,3.30935110323122)
(13.0365704607602,56.4526806312976)
(-49.5707202750489,26.7957274687837)
(-38.0311670536773,-40.4591357459001)
(28.8256592118486,-47.3405914041107)
(53.0500563505561,14.2747233966309)
(0.933704683765276,53.5639092639055)
(-50.2204752172371,14.3881691955910)
(-26.5134730143506,-44.7345108946859)
(36.1229347753668,-37.9843015504448)
(46.5378238692923,23.3745696703281)
(-8.88544807902288,49.7047497024538)
(-48.5829208864035,4.15215397353515)
(-15.7711578003300,-45.5639230190897)
(40.2706199928246,-27.3765988181750)
(37.7980399488202,31.0420772694851)
(-18.7015729825513,44.4559612214916)
(-46.8636627487004,-5.71330116390009)
(-6.88451057334539,-46.0539955814581)
(42.0822787991745,-18.9720562040283)
(29.3754380826478,34.7294361293001)
(-25.1414902136218,36.8999607980251)
(-41.7947229926632,-14.4994216335390)
(2.69984385500681,-44.1876326719266)
(42.9185334442224,-9.82113124700102)
(21.0014691018979,37.6716521798801)
(-30.0900702559184,29.5470137733959)
(-36.0778547066519,-21.2468486851159)
(10.5970167065844,-40.5150129641101)
(41.2574046268588,-1.20893531588360)
(11.7158977416550,38.3958429511581)
(-34.2441095986561,20.4349306467977)
(-29.4771824865109,-28.9187737187781)
(19.3656296041385,-38.4155919475198)
(42.6086220211160,5.19415525169801)
(8.51696122747282,39.4468813152014)
(-32.5221151800542,17.2774046857856)
(-22.5239734710033,-26.4604345523840)
(21.0000374223051,-27.8015351413037)
(32.9485751727451,13.4295774689505)
(-3.77737988018160,35.4484074648170)
(-34.7313191698154,5.86167775248115)
(-14.6762637789343,-31.7853971784240)
(26.6786719128889,-22.6965530284808)
(28.9920910158864,19.2818801260124)
(-10.6224635963481,32.7352501902602)
(-34.2333022648411,-1.55261628997980)
(-7.93864938018005,-33.3891140730538)
(29.4266105322705,-16.9213391860746)
(23.6529918724810,23.0904915438266)
(-16.1994345871796,28.2588556613297)
(-32.0148698479970,-8.46262595535727)
(-1.50452068776596,-33.5838500681063)
(30.3180668876526,-11.6168455499467)
(17.7059566684637,23.9089506211164)
(-19.3305287893846,20.4349510762119)
(-25.0843227929275,-16.7024543879930)
(10.1704495706037,-32.4646197567771)
(36.0692100810394,-2.54174267026454)
(15.3637532941366,31.3967301560635)
(-22.4772750133501,22.1631524998041)
(-24.4306910251275,-15.2975640143828)
(9.83608007943378,-26.6709710871294)
(28.9867132044788,2.94866063187356)
(5.27335469589889,28.7977190170740)
(-25.9925276664826,12.6565193024374)
(-18.9786328656722,-21.8506885116044)
(15.9110155245748,-24.6077647087448)
(27.9668332913292,7.83911713384806)
(0.294823711456683,27.9556667870938)
(-26.2305578937523,6.87116314639911)
(-13.1026427180552,-24.0987275110988)
(20.0476558542802,-19.7973361192597)
(24.8130625148381,13.0751009007884)
(-5.33855529167769,26.4411255578953)
(-26.1710565276529,1.19486240047179)
(-7.56902966439333,-25.4568310349067)
(22.9277347872046,-14.7326570998104)
(20.8184937197075,17.4027623716870)
(-10.5546623784299,24.0664658642189)
(-25.4103108643442,-4.13253494513157)
(-2.45272601594253,-25.8818750757853)
(24.4798252184761,-9.67003912328267)
(16.0756075943550,20.5808017130194)
(-15.3776947346545,20.7410187515830)
(-24.2905884832818,-9.39031713807846)
(1.91279762139373,-26.2458243866434)
(24.9896860752692,-5.96391687417776)
(11.7397496605890,21.3794464366574)
(-18.1221429615371,15.8619637298867)
(-21.0657710384273,-14.5922790621904)
(7.30685115324654,-26.2964885308077)
(26.6844409524860,-3.06207300334544)
(10.7373496997808,21.3671628355663)
(-15.7485629917649,13.0666201555535)
(-14.2185376188379,-13.4781458935092)
(11.5432334069333,-17.9851078009358)
(22.1531166894991,6.23976357512268)
(1.05979645365347,23.1319424563159)
(-21.3317055219919,7.33278373498702)
(-12.5111313305902,-18.6037146181027)
(14.5757004472327,-17.3506238314816)
(20.6338002975977,8.75810753641810)
(-2.70144590476148,21.4878608293431)
(-21.1264894880206,2.57094984295218)
(-7.99891171582930,-20.0963833816137)
(17.1350270794295,-13.5924985462056)
(17.5906255789821,12.1953044205907)
(-6.97600605944919,19.5971203153477)
(-20.7234627916948,-1.71349729225389)
(-4.39231795934336,-20.2752852707301)
(16.9554166983735,-9.54954719302654)
(11.4413900222061,13.2014519631512)
(-12.4031819825518,12.7496420466720)
(-18.0704880961792,-11.7763914469637)
(5.10661988460126,-24.9678945660179)
(25.6107574019086,-6.59652097156362)
(14.9414350432378,18.6127997998736)
(-11.3343730767079,16.3239891546963)
(-16.2135277866881,-8.30482721648381)
(5.55127915816179,-18.8221392612910)
(20.8094374853905,-0.524513847315923)
(6.86085210565062,18.8863235925419)
(-15.7175046745280,10.4381107046365)
(-13.6670950980374,-13.7276444843262)
(10.1818021686278,-18.3714369778834)
(21.1690542120043,3.24731671842926)
(3.47310441140919,19.6450282596095)
(-16.9565807059152,7.14992882350421)
(-10.4342531681516,-15.7125953266842)
(13.2265100100121,-15.4907877519187)
(19.2728707726142,7.34727331601998)
(-1.15355737717680,19.2595676015233)
(-18.1387978518177,2.70560012913836)
(-6.69610928244477,-18.2272466413805)
(16.7639789678671,-12.8985011497058)
(18.2382591203783,11.3011205544067)
(-4.55575058275879,19.6651671878464)
(-18.9973780335835,0.420033303204128)
(-4.86037493739649,-18.4982340039727)
(16.7157607862175,-10.1588730488968)
(14.2987920983853,12.5548885541131)
(-8.27421483421716,16.1291409845732)
(-17.8980206986814,-4.80388637690541)
(-0.475781612941713,-20.0093170585909)
(18.9060058565894,-7.80770707278060)
(12.7645451378437,13.7194491331408)
(-9.03724305996651,13.5091831928657)
(-14.2384703959970,-7.28481870502767)
(4.56457133205254,-17.5036632928178)
(19.4194004697811,-1.84380919338295)
(8.20554376090268,16.8316881162836)
(-12.9246736106118,11.0865241219974)
(-13.1361356116933,-10.8882281176577)
(8.06769783743866,-17.1245646811113)
(20.0473698646698,1.62319328771804)
(5.49037663855612,18.4748329581753)
(-14.6159173582653,9.45482835328414)
(-11.6110965537204,-11.9332956191129)
(9.38639098134061,-14.6519291099870)
(17.3417186050897,4.76525177051096)
(0.625978844872681,17.5502779322710)
(-16.2961872185810,4.86633486452624)
(-8.80225235907308,-14.8429423192838)
(11.9754874197149,-12.9829489700323)
(15.5475572603106,7.38967410995565)
(-3.30566948014830,16.0672962393735)
(-16.7910827609688,-0.115473939263974)
(-4.60050400655702,-17.7853534621511)
(16.1561176551494,-10.7446356707080)
(15.1500275367526,11.7904504943336)
(-7.54017038048607,17.7268180523059)
(-21.0355434319427,-2.48544270473989)
(-6.87841628594199,-22.4564166602833)
(15.8869911415458,-16.9761010204969)
(18.5302206508407,3.85580518595332)
(2.28979309549105,11.1673709585993)
(-6.35197647100139,-1.25301439986187)
(4.45173230157302,-10.5783387989353)
(15.8996840237507,-0.715682918834711)
(8.42013955331599,13.7786168124942)
(-8.22983037337828,10.4005594420291)
(-9.45527401134302,-6.73073564378387)
(7.01006976297064,-12.2802282294642)
(16.8356645244850,2.72278680310854)
(4.60488921828979,16.8560366693581)
(-13.0183447797351,9.12908458450053)
(-10.9514860521524,-10.1366230972514)
(7.89890816681096,-13.7720127579258)
(16.5817372788934,3.08158239096039)
(2.91260275278577,15.9733368041562)
(-13.1189186459614,6.51787298936899)
(-8.52345085666416,-11.2102175780602)
(9.43132041349624,-11.4570964141494)
(14.1323820436916,5.68636008994943)
(-1.42115876023479,14.6220696984376)
(-14.4392007215861,1.76664499979464)
(-5.69681120294918,-14.5340730105436)
(12.2556067542699,-10.7583428263824)
(13.2340597206662,7.29971163070011)
(-4.29516359675033,12.5953833704729)
(-14.3938648506079,-3.95228648299076)
(-0.689932340004660,-19.7272483779486)
(19.8866530382494,-12.1331427313532)
(20.6529926546508,9.60112103412967)
(2.17972370905130,17.6906193767510)
(-9.70950254447237,4.54280162891616)
(-0.920091229010728,-8.26944012584195)
(12.3849634073078,-2.20862646437798)
(9.02001146697151,12.2818869004713)
(-6.27593137164771,12.7413016437931)
(-10.9484763098559,-1.74500587512179)
(1.43218614037631,-9.74302109219806)
(11.8032932791438,0.310011734174326)
(4.14136525610880,12.8976006825709)
(-10.6185849308311,8.46183403762713)
(-10.5722243546297,-7.51650746793329)
(4.86471181365356,-12.2827001427469)
(13.8433012873261,0.967385294658986)
(3.79590265314765,13.0928843066046)
(-10.4017706257896,6.81469587027534)
(-8.22687465970699,-8.35221683792054)
(6.73020585916350,-10.2911279853161)
(12.4010212106927,3.40625574530137)
(0.705112329810539,12.2375015617912)
(-10.7618792005490,3.08660856361282)
(-4.73529535646639,-10.5127254814023)
(10.2770601028141,-8.27588736739393)
(12.3632850252418,7.02932150372475)
(-1.78117503095120,13.4995999298683)
(-12.0055368755514,1.95209205411816)
(-4.01642744659637,-10.8270662255849)
(10.0068161345882,-6.66173719895123)
(9.46859411098902,7.63273288245155)
(-4.49145640718786,10.5337577198076)
(-10.8520551335463,-2.47144906242445)
(0.261300989703317,-12.2303462137631)
(12.8788719619905,-4.07867817834319)
(8.44261077585445,10.4040930084460)
(-6.85967687359421,9.99491987236694)
(-10.6708349350004,-5.20048313719273)
(3.25148389969506,-13.4720388155237)
(15.7691141567186,-2.53420653498802)
(9.55920878814057,12.8801115989268)
(-6.43440350204925,12.0915370096220)
(-10.2481096093475,-2.35909176657506)
(1.75510285384290,-9.23480356083911)
(10.6435060409668,0.457566660675766)
(3.10983853972018,11.1546162958171)
(-9.37477524934263,6.25686727811389)
(-7.93755659844233,-7.44903264099389)
(5.80636513892796,-9.99108025016193)
(12.1911034833734,2.40168844878685)
(2.31070963895931,11.8804462515505)
(-9.16338333721220,5.16265803875421)
(-5.69174181699962,-7.25410396084051)
(6.98157927363312,-6.83395451917531)
(9.57676323556695,5.67840180167199)
(-2.16944716453486,11.4821573075459)
(-11.1669723809413,1.52620196461464)
(-4.10039913847088,-10.0364571018858)
(8.91875863944434,-6.51654457946972)
(9.04894641366393,6.83294131707138)
(-3.72877208725221,10.4348777208331)
(-10.5530962696163,-0.993970929399425)
(-1.25753574687665,-10.6812318546992)
(10.7083511466059,-4.28508449292122)
(7.84257121284345,9.10479808512088)
(-5.87433233414180,10.1223087676184)
(-10.7083402554101,-2.71581854759836)
(0.178877357938292,-10.8605269700302)
(10.8665451915178,-2.68306121254950)
(5.87868194891208,9.72118886348006)
(-7.38382655522117,8.24198561801212)
(-9.55378220398600,-4.91846417076103)
(2.48861212200272,-10.5845417116145)
(11.1872719797858,-0.578530931235414)
(3.94778897367621,10.4696797997067)
(-8.60706583969039,6.52597370739148)
(-8.23846837980977,-6.55852045588910)
(4.36266635780474,-9.72797341231633)
(10.7476921438424,1.47911942609582)
(1.69002715127295,10.5713628840366)
(-9.45903138239229,4.27868613700072)
(-6.38018009614804,-8.13258686447895)
(6.40018303791229,-8.49344327005036)
(10.1968875134207,3.73337404358069)
(-0.550101898083320,10.7315566426905)
(-10.2287994633511,2.33923316841146)
(-4.85703367592511,-9.20850316856736)
(7.61199953712256,-7.18851281564761)
(8.99496681577504,5.29160929482085)
(-2.63428577515811,9.96179026004177)
(-10.2808749256283,0.0512382235406327)
(-2.87593849017839,-9.97535371599894)
(8.70385608666316,-5.61726153413615)
(7.65011571025999,6.61229987555896)
(-4.31102555945470,8.88700851278278)
(-9.67113611495505,-1.89219940310229)
(-0.834827429002551,-9.79158161507508)
(8.91881775260157,-3.34748040441294)
(5.09709671641568,7.67228778543251)
(-6.67494866249921,6.72853369082088)
(-8.91069329802033,-5.10791020359585)
(2.03482313817465,-10.6118844515329)
(10.4789841180938,-1.58167451132821)
(4.21027843203317,9.08836177616297)
(-7.71341759534719,6.10970932421858)
(-8.14319613542017,-5.99935961332268)
(3.23765843968949,-9.56766915143227)
(9.55442950700694,0.474874738696258)
(1.38078701981105,9.27870635221314)
(-9.56558346032096,3.75002694069590)
(-7.51425301211148,-8.44325602060818)
(4.51882514044730,-10.1174849210993)
(9.34328548590421,0.526631875541783)
(0.648645612892877,7.64098631029120)
(-8.17201156286501,1.08336142494612)
(-4.04257858597883,-8.99735673265464)
(6.60345080797703,-7.55624100758179)
(7.67697838343932,2.91130773509176)
(-2.34731579142267,6.11662839131884)
(-7.80481621682402,-3.52798196519504)
(0.950455110898579,-11.9255604043843)
(12.5529960921866,-5.59570837599583)
(10.3924696620230,8.10916993530221)
(-3.25883997917708,10.7640768259995)
(-9.92354993124914,-0.915138383500690)
(-1.04164497218762,-10.2168833160738)
(9.94144542012594,-4.21331710136655)
(6.98394254292418,7.93313594267084)
(-5.59657801266364,8.43483482683896)
(-9.64104574366277,-3.42633061610109)
(0.470575330268275,-10.4590769456308)
(9.77800641385342,-2.58748750704672)
(4.50433095812626,8.59216598346872)
(-8.04380026235455,6.66590210078194)
(-10.1606824443809,-5.94243882749772)
(0.728081618522880,-11.7351941633067)
(8.74376657398752,-3.55391154640433)
(2.95117685198314,5.42112686856342)
(-6.84241093204783,1.41356150482120)
(-4.88097304280799,-9.54948144829395)
(6.93574810973544,-10.5225919396399)
(11.3650780439496,1.09453178857486)
(1.02769314154951,8.93677989882959)
(-10.0804431112461,0.924739572343407)
(-5.88949175103480,-12.9374905134827)
(8.95863431509835,-14.0510777283152)
(15.3834597335858,-1.02301567447295)
(6.25323093594502,8.75830634638578)
(-4.48369451075468,3.59195517232990)
(-2.17649931156436,-6.99761755990465)
(8.32638524049769,-7.00414698935057)
(10.9809474501699,3.18993975873556)
(2.13603845375860,8.54304168362106)
(-5.00178482239634,1.93875903812131)
(-0.530779313188841,-5.88061034698056)
(7.68138922901824,-2.94485054579885)
(6.26383996786926,6.00954262662308)
(-3.39305716813432,6.84701698702619)
(-7.10998321609045,-2.58209909004038)
(0.856054551505119,-8.93043805376443)
(8.93939614022928,-3.08579950608886)
(5.17297046753471,6.03489231032115)
(-4.87787510330655,4.32274261163401)
(-5.82045012234111,-6.56783326240975)
(5.01362893134096,-11.0115925072987)
(13.0544747898619,-1.88458361345421)
(7.06098497138066,8.71785656625926)
(-4.64058955681087,6.33404769224791)
(-5.72493382753567,-5.38158084745296)
(5.17997132286576,-9.84187106581557)
(12.8395917550298,-0.880398975793152)
(7.07338785698200,9.02869626580469)
(-3.39750363477982,6.89522744082242)
(-4.16622433542535,-2.75225386456371)
(4.34514348830874,-5.38733871714481)
(8.50647186903083,2.25379786211010)
(1.90756126929046,8.17153606117169)
(-5.64316342482560,3.37249727053146)
(-3.17952362705699,-4.98031932164542)
(5.10553980091371,-4.62977038634266)
(6.37360261618553,3.36522915842574)
(-1.48869863507091,6.27050308562022)
(-6.53545774702240,-1.16810839702216)
(-0.494609798570953,-8.54953355220225)
(8.62531685971203,-4.91301121028450)
(7.83110470710498,4.96453850066445)
(-1.97767192317173,7.07665419819511)
(-7.08298652660213,-1.80530792436054)
(-0.431219363663761,-9.63257149906870)
(8.74055594269940,-6.41337783947477)
(8.76300669006868,2.00301034498948)
(2.20096463003553,3.46429379889775)
(0.982729513975762,-2.23893595750783)
(7.70602880764922,-3.56625998460469)
(11.2567719945629,4.57931891006594)
(3.57438098129368,11.9978552934419)
(-7.21829791046103,7.44325041434399)
(-7.28889028441334,-4.50905492759713)
(3.39318943889680,-8.94677583033066)
(10.7552846163757,-1.13722091162990)
(6.23853685450398,7.29219888358775)
(-1.79118664288610,5.30845632052659)
(-1.03031219009894,-2.05345890765130)
(6.58585350047545,-1.94565665407452)
(8.05467615912938,6.73214099473443)
(-0.988392580554355,11.3022541293215)
(-9.08438756905777,3.90484330631610)
(-5.09134801101272,-6.46509046059933)
(5.64895531607818,-6.27548213064115)
(8.63680883255506,3.46987160270540)
(0.558880267452580,8.85707010754692)
(-6.55951911435591,2.87904097306625)
(-2.98098545276271,-5.18354891480872)
(5.15273375425570,-3.90550822768283)
