1141639706784284971550986463600.
0.040000000000000001
(5.46243615923740,-0.241131302797920)
(1.17183290418768,5.03980032602449)
(-4.92641968206670,2.00173813631768)
(-3.31023375657741,-4.59191576269107)
(3.43456887995637,-4.39434308324274)
(4.59426697360752,2.31748278933353)
(-1.92762888803044,4.95129990036849)
(-6.19301449085370,-0.931032826930921)
(-1.60035687472969,-6.59381966489729)
(4.80381791641384,-3.61314010616455)
(3.22413366347762,3.00676416214613)
(-3.59338607131454,2.57310240519174)
(-4.51558227835049,-4.56790096226779)
(2.62822470203286,-7.32726191594506)
(7.37761523583905,-0.963251121343104)
(2.54092629649119,5.37802425309666)
(-4.72954522530573,2.44202198611795)
(-3.75585911387693,-5.12904102588783)
(3.57210438699834,-6.01037168216616)
(6.04676143864558,0.612937878929542)
(0.421413461885552,4.28319848483040)
(-4.03790825482841,-0.285463546504274)
(-0.406149064353370,-5.27688465719123)
(5.09566064199271,-2.45432083143997)
(3.16620970372366,3.68940270004378)
(-3.61821720968044,3.02292892268850)
(-4.60840405519399,-4.02671921426808)
(2.12520320778138,-6.73021992431287)
(6.33049404126132,-0.692699026662381)
(1.19549181315131,4.96135360518032)
(-5.98076736898939,1.27850487141215)
(-4.67591593404693,-6.89503927940734)
(3.07506601284237,-8.30615689455198)
(6.18168802432155,-2.24044517233536)
(1.59300863447342,1.03159647801227)
(-1.53279145474307,-3.40171279928659)
(3.30015886788224,-7.58757137961115)
(9.53126312285757,-3.53992207262971)
(7.85535443238264,3.95679495331574)
(0.894468099512277,4.72120370889179)
(-0.909616459378169,-0.917309270280432)
(4.26102478587945,-2.77314293652659)
(6.76914857504098,2.92670982996077)
(0.932786700145042,7.31493705294967)
(-5.53258002835730,2.76984339433257)
(-3.20028076552637,-4.71959162502038)
(4.23779959354196,-4.36938307338694)
(5.32589847103467,2.77228110057434)
(-1.58460936205033,5.31448868114783)
(-5.81603484459802,-0.910700028339327)
(-0.995138732451943,-6.44250746481674)
(4.98345774392878,-3.06090383193256)
(2.36309739689711,3.15019145474056)
(-4.85445538440891,1.13529254291585)
(-4.61553280846600,-7.59996253950140)
(4.54750918664774,-10.5939838945546)
(10.7192231467830,-3.16850079231130)
(6.29837721451745,4.37820731284953)
(-0.801754823111143,2.30199897296277)
(0.404420224990405,-4.10292783965851)
(7.10899398436155,-3.24144522499770)
(7.40330287384843,4.45743689142939)
(-0.819425645623770,7.01770079000446)
(-6.05312042203169,-0.496316332380328)
(-0.469704832038610,-7.95039895067031)
(8.17266369354059,-5.07665180789166)
(8.11928807007412,3.45118385654493)
(0.806638832847020,5.54528285328691)
(-2.31858607468468,-0.220988982079785)
(2.39845680285716,-3.60585594208376)
(6.09895839430269,0.689278491020824)
(2.21210752636819,5.18700036086311)
(-3.18862572727626,2.24472128458826)
(-1.55826114931602,-3.58063459036365)
(4.20917297626111,-3.07293795870660)
(4.52221344541597,2.64498403405741)
(-1.30587348717096,3.93728746103082)
(-3.93350261035391,-1.63702842948134)
(0.663223530137192,-5.30817379002875)
(4.38656770239476,-1.68932802779137)
(0.539470531375562,1.69371350589373)
(-3.86234469548164,-3.49461421768447)
(1.77719890004500,-11.1564864327604)
(13.4106512037813,-8.02633901602999)
(15.5352647972257,5.47877969483088)
(3.65728819413023,13.1181302174779)
(-7.37159057556187,5.21331714172708)
(-3.56222159286103,-6.71023396647533)
(8.03576324825549,-5.89019295878825)
(9.43196056469073,5.45589541609412)
(-1.96631393492589,9.36739887765299)
(-9.38936035855459,-1.47667278989713)
(-1.05994150380595,-12.8648577489020)
(12.8733210526768,-9.44782079202872)
(15.1860307652633,3.78948143979721)
(5.60149968316864,9.87490181789862)
(-0.925301790161323,4.27688337537910)
(2.83595615340014,-0.851659311736061)
(7.36000386832603,3.11827876924001)
(3.21091986187355,8.73274241464416)
(-3.90190861774083,5.78395900812322)
(-2.95343273073497,-1.85697784816279)
(4.30673132390758,-2.54597174730150)
(6.01890983319236,4.26777239372794)
(-0.695614845081613,6.90489344550098)
(-4.65985245523036,0.110600893786181)
(1.93402721109763,-5.87657715127418)
(10.5722789615114,-0.571098858305245)
(8.41674118737808,10.3417922564848)
(-2.67647484623568,12.7215538681788)
(-8.87223725589326,4.26933371403549)
(-4.34904909728089,-3.04741220267134)
(1.66190880891221,-1.19872451982842)
(0.249409782058701,3.27279981448966)
(-4.10859752441533,1.34033486745808)
(-2.37243401124299,-3.97290626019867)
(3.68217508914611,-3.38350879240158)
(4.37475500141530,2.77626587449694)
(-1.77279597171809,4.56688417995670)
(-4.99551613729093,-1.60324181888167)
(0.489092288878432,-6.77933660169857)
(7.21347095546233,-3.24344368633852)
(6.10482154735855,3.50165730168362)
(0.627825900691681,3.71175572490834)
(0.769328894913342,-0.910673353227706)
(6.33610988538648,-0.124319279345439)
(6.61169513483269,7.56285732775875)
(-2.22164151637602,11.0455830034281)
(-9.41291548978900,3.51350891042169)
(-5.03264839926957,-5.88259230238167)
(4.57448983357738,-4.73300276388667)
(5.65677046748204,4.10363651754234)
(-2.47830557294590,6.69301927898103)
(-6.59815502685383,-0.915018681212976)
(0.136033254161820,-6.82289873512310)
(7.71209080699659,-1.67453787826399)
(4.72938691501066,6.93888670648096)
(-4.06985090801166,6.21952639724780)
(-5.24329346246657,-2.13949528133467)
(2.53153302163030,-4.76539927518217)
(6.55082717720451,2.51642460271870)
(-0.00885284409119230,8.19876958508979)
(-7.36887110361420,3.06728610540873)
(-4.31939436869890,-5.36155732131609)
(4.32494580756722,-4.45480434148420)
(5.19530273371684,3.92208445044396)
(-2.83255541227117,6.35483628993574)
(-6.92509577520921,-1.16649307630292)
(-0.375375693870329,-6.95953093815181)
(6.83309156240324,-1.89315344322007)
(3.54021756703950,6.26543151439321)
(-5.13386836042693,4.86206914459451)
(-5.68176519344960,-3.91327275312413)
(2.74743735011503,-6.38360409642441)
(6.97987812363577,1.29398252251329)
(0.364960549046314,7.08250717008312)
(-6.77893551585592,1.82899804049595)
(-3.21905063007478,-6.37980006059960)
(5.60505992715520,-4.76470379110341)
(5.98846968686385,4.16608872331987)
(-2.62318986698371,6.44736957131943)
(-6.66840841032772,-1.51995814104052)
(0.352355171944206,-7.21251333536233)
(7.55444121796542,-1.48455787798646)
(3.51775736556607,6.98306675386532)
(-5.78340730542578,5.00549120030004)
(-6.04712751598936,-4.53491291332004)
(3.14841620913108,-6.96664930457908)
(7.54521405004840,1.44840679096589)
(0.271098712628295,7.62182978166640)
(-7.43695981794733,1.90075734436311)
(-3.63971309420903,-6.90181471545343)
(5.71295481499141,-5.15856618726131)
(5.96982912856054,4.34302630010333)
(-3.41023619755073,6.63498856210476)
(-7.88916200214297,-2.18129004103155)
(-0.353009163724625,-8.77276999881366)
(7.81931306764889,-3.16510952456351)
(4.35960560075934,5.84402559320654)
(-4.93656272248165,4.39841840042498)
(-5.36002173669982,-4.90826350880339)
(3.73452233838876,-7.20120125693390)
(7.94517540784537,1.35094107524928)
(0.378794604140422,7.45864686424291)
(-7.45630884011381,1.41493328184080)
(-3.48357382374500,-7.70291251626425)
(6.16626852327168,-6.10334490689019)
(6.76620076507919,3.30304579442316)
(-2.00854462336041,5.61195972445910)
(-5.70392693353447,-2.58833151455769)
(2.00012408178886,-7.79722908177862)
(9.04238524329684,-0.935252795642056)
(3.77020860590735,7.94794617072923)
(-6.43215821422653,4.98716115088426)
(-6.11217539121544,-5.70926932393576)
(4.30432697528757,-7.96136506738474)
(8.87819269631247,1.59351713115771)
(0.651542116393885,8.19234401340920)
(-7.59600167952236,1.71028860985557)
(-3.16024900721126,-7.69387184445750)
(6.87736789118984,-5.41923416610951)
(6.74268450252364,4.81105672384869)
(-3.32761482038705,6.77022323415046)
(-7.35256518277288,-2.80337066858059)
(1.35028276729728,-8.86485450113943)
(9.38380045621866,-1.49007492491837)
(3.91761657764305,8.30567537353159)
(-7.11085052239297,5.33385293147810)
(-6.91540204594907,-6.10067812322224)
(4.16357354669111,-8.51556964415840)
(8.89928717279690,1.80890157310194)
(-0.372359785568699,8.85747424205972)
(-9.79941424020255,1.35837876343777)
(-5.11970105471001,-9.89505783495566)
(6.62449920326912,-8.57030078761381)
(8.13790526121330,2.36373818962903)
(-1.59352798976882,5.71428322356676)
(-6.31237833291296,-3.15224293228270)
(1.80925046250243,-9.49930353564375)
(10.0258647493186,-2.68209909848308)
(5.25476763535915,7.02121992899419)
(-5.17326740616751,4.57685219035969)
(-4.90217801216101,-6.02589244072393)
(5.66383951849305,-7.82682800429525)
(9.71152142066732,2.45260305224998)
(0.311844987875868,8.92394874572178)
(-8.38079370801066,1.19899387735033)
(-2.91633376461253,-9.09747189169932)
(8.31114163774694,-6.05811071382567)
(7.70424004624780,5.70891291069279)
(-4.31206642135849,7.82121567516987)
(-9.62868116628221,-3.67326703598418)
(-0.0500473793191190,-12.1190054961516)
(10.3519124121300,-5.65204973999148)
(7.01071418535563,5.05592070910375)
(-3.14025497220979,3.84190716683472)
(-3.29786801783699,-6.02755334328338)
(6.68912658090247,-7.78960678133189)
(10.5756994512382,1.89272506712597)
(2.00572496848253,7.70027956118754)
(-5.03692223149595,0.390042610961258)
(1.46626095841077,-7.83506690966986)
(11.6521676683127,-2.29629583728832)
(8.43458659142184,10.2308125336102)
(-5.36046765111465,10.8617901657769)
(-10.1325461677883,-2.22672235734574)
(0.814058102322039,-10.1313205952887)
(10.6805749036859,-1.65788256235385)
(4.60499025165678,9.60149318506113)
(-7.72143385508094,6.14972789528596)
(-7.21292645747283,-6.57166268050622)
(5.04123139672924,-8.87330279697768)
(9.65280079544377,2.43069038221269)
(-0.631517420557711,9.07131995530788)
(-9.40951971320471,0.0240887719445625)
(-2.26182421499142,-10.8919012864038)
(10.2831887963274,-6.35795080986850)
(8.67548232317567,7.06037442265009)
(-5.05584219457475,8.45155593812519)
(-9.71486799492807,-5.09037848699603)
(2.66174185040899,-13.3526924382163)
(14.2190586795877,-3.60014149492519)
(8.23534100917071,9.95184374318026)
(-5.63221336990623,7.81667689135818)
(-6.53639717851454,-5.27923714968815)
(5.59268145846558,-8.39832597833787)
(10.6807510972241,2.91662045055681)
(0.318954922434611,10.1314163862346)
(-9.06939498124326,1.24805297139023)
(-2.24796137111337,-10.0237928785197)
(10.4446902115714,-5.66489936613735)
(8.84498376802231,8.01279460102557)
(-5.34002120962155,9.55875645456011)
(-10.4699351852351,-4.33219121750540)
(1.86691707807914,-13.1447887447006)
(13.6755191749196,-3.73518608857418)
(7.96938239791704,9.63339341399133)
(-5.48376633379030,7.37531173580813)
(-5.78332534588337,-5.46983361865503)
(6.62211032190313,-7.74786280045576)
(11.1240953935638,4.44346984827982)
(-0.335262392891312,11.7415921671474)
(-10.4084090238315,2.15004311063021)
(-3.56595563747514,-9.83838413295744)
(9.31625335891957,-5.83243378350462)
(7.84360796924695,7.45439983585129)
(-5.74402947802131,8.53758349556060)
(-9.77794955094464,-4.96145910225073)
(2.76246533963509,-12.1098438008652)
(12.6475065317987,-1.36520629770558)
(4.13370599239404,10.7520526778696)
(-9.96464311463153,4.87244049446120)
(-7.52508380886437,-10.7974146560337)
(8.52173230463286,-12.5540956330447)
(14.2565502181520,2.23194862966915)
(1.63726656778134,10.7744603088942)
(-8.84002108934447,0.0740675200620265)
(0.202651831656355,-12.6383552517859)
(15.7449139467010,-6.27928926655031)
(13.9504507669221,11.3082524512813)
(-3.27659615533899,14.9450886476598)
(-11.1630981137534,0.408364008928169)
(0.0955869680067251,-9.59820257891818)
(11.0324845834790,-0.732776388278279)
(3.87882816607181,11.3726297572697)
(-9.84757092930766,6.43187572206841)
(-8.10131558167467,-8.37585958625290)
(6.48310124287241,-10.0252106725677)
(10.7330752366379,3.46394363956867)
(-1.85537028486711,9.53283588871317)
(-9.96747325676510,-2.75214391262182)
(1.81167012779705,-13.9910825254845)
(16.9929961666238,-4.19649025262117)
(11.2602234631163,14.4727675107396)
(-9.13399223387381,14.3289586451420)
(-14.8771854071307,-5.50445405241355)
(2.47217815223895,-16.3163148969914)
(17.0084537169468,-2.55778360927386)
(7.20205277633311,14.4616204677609)
(-11.5011743426601,8.68913408397085)
(-10.1085245688727,-11.1430463594120)
(9.89071428123863,-14.8116305672177)
(18.9346378777783,3.56537557837300)
(4.24561414373352,17.0519404725994)
(-11.5643379256383,7.14134680872055)
(-5.89521282629584,-8.93800513653131)
(9.71764966964132,-6.13834264108140)
(9.04171932436283,9.51609075740727)
(-7.16787452636516,11.4345782167153)
(-12.6267720318534,-4.86535785382681)
(2.50105804404290,-14.2428673846643)
(15.3528818633070,-1.52851033237775)
(5.83414920558102,13.9867917139103)
(-11.5345921082963,8.14185082188001)
(-9.72639755868916,-10.2177808864607)
(8.62327299317011,-12.5754266164238)
(14.9213180344534,4.83220420383299)
(-0.903820757131039,14.7176701697852)
(-14.2266334573501,1.02183247335756)
(-3.58244500471366,-15.6566124292202)
(15.7932569651184,-9.40792468797139)
(14.9837924095352,11.0139100531177)
(-4.34873911628652,15.5250152687976)
(-12.8897487937366,-1.20861082525167)
(0.956231998569986,-12.2857840115120)
(13.8223044916658,-0.909162547851014)
(4.74489771161782,13.7418734634837)
(-11.7199495416999,7.38529910047368)
(-8.70571212852365,-10.4981178765875)
(9.91829217207581,-11.2727312568646)
(14.8047089461009,7.32232101206033)
(-2.75451656062951,16.5659782692081)
(-16.1930914172827,1.35687021876794)
(-4.52437470931407,-15.4395771266361)
(14.4737262116051,-7.88644846741756)
(11.1820002067270,12.4434040200357)
(-9.83573783686343,13.7730899414227)
(-16.3931578355402,-6.76943484436892)
(1.73078964204150,-18.4773590548176)
(17.0964315682305,-4.49119832979123)
(7.43176695759710,12.3640465611604)
(-9.78163311283088,5.77231264056418)
(-5.29939000546452,-12.4245962767875)
(14.9740110274183,-10.8453280309044)
(18.3259324073723,11.1296801341921)
(-3.11005836115927,20.7185988267961)
(-18.3254956879609,2.43358685228600)
(-4.58979867207789,-16.5937977822964)
(16.7143005287725,-7.54130646426849)
(12.2959043904232,15.2999905785394)
(-11.4717010073842,15.9550339150691)
(-17.7694044615556,-7.56832546117675)
(3.86101966487635,-19.5458022206182)
(20.8181369036529,-1.41779714283849)
(7.39168559369202,19.2782582202775)
(-15.5290973574589,11.1811228733189)
(-12.7640444498733,-12.4989510069060)
(10.6203209188486,-14.6512662096898)
(17.3456489812534,7.84342470944669)
(-3.68008414973214,19.1577442762252)
(-19.6394866274346,0.630688879919935)
(-4.96117460307893,-19.4867525296701)
(18.1654666404033,-9.72955054938270)
(13.7868549386453,15.0602417089963)
(-11.5388181380751,16.1601563380776)
(-18.2377517914078,-8.67312973613537)
(4.80736931536373,-21.0329829335046)
(22.3866483186264,-1.33585839506546)
(7.36907797597492,20.3090063208908)
(-16.8349107405766,10.6063853570545)
(-12.4575709911963,-14.8893657155149)
(13.5114052044980,-15.7470048806986)
(19.7952329756993,9.96150443014317)
(-4.52510365550772,21.9510997336213)
(-22.0572860714605,0.547601241884485)
(-5.01998254623311,-21.6803667655547)
(20.6656797016668,-9.97606365193325)
(14.8577264827091,17.9341387487767)
(-14.0566464609386,18.4744114451342)
(-21.2687159951184,-9.97363977664092)
(4.97584457971626,-23.7066899270056)
(24.4128333260819,-1.28561125727305)
(6.94093248097165,22.6150401862462)
(-20.1574116721985,10.7270144578968)
(-14.2578431474508,-18.4287875020337)
(15.8237917323273,-18.8606338984140)
(22.8302000530300,10.8791908120806)
(-5.12417169340984,24.4707477279279)
(-24.9303512689069,-0.140110872466260)
(-5.14658173222734,-25.2993890386091)
(24.0922113335693,-11.4782857347495)
(16.9239205982460,20.4614591859118)
(-16.4377177145430,20.4495373750444)
(-24.1738227329742,-12.8893848089415)
(7.06169300318333,-28.7583466200913)
(30.4432131621201,-2.21838336641359)
(10.7110039727210,26.6857980645846)
(-21.1336946405589,14.4329611952541)
(-15.7881660293164,-18.4772037887112)
(17.4603825099017,-19.4440240200526)
(25.0004258293667,13.7093627353275)
(-6.84662751994540,28.5488080570112)
(-29.1290489145119,0.0793821392382260)
(-6.17605506144944,-28.7232121360150)
(27.5119093464757,-12.8445114391150)
(19.6469086669381,23.8621926694829)
(-18.1177424218148,24.4720674052894)
(-27.1447603625491,-12.3632113377734)
(6.98840453502901,-29.2519065484036)
(30.9638009683437,0.744703446686570)
(6.41980224291217,31.0020984576703)
(-29.0805351732911,13.3123965483915)
(-19.5276105429776,-25.8794054643094)
(21.3953619007656,-25.2549998468508)
(29.9381792479301,15.3667011860643)
(-8.38865409905394,32.9392797114002)
(-34.4660430824247,-1.04894659964789)
(-6.78703952562449,-34.5293590572355)
(32.4786034707736,-14.7192764951301)
(21.6009017880335,28.5454400263505)
(-23.8314539354281,27.4377810611671)
(-33.1836047370403,-17.9780746277797)
(9.50210797135719,-37.8644961017772)
(38.8840967708385,-0.653429531938975)
(9.11459393435271,36.2941601245115)
(-33.4223589635379,14.9366280261715)
(-21.0756265606286,-31.7188080424667)
(28.3867439988735,-29.3166274634593)
(37.1258747294406,21.0103028743160)
(-11.2091860728701,41.5555862519398)
(-43.0262226536750,-1.57775202558963)
(-7.84201499076702,-43.0171887839082)
(41.0407374935356,-17.7354478354690)
(27.0284100215249,36.2832174970547)
(-29.6547973572768,34.5408046226942)
(-40.7129202809241,-22.0513949027450)
(12.8873898137306,-45.7572260685484)
(48.4023673770270,2.08795227248179)
(8.79968481500186,48.0534106258590)
(-45.8217996094757,18.9216354024205)
(-29.0982251872621,-42.0789759301512)
(35.4977945440811,-39.2506699164266)
(47.4054588738619,25.7402912618471)
(-14.5528413082250,52.4220318485576)
(-55.1780344633515,-3.11931737375144)
(-9.11795826242140,-56.0833300973398)
(54.0135749029648,-22.1230762436763)
(34.3600890983503,48.5446268997066)
(-40.6868839748536,44.9473522226430)
(-54.1813464566048,-30.8092591245497)
(18.3833173709927,-61.4978827023682)
(65.4972434667036,4.06177716769178)
(10.5889931121735,66.1031662783953)
(-64.0652820245946,25.3071486758864)
(-40.3424178384546,-58.6885462699776)
(49.0033021959874,-54.0461287394174)
(64.4185429547078,36.4666128842383)
(-23.1290370852360,72.2256242164884)
(-78.9983869832294,-8.03814407667477)
(-10.7167741228270,-82.9152721740019)
(80.7233391695427,-31.3520764330152)
(49.9887052942402,72.8376303253895)
(-62.1822143820991,65.9882013049748)
(-81.1907145576129,-48.8332661404837)
(30.5092782727882,-94.6279081214858)
(102.800722318672,7.80040703445614)
(15.8654006405882,104.830468694886)
(-102.679767330717,39.1900925265085)
(-63.4072962598645,-96.4684647709030)
(83.9755595350508,-87.9074838325596)
(109.665863896722,64.6880908945441)
(-40.4243923843249,126.877969078477)
(-139.515180555304,-12.2089351189808)
(-20.0491597282479,-146.697523690004)
(146.680869749798,-55.3234004844636)
(91.7285982579967,138.751652504022)
(-122.730423334406,128.041736146418)
(-162.952855034546,-97.8592931294879)
(63.7760596635286,-194.356808787382)
(220.442215645678,20.7691701494947)
(31.3068122835331,239.361968782269)
(-248.310935798332,91.9765105667864)
(-159.714822092929,-245.552951326882)
(229.993624664169,-235.485716008699)
(321.245732915972,195.703497884929)
(-135.786558082249,412.906164522976)
(-511.989444021012,-51.7406443007178)
(-75.8594642510209,-646.684087008706)
(820.800381742577,-347.041325218174)
(893.593086554632,874.393215856798)
(-460.063887561448,1633.64058563755)
(-2071.67648162578,641.115038465159)
(-2065.00429618795,-1557.32896230592)
(-32.3972259535594,-2874.85274314481)
(2296.84626765407,-1895.99862886027)
(2821.45737836431,538.797422815278)
(1255.82122715132,2244.12929121390)
(-749.012656264243,1987.88543886895)
(-1511.90188755252,528.048063435559)
(-921.504020019577,-562.641633572622)
(-75.8851998811038,-619.824132369917)
(199.669369270774,-192.646505668577)
(50.7400834008175,8.15458097392583)
(-17.7140908144727,-65.7034794736181)
(85.5746030114503,-73.2107151097806)
(102.251981576385,63.8079650883238)
(-40.3603192740306,113.524789103860)
(-120.396893563378,-16.0118424020672)
(-11.6732945016036,-120.244062332722)
(111.508307121580,-37.6873307959466)
(59.3507163808591,97.4991405092886)
(-79.8513939275194,77.1146108324875)
(-90.2540495673802,-58.8653722073946)
(36.1177260854248,-97.8127498177628)
(100.104440858119,13.2023231601829)
(9.03909686800067,97.4757820259035)
(-90.1450990073951,29.5109036968380)
(-47.2220347976855,-78.9554821708829)
(64.6760193835008,-61.7856711423999)
(72.5591818228719,47.8688043498964)
(-29.8474336351972,79.0578732298541)
(-82.0484117183353,-11.5596583178538)
(-7.72484374410689,-81.5787392018264)
(75.2562882278930,-27.4119422647243)
(43.0571697972013,62.3892356644727)
(-47.8479683105133,51.4778619027359)
(-56.3715893047256,-36.4916426142724)
(25.6870746321075,-62.9676764920186)
(68.8869953220144,9.79985958164245)
(9.38890304658465,67.2936405125006)
(-58.0951118506073,24.1458403877759)
(-32.1566039576870,-48.3582167806867)
(41.4454830351703,-38.7549944674818)
(47.1470230097274,33.3304249724056)
(-20.9561155535412,53.8040179057214)
(-55.3368598192790,-7.23046632006589)
(-4.47034247161131,-53.4444717778458)
(50.5906999761147,-14.8805940077849)
(25.4318437058919,45.9989854219994)
(-38.4220090933647,34.8901945182535)
(-41.6769659326841,-28.8917519973252)
(18.7420313563308,-46.0480828455128)
(48.3806595426288,7.99479280295832)
(3.08598026593004,48.1182398610070)
(-45.2618093792567,13.4394370024511)
(-22.6618312346550,-40.5044383979103)
(33.8443841499643,-30.7393066833377)
(36.7239618643318,25.3156215357252)
(-16.3408636076830,39.9935042853783)
(-41.7706881777620,-7.94631620000391)
(-1.03726653408671,-42.8769035945158)
(41.5741481343423,-11.3430487292028)
(20.6723476631491,36.5006392060283)
(-29.7803812812462,26.8157456353019)
(-31.3082762012545,-23.8742290134135)
(17.4063117457697,-36.4069132901886)
(40.4520095109297,7.93031613616622)
(3.03176967482280,40.2412330878178)
(-36.3448769542106,11.8126005373054)
(-17.9620982370254,-31.9522802615434)
(27.7541769333769,-23.7473228202512)
(29.5205755500802,21.9574844596191)
(-14.3204136717008,33.4886730669844)
(-35.1552422768320,-6.40809952014448)
(-1.32408647403390,-35.4286766764153)
(34.1203504035362,-9.36187899894345)
(16.8958596930700,30.4542579467995)
(-25.1802008492163,22.6421048040993)
(-26.8944692430793,-19.5405818212012)
(13.3233443763952,-30.3606467549641)
(32.4208125276396,6.16317365484727)
(1.00584870203743,32.6705230062195)
(-32.0675034136625,7.91368621456482)
(-15.8875018541481,-30.3186357457548)
(24.8980381196522,-24.3719288277983)
(29.4523619355390,15.4570307358080)
(-6.29608700597253,28.9527860799636)
(-26.2094249072067,-1.13613062980928)
(-1.87392955242213,-25.3801177678291)
(25.6857033781463,-6.49233644329192)
(12.4608861324023,23.9230914230489)
(-20.0624913664869,17.0719654187663)
(-20.2004273347212,-16.2625944356617)
(12.3990006242225,-23.5672238920110)
(26.6864619590113,6.73956426274785)
(0.280168327753623,27.5044998790887)
(-25.9378235013400,6.59760221563896)
(-11.7533147933982,-23.4627986653317)
(20.2896895045606,-16.5408498909396)
(20.6094822822901,15.7967620921408)
(-10.5702096146769,23.1096890050343)
(-24.4863578370270,-5.49285442561089)
(0.108006843216749,-25.3023075355506)
(24.6958781413552,-5.95298498717884)
(11.4629762254963,22.0371296478841)
(-18.4492446069696,15.4342577594511)
(-18.6597850162041,-14.8609011458437)
(10.4838415535980,-21.6930121699836)
(23.3851342079457,4.91647073055869)
(0.456800443312249,23.1067939030082)
(-22.1104675026629,4.82258848702177)
(-9.28861862218691,-21.0453094929590)
(18.6067088230818,-14.2821394432785)
(18.1852691531568,14.2433304274743)
(-9.55030127207811,20.1218908895064)
(-21.3708427868411,-5.44270195431143)
(0.763154274418277,-22.5257585622692)
(22.1706448067887,-4.85452214310056)
(9.75455535519204,19.7963948074189)
(-16.9247894576143,13.2500229292378)
(-16.6115334811078,-14.0221656197899)
(9.68519774925370,-19.8275605483676)
(20.9674982125906,4.13924855578081)
(0.230307879441258,20.0499420135178)
(-19.6015452563308,3.17663855756076)
(-7.32587423165458,-19.9425051154123)
(18.1529394606409,-13.1257211048810)
(17.4387771042752,13.3349189002721)
(-8.38949382030987,18.8695736745545)
(-19.8217670897898,-4.73074753926785)
(0.0769586535821309,-21.2516880745063)
(20.3687165552208,-6.22677317353482)
(10.7295539398746,16.1706000411119)
(-12.3144384182633,11.6468774799595)
(-12.3379302961558,-11.2621810966033)
(10.1070939710472,-15.6557178209730)
(19.1620230255856,5.71017167963210)
(0.133611164716023,19.5194973879007)
(-17.7314041613388,4.24579361094356)
(-7.07069332307088,-16.3838011495031)
(15.1073722443706,-10.5447322207058)
(14.1506693137367,12.2971770867823)
(-8.43546587178663,16.4267262002098)
(-17.6817193834481,-4.63180732968897)
(0.480495518447390,-18.4423910801381)
(17.8132408141287,-4.15903489386402)
(7.90463994084991,15.5838769303517)
(-13.2428383764324,10.3104006620866)
(-12.7342743244770,-11.2109488380988)
(8.09464637358794,-15.3201365937082)
(16.3934739508664,3.94128090782778)
(-0.684529469125829,15.9937268765979)
(-16.1834466633921,1.73361224292923)
(-5.60647986340148,-16.7590255876877)
(14.9595237189091,-10.7299532526223)
(13.9336235267156,10.6128108205750)
(-6.87859338580563,14.5414702057819)
(-15.4050837251846,-4.59756910644453)
(1.02484358348061,-17.1391754978190)
(16.6807042867811,-4.28220359685871)
(7.83619790433122,13.3572527849021)
(-10.7950079772593,8.49051934149891)
(-9.74311009861485,-10.5124681017310)
(9.15406664833593,-13.3398555539080)
(16.0645129704317,4.70214585707533)
(-0.0243637832261998,15.6117500243999)
(-14.2958540032117,2.57025227234448)
(-4.99553186003117,-14.0251960948208)
(12.8521284821065,-8.65947178534914)
(11.2955970586506,9.59734904512725)
(-6.79635283279941,11.6677358208782)
(-12.4474598985777,-5.81193698696513)
(3.84594184634884,-15.1610645219678)
(16.9572213317829,-0.974184869681922)
(6.09620800112680,15.5230157965832)
(-12.7275223503224,9.09390535668599)
(-11.2156760946348,-10.5218630049361)
(7.74173100478107,-13.6522495018470)
(14.8446545635848,3.69146051175766)
(-0.332447048402742,14.1678459962156)
(-13.7320535247453,1.67482139435174)
(-4.52994107531170,-14.0770775045288)
(12.7402065509621,-8.63173882308265)
(11.1963960707174,9.25785846237770)
(-6.54860425243122,11.5859087099078)
(-12.7290213920671,-5.26050114371882)
(2.27293718337866,-15.1253532563377)
(15.1988015933501,-2.92950478483969)
(6.33967549433567,12.0650587761848)
(-9.87659654914110,6.54149164633430)
(-7.62848934758456,-10.4933177850177)
(9.89973948508067,-11.8591959733258)
(15.4035035828108,5.32283254411368)
(-0.0591724118713390,14.9859548952916)
(-13.0785140017710,2.49217198670519)
(-4.09818701920371,-12.7042970823658)
(12.3949976035908,-7.22079093965975)
(10.4384788899375,10.1005636443050)
(-7.16409771449798,12.0168909433562)
(-13.2312030468469,-4.85974089048155)
(1.70163450397305,-14.7952677577828)
(14.7208371317316,-2.68443914391244)
(5.84196854156228,12.6414755477934)
(-11.2637708203108,7.36716924689106)
(-10.2643072182077,-10.8443635183866)
(7.71163111229679,-14.7276277886775)
(16.2464112155081,1.15562279424675)
(3.93701067673372,12.9739946410553)
(-9.31960716156932,4.53338168339477)
(-3.96775531464858,-8.92704407439086)
(9.56786969790328,-5.78450824761324)
(8.55454217230716,8.24097222753229)
(-5.90869365105980,10.0150100723000)
(-10.9749886071716,-4.00282502656290)
(1.53824240352641,-12.0642895928975)
(11.8961878362890,-1.48714053720372)
(3.24179134125438,10.9677782929547)
(-11.6470671343548,4.80593272975881)
(-9.52169772464992,-12.2112758074062)
(7.71549766481662,-15.4595904444773)
(15.8556876956085,-0.706868293687766)
(5.06304704393057,10.0379159981180)
(-6.12272920314348,2.49789641753675)
(-0.271361757891082,-8.81793196981596)
(12.2569199350378,-4.31256137508552)
(10.3729872004391,9.91024366979883)
(-4.35293416326144,11.9495286403019)
(-10.1523725973445,-1.41270914700818)
(0.916654820229791,-9.68672459630626)
(10.7187846690773,-0.674232329403353)
(3.50953029359096,10.6590737113103)
(-9.49523323211459,5.78500090335046)
(-7.75476482300230,-8.29615999901496)
(6.34564626720251,-9.88261881019852)
(10.9356033760325,3.53360549215441)
(-1.45528391018171,11.0430233006369)
(-12.0973268815099,0.436447219293157)
(-4.64160489903959,-12.9480491140987)
(9.99431278629446,-9.63392348194959)
(10.5362461460598,4.51769798296589)
(-2.34436942475427,7.84949906337000)
(-7.86731977008321,-3.86126727548744)
(2.53972923348102,-11.7158886881334)
(12.6407085961373,-3.45296074944617)
(7.22546692007340,7.95920424300948)
(-4.43001433501956,5.16491836239120)
(-3.63332585281437,-6.49521750714239)
(8.33086517510746,-7.76362955124429)
(12.4179243480719,4.18837137118289)
(1.73529647994381,11.3938357416396)
(-7.76088657566168,3.18300509860855)
(-2.21704693307525,-7.34525887962951)
(8.72132738895895,-3.96269978264436)
(7.30270644960059,7.45780005434158)
(-4.51357556313709,8.43880847745200)
(-8.29537823980304,-3.01979014522674)
(1.85272627606069,-9.32628851610617)
(9.97658792525382,-0.914293271387977)
(3.21658416458342,8.64136036483260)
(-7.91706445590500,3.67877661246033)
(-5.59486610385046,-9.02791472166159)
(7.76181736124927,-10.3770040616859)
(12.9983951463789,1.92467444924924)
(3.25025319259946,10.0654948074932)
(-6.24359982944855,3.33805533612628)
(-2.03925723778777,-6.32583703310215)
(7.39537547986091,-3.83688997499357)
(6.07791961103601,5.60624926594448)
(-3.89435109863759,5.50131394628061)
(-5.75636495716377,-5.27361882424058)
(5.17800903285399,-10.1989213844555)
(13.5710378544842,-0.801735261353395)
(7.44172223194266,9.93936752489124)
(-3.56723365338372,7.40550582136776)
(-3.36225954705598,-2.51773790862166)
(5.81392053539827,-3.26298304283728)
(7.52504119515202,6.27887421992415)
(-2.57977482703675,10.1742349864160)
(-9.57359911909863,0.727065850231731)
(-2.39780987125796,-8.98173917559899)
(8.73767893972627,-4.93774977180993)
(7.77453791237472,6.36400205834291)
(-2.87971521379549,8.01702678116546)
(-6.61725456896239,-1.52575690341648)
(1.60561357208307,-6.82857710838728)
(8.09366180946761,0.0976901071644454)
(2.40995693439162,7.66831768928256)
(-6.27831795303694,3.42372099619060)
(-3.91467697806721,-6.20768312877387)
(6.13062617797148,-6.08954286220985)
(8.28693674454731,3.70024278404631)
(-0.725759897214912,7.88818354603174)
(-6.66236934477560,-0.0366637648521857)
(-0.0627155569250488,-7.52614579182208)
(8.82328037217478,-2.56355109510257)
(5.93275606445117,7.45144239245135)
(-4.65641172779647,7.08606558845729)
(-6.99397569830386,-3.18697377474438)
(2.03154718185400,-7.82652887191958)
(8.09956878020501,-0.467679814427384)
(2.07794905748319,6.34529647119171)
(-5.60552919908181,1.14367276661963)
(-1.44117273755745,-8.08802208537079)
(9.52060953688592,-6.10541727248692)
(10.8729579958903,5.59052468608076)
(0.0920939200567413,10.3982534185267)
(-7.25497210833964,1.72873522219229)
(-1.01383247508442,-7.05822664704903)
(8.48768628407925,-3.14011953690954)
(6.77840715582891,6.55589303254951)
(-2.61275284116742,6.80908989332204)
(-4.38360173981264,-2.06394021352530)
(4.17447902298296,-5.15167829818523)
(8.95331557378392,3.18282687050720)
(1.43796126903284,10.1376173857680)
(-7.52667342910072,4.47364295734167)
(-4.38432837677800,-5.63156903160176)
(5.94293119653902,-4.99729955332476)
(7.51788281316781,5.02729986446699)
(-1.90785322968026,8.62274705308112)
(-7.40252559975020,0.123220533081833)
(-0.164079721447624,-7.08882537834250)
(8.58467640872338,-1.42078919121706)
(4.90996799023295,8.66006013199538)
(-6.02569112709557,7.49262545282533)
(-7.63026757426871,-3.47984392627781)
(2.56236249032939,-7.66240873589490)
(8.91903001393686,1.24385602552862)
(1.63853123594841,9.47785175991292)
(-8.18542470059782,4.28313686875872)
(-5.56997307436380,-6.55128705963128)
(5.43283696842108,-6.68725588510305)
(8.07553306049864,3.74629008989876)
(-1.37569512313498,8.52592691103896)
(-8.08045510517352,0.315501853812951)
(-1.51503923873431,-8.20481480840117)
(8.50472321450810,-3.89983132111187)
(7.01115916461120,6.86228985549750)
(-3.41761056141698,8.25318241134119)
(-7.13234613469817,-0.929560928491232)
(0.494850210673337,-6.12936206409512)
(6.64924849925233,0.150546768208400)
(1.53994320343947,7.22894546756937)
(-6.53872814889574,3.51721554113821)
(-4.64975492670617,-5.30725100438661)
(4.37498609907630,-5.45191993697381)
(6.47639853521004,3.26020909698356)
(-1.55291273503923,7.16396615652444)
(-7.10463666184242,0.173126622014007)
(-1.52125800872593,-6.76429917275176)
(6.42064496139655,-2.84840637876819)
(4.30063412107600,5.72053444661602)
(-4.54463762922774,5.49564338261227)
(-6.28654298637234,-3.20637170788489)
(1.79207815847606,-6.84319565763791)
(7.09483097695240,0.202527862290950)
(1.38267300671380,6.89756905173824)
(-6.41545257607761,2.79297135139189)
(-4.16479616158459,-5.72090931905073)
(4.58634176271905,-5.43072253921191)
(6.20169236285572,3.11564685346260)
(-1.78097483337358,6.52787760684446)
(-6.86766286636645,-0.532511524266448)
(-1.11168089392638,-7.07318419386453)
(6.53262139923008,-2.93093013780588)
(4.18782565687555,5.42034878261580)
(-4.47599770800127,4.98228844805733)
(-5.99620748146096,-3.56212542138585)
(1.96011450032828,-6.97378536363971)
(7.06054492859236,-0.0390228846098860)
(1.51348800102431,6.45038629281571)
(-5.95908780818262,2.58081374286206)
(-3.88239961842198,-5.36904966524738)
(4.11116110913567,-4.95366945651741)
(5.16055752620235,2.91199038020351)
(-2.54166833419738,5.46114957168151)
(-6.83459986074766,-1.80955281138021)
(-0.612524327722874,-7.91191185869572)
(6.92497257237057,-3.38136342153477)
(4.40836138442381,4.95132792430837)
(-4.12805549096241,4.45753594178977)
(-5.54090035396688,-3.82182706647056)
(2.08678723248764,-6.95672499587042)
(6.67037882478735,-0.280683360955512)
(1.09775726271163,5.48126085064642)
(-5.68720385845198,1.11529052576379)
(-2.74085455516163,-6.58840175556173)
(5.64988542028880,-5.38724948728208)
(6.48169572956300,3.24026386061934)
(-1.76530784779299,6.19429551727761)
(-6.64022122418534,-1.03826259725782)
(-0.870468702176739,-7.38791828065595)
(6.48659872534081,-3.25477256872210)
(4.07751679854269,4.79951041988893)
(-4.34694488713263,4.34061089097860)
(-6.00047665573887,-3.80463741757833)
(1.09801397747951,-7.19485978391273)
(5.39926248840128,-1.33367816826057)
(0.212061769032621,3.47631883501890)
(-5.68191468575122,-1.43251298526641)
(-1.79809552449997,-9.17839685410419)
(7.41581044432609,-7.77492508935284)
(9.11716734678715,1.26037981602318)
(1.72239864916420,5.12359267866489)
(-2.84290146443022,-0.616681075868230)
(2.22110217513816,-5.44657878182529)
(8.07312445184783,-0.606072092379266)
(4.22846596770176,6.97501828494128)
(-4.69514736405149,5.31729194245014)
(-5.67675372883777,-3.76994127839179)
(2.65425145748981,-6.95714079638637)
(7.54567989165480,0.398661156969361)
(1.27756386350522,7.01753651444931)
(-7.18424568326352,2.55940068370952)
(-5.63239737599835,-7.04816612569615)
(3.47246151521622,-8.78894921894977)
(7.48893739002831,-1.74074521380448)
(2.73380540678879,2.77375346629818)
(-1.19269166498332,-0.823666055127291)
(2.51338297288525,-4.55208793726020)
(7.24366290426105,-0.611152983203870)
(4.13358888535301,5.76081273402644)
(-3.27993627174533,4.64020293768029)
(-4.33936798919544,-2.56115798802725)
(1.88400790101649,-5.02252196006031)
(4.95900981019792,0.464677507887491)
(-0.451506511536642,4.24478953985374)
(-5.80620338677782,-1.09282427712962)
(-1.64317471646174,-8.64701101375728)
(7.53624087067140,-7.18851415619535)
(9.52041604637793,1.89568387477621)
(2.33173373008391,6.60137640814158)
(-3.40398205317019,2.00694374693903)
(-0.716236573907139,-3.35283265797153)
(4.08135142075657,-1.39039787486319)
(2.43227722243097,3.57580412503400)
(-3.05506361972403,2.87892137318810)
(-3.82756550488537,-2.32752703396218)
(0.113134482562418,-3.71414907005544)
(0.497663396259299,-0.429110711841840)
(-4.41111774747895,-1.15201141029989)
(-5.13132392123232,-9.17932371262119)
(4.33921038328466,-14.5488123027051)
(14.9005184386705,-7.67561652260177)
(13.5756035212079,5.12038084773164)
(2.37576340572482,8.89507754600587)
(-3.79993010520650,0.957867933588468)
(1.73208088729602,-5.49781912643791)
(8.29961469852664,-0.924006325757385)
(4.35930003572814,6.72775608493229)
(-5.01832275050585,4.39765741527286)
(-5.73938674215939,-6.16254868005024)
(4.25571679615116,-10.7380944030100)
(11.9735689206669,-3.42079045049687)
(8.37498550303093,5.32473028960593)
(0.665854923253563,4.60287035967194)
(0.306419075743817,-1.60353833926860)
(6.00838315046279,-2.12287904141471)
(7.23565921155499,3.88537402379381)
(1.35375071446089,6.61690115057564)
(-2.68076884010125,1.78718786065757)
(0.945820969328080,-2.70011391198405)
(5.60360659244852,0.326475702061602)
(2.94797557091384,5.71267416535877)
(-3.57885549630122,4.13165366561643)
(-3.95379072719129,-2.97926948567401)
(2.64334644337656,-5.35982501988177)
(6.29990293181786,0.149386573469797)
(1.63508438480183,4.57045394491339)
(-3.83983362485467,0.557668922845791)
(-1.19944080322865,-6.34555807246608)
(6.41019863564973,-6.23115413608016)
(8.91970555212798,0.316156539645986)
(4.63906980614838,3.88584098182863)
(1.86321435069063,1.15958364031919)
(4.93305028473601,-0.613028509666337)
(7.29618680120629,3.76394548634808)
(2.60500409037564,8.29449644052892)
(-4.06796533070489,5.10154037874825)
(-3.31148456792355,-2.40725703530532)
(3.83017397108194,-3.80651808357889)
(6.74820483987121,2.54572800651751)
(1.19552439102428,6.67095481418997)
(-4.11227401798166,2.01601398768661)
(-0.677141265789248,-4.46888229827722)
(6.79064417636401,-2.77783061313723)
(7.40345096398850,5.04255217352516)
(0.341358552461336,8.07487612564447)
(-4.37823911115547,2.83157611403182)
(-1.22249985749725,-2.29462642175027)
