6254933453662363975765313786.
0.040000000000000001
(3.02781292620320,6.54382249221331)
(-7.00514277872014,3.56094568187647)
(-7.04476729109312,-7.62641251903832)
(4.25999654533150,-11.6043955694102)
(12.3718486358205,-2.00775035299294)
(6.26246096262940,9.24692032092112)
(-6.37316691872557,7.54407956940529)
(-9.01084663952871,-4.72784438125347)
(1.62188852217424,-11.0990906257372)
(11.0212846526944,-3.00999823654618)
(6.31474410445132,8.62816414068720)
(-6.37629758747955,8.05594078166858)
(-10.1228354688850,-4.05520556983164)
(-0.0792363389026906,-11.4128374512242)
(9.79213973089379,-4.13202652876415)
(5.47650488137800,7.63007400213542)
(-7.91460002074270,7.02497897958325)
(-12.4535115305217,-6.79604893480857)
(-1.04390967660047,-17.0495214134110)
(13.0574542243724,-11.1093265865115)
(13.5053530403202,3.19735362012894)
(1.87743338428288,8.27190266804445)
(-5.33220945565617,-0.169944491479474)
(0.860426325441440,-8.40770306815302)
(10.4333563256645,-4.08547410238307)
(8.84087071646498,6.99150335036459)
(-2.73349782623029,9.23142225127520)
(-8.99575097650976,-1.05358470695915)
(-1.56957644832508,-10.4291236326032)
(9.47481390224529,-6.63989309447265)
(9.35512630233281,4.70355475603335)
(-1.27665420836997,7.90089766268951)
(-7.38591027831547,-1.28544289869501)
(-0.351982875584626,-9.88667385588145)
(10.0802604384581,-5.72793674129107)
(9.25762560442147,5.55612662329258)
(-1.88307884148215,8.09499797553192)
(-7.64979725447386,-2.14274772610842)
(0.875210336685906,-11.1478064738552)
(12.9359414479399,-5.64709503341626)
(12.0186714303355,8.34078022636357)
(-1.68935720953398,12.8007723820101)
(-10.8466065093954,1.72781119582493)
(-3.80495316015045,-10.4169264856539)
(9.66309820742795,-7.69910315351064)
(11.2019743424653,5.94641677883167)
(-1.53022559173133,11.8036074722107)
(-11.4961327151804,1.46619394687149)
(-5.02122943188453,-11.5841802356249)
(9.56900326224910,-9.73156541782101)
(12.5370005571177,5.06182624801193)
(-1.16095157154664,13.2243190828822)
(-14.7644394382220,2.92264882290782)
(-11.0623538089862,-14.5013907726684)
(5.84592424847189,-19.1072111313311)
(16.5857196696648,-7.46109633483163)
(11.5803013211209,4.47882082702228)
(1.87379591757365,3.33641015778545)
(2.47376331742822,-4.85219340508282)
(11.8116404070906,-4.77821701597328)
(14.9974834585981,6.10458864498885)
(5.38537829885582,14.1170332668370)
(-5.76612531713110,8.68300116757459)
(-4.75604407231020,-2.68984905479787)
(5.56874493688003,-4.58433583537686)
(9.67008134112331,5.06636917747749)
(0.816230793492554,12.0567583715175)
(-9.41002188500389,5.53423710786449)
(-6.88570593737552,-6.74426477279355)
(5.47189205070657,-8.67274774407656)
(11.2797187724222,2.21667427993020)
(2.83149364354589,11.1284054140959)
(-8.33561007023896,5.95483336841922)
(-7.04756868164444,-6.25223412328901)
(4.82630235797098,-8.84865520985124)
(10.8527626629000,1.66218591416178)
(2.47116717590562,10.7129111121687)
(-9.14268624926348,5.46464838860265)
(-8.13079735132777,-7.54443209446276)
(4.39034552486420,-11.0758000928936)
(11.6219655624431,-0.626604014988044)
(3.83154871784751,9.22734704927477)
(-8.23056613612145,4.43548099715116)
(-7.60869286025878,-9.39367668256564)
(6.05274281111377,-14.3095471365925)
(16.0250070434966,-3.98130525823420)
(10.9661204808162,8.11495250115978)
(-0.190925933940501,7.28715802250855)
(-1.12714757962829,-2.45937610884034)
(8.95210527609564,-4.47116745242366)
(14.0029910039898,6.77789113707323)
(3.62666106762771,16.9853208444047)
(-11.3262417316915,11.0011311236928)
(-12.0230018721143,-5.82300006324742)
(3.27271390788079,-13.2547407410308)
(15.9951674377591,-2.14731843651020)
(10.8366351269712,13.5531766043143)
(-4.84841971520187,14.8540083198037)
(-11.3094087893294,1.96336999978174)
(-2.34036635516643,-7.17796538368386)
(7.65307297881975,-1.42118331810772)
(4.17564757761560,9.25045683282584)
(-7.60730698866055,8.38868137525668)
(-10.5509740705406,-3.89477672324777)
(0.397132612376325,-11.1209681637515)
(10.9796950698206,-3.32209696438838)
(7.15049079790624,9.01128438269881)
(-5.55737877812943,9.17025617301460)
(-9.52933983470078,-2.86260820558877)
(0.753936470570061,-10.3700231704278)
(11.0991912006669,-2.93051652904475)
(7.19937117009480,9.10621892029826)
(-5.39077482282034,8.84181048716264)
(-8.63851538961635,-3.54958816351935)
(2.91132336946779,-10.4762517022587)
(13.8220274742849,-0.980537291913825)
(8.29917109547732,13.4754751885074)
(-7.86732750361251,13.6573947049032)
(-14.1429595153006,-1.47635510601966)
(-2.43571453588030,-12.6747715369394)
(11.7947294839644,-5.66398500472846)
(9.86478287366490,9.82386890915061)
(-5.30812691301984,12.9859904302852)
(-13.2187284215646,-0.274542394949741)
(-3.34397771046830,-11.9997475668641)
(10.7891659085901,-6.47291417422183)
(9.98859147330963,8.58545986578057)
(-4.60132776487273,12.5366732980847)
(-13.0498843933545,-0.164971085350982)
(-3.67315050914904,-12.3926833846236)
(11.0514016255878,-7.51795648965052)
(11.3064681927801,8.01793930528435)
(-3.23528015355746,13.3555751345888)
(-12.9462291196350,1.43856916403377)
(-4.83723106280931,-11.4426586623652)
(9.83280454230807,-7.78058478198365)
(10.8747512176299,7.33796912772019)
(-3.32173348288400,13.1134087474836)
(-13.4851721422104,1.35714142424730)
(-5.62547355928400,-12.2177228003950)
(9.81789738868781,-9.22458064456101)
(11.9807258673326,6.35713036826052)
(-2.11042961505764,13.4122377399341)
(-13.3637027766579,2.28422036764607)
(-6.43754930292418,-12.0204418366618)
(9.37565595765319,-10.0853392559541)
(12.6351350780714,5.53889950712946)
(-1.16750637799964,13.6675372957502)
(-13.3770060381633,3.16945856014552)
(-7.39579158065006,-11.8499081386960)
(8.75915318856209,-11.0857864202918)
(13.2439309174999,4.41222458295161)
(0.0178852808024020,13.5911569518116)
(-12.8892673684095,3.95352198553826)
(-7.82688117940304,-11.3967630210737)
(8.41874717472714,-11.4846392638476)
(13.7227386896297,3.97490206045921)
(0.691751201637397,14.0247381184212)
(-13.1205469481261,4.86781393362631)
(-8.91532628912690,-11.2617127415169)
(7.76431925461495,-12.5345072471388)
(14.3892320617311,2.85053163159984)
(1.96569333164247,14.0875705131559)
(-12.6598075431335,5.92604296195434)
(-9.58177304922716,-10.5516424202594)
(7.07652980204779,-12.8700638068225)
(14.6234196487293,2.28317384813830)
(2.59987769499485,14.3930959678047)
(-12.8500903380612,6.89182838436120)
(-10.7457925840531,-10.2133378634184)
(6.18597831631185,-13.7221772892071)
(15.0027326281497,1.30170849176380)
(3.56312764752923,14.6785364592227)
(-12.9459373669783,8.35711206864526)
(-12.5515715565824,-9.10838968147089)
(3.65248416858982,-14.2001636327571)
(13.0012264968224,-0.550745084001217)
(2.31772654152093,12.1957198566502)
(-13.6690528539192,5.17626678203320)
(-11.9975585765617,-13.4495497904132)
(7.02924337751675,-18.7983971188674)
(19.3723589348635,-2.76227260867970)
(9.08462502946105,14.4783829655727)
(-10.1641924284917,10.9375208622553)
(-13.0681909574836,-7.94783434494373)
(3.69947366587649,-16.6408583398816)
(17.3145045874448,-3.64757790803937)
(9.61227713137115,13.3728149010803)
(-8.67024190244480,11.7195972895069)
(-12.7958483078684,-5.73411441263513)
(2.32296816136242,-14.7893617490356)
(15.4134240598449,-3.06637113795321)
(8.08964928234980,13.1137961824320)
(-9.84849230016127,11.1238850183080)
(-13.6738573516853,-6.79664954533009)
(2.34226157809649,-16.2359047382935)
(16.6321271926377,-3.83606815550254)
(9.37284612904235,14.0821070427461)
(-10.3331034486889,13.2028533172061)
(-16.2954262468282,-5.80957438412430)
(-0.512891069566137,-17.8316288857245)
(15.7996051102056,-7.02320315868647)
(10.6941483218508,11.6639162396810)
(-8.76677214114616,12.5326516835949)
(-15.8465847098060,-6.04971260569406)
(-0.263002714232624,-19.1463165054383)
(17.6006447459299,-8.75630545060910)
(13.8465319335590,11.6858856128729)
(-6.75268524363730,14.9956643587018)
(-16.8719749165875,-3.44324873049578)
(-2.96764142739452,-19.4544087371230)
(16.8684291952576,-12.2467677174053)
(17.2784683178511,8.24177396398228)
(-0.789292093113617,15.2805026402627)
(-12.3086955471207,1.26636643191242)
(-2.51631437947371,-12.9321461431344)
(13.5336596716722,-7.24755497803018)
(12.4323431395847,10.0804795910613)
(-4.95203213363924,14.2838391755661)
(-14.5726381939785,-1.31211917899799)
(-2.55202800644105,-15.5880399720183)
(15.1053575135013,-8.48411881983401)
(13.9232521827385,10.9993562237194)
(-5.38099602124129,16.3882608029356)
(-17.1674280791407,-0.289561369616414)
(-5.38690597550926,-17.1200283515653)
(14.3206009725933,-11.5840537215379)
(15.3650457898545,8.80911749666222)
(-3.82769270161815,16.2831473279821)
(-17.3500056989283,0.217116145468398)
(-6.57850485466584,-18.2727022546953)
(14.6172813010951,-14.5684099522373)
(18.4103020378598,6.33166323096110)
(0.409634891135713,16.5737595610094)
(-14.5969137945164,3.01202289295948)
(-6.29743242828393,-15.2242693500265)
(13.7119497998168,-12.8951524827320)
(17.8859667184089,7.02463622366587)
(0.313882129810534,17.4928872573920)
(-15.2417837132441,4.32531084903395)
(-7.80452050211085,-14.4478413081505)
(12.1474348367196,-13.2521564690918)
(17.0490803206879,5.97366666899794)
(0.162536452728529,16.3659865557753)
(-14.8966914925347,3.11269510976284)
(-6.47449342075847,-15.7172911255359)
(14.8836798590753,-13.4730373931937)
(20.0205758209536,8.30130939340939)
(0.815487164703959,21.0023555303603)
(-17.9945648740641,7.31588665511953)
(-11.6226138134044,-14.9245331341103)
(11.2225803653975,-16.2232777109165)
(19.6955831266270,4.90048304525580)
(2.28858689823006,19.7043427680094)
(-17.4951613883801,7.92136315635649)
(-12.7935153694972,-14.7100541252857)
(10.1320812350713,-17.5465772538694)
(20.0564062346105,3.40110980866980)
(2.96509083510743,19.6525216359194)
(-18.6067153010504,8.43541873027476)
(-15.4700893542300,-16.4141232233884)
(9.09442791137671,-22.6165308471420)
(23.6419700040473,-2.41549356499154)
(10.4990452035956,17.3988421176116)
(-11.1516425243590,11.6999039130543)
(-11.8793710086829,-9.59216640700248)
(8.09601041631315,-15.8929206911565)
(19.8457515068771,1.88714859286973)
(5.88755992756274,18.9770039267137)
(-15.4769321788399,10.9478622901368)
(-15.0277520443096,-12.3752425948180)
(7.20558636910362,-19.8771034082582)
(21.5415018651385,-1.56248411080809)
(8.95042889272811,17.5427986948134)
(-12.8266679099608,11.3756469465238)
(-13.3366600456637,-11.4071087366963)
(8.78856347268955,-18.9498984666413)
(23.4524518998235,0.217984792115573)
(9.95518148109814,20.9254821205225)
(-14.3229199511528,15.1588402191221)
(-16.9342022174832,-9.63057643905955)
(5.62879235229018,-20.0847200405912)
(22.7828244174613,-1.99538721099692)
(11.1073925822302,20.1885435497797)
(-13.7306987707234,16.3240027188240)
(-18.0378064011107,-8.38704651106256)
(4.04309069243499,-20.2052734419243)
(22.2307936350613,-2.72405405830407)
(11.1295738955542,20.4379908373566)
(-14.9190424819035,17.4153571643681)
(-20.8838742328732,-8.43522852501806)
(1.37446763491191,-22.6675816319765)
(21.6961748871652,-6.44333879459049)
(12.4837196784632,17.5298704004080)
(-13.3609687599613,15.6336035574980)
(-19.4461204207512,-10.5225672129418)
(4.48931372775154,-25.4063764966800)
(27.6658302278603,-7.43022715705776)
(19.1214761555240,21.1409760818456)
(-10.3351587817767,23.3532768098479)
(-22.1045362766649,-2.89166851035165)
(-1.48707890563420,-21.8547652607057)
(22.5651982423274,-8.05836515749885)
(16.6490088037520,19.2940631903838)
(-11.6973953239969,22.3434026457460)
(-24.0075032432596,-3.88983092141345)
(-3.10420335427138,-24.3461354871369)
(23.1888513392754,-11.2643713551925)
(19.3884786645526,17.9269414327805)
(-9.50258319612561,23.8351886602207)
(-24.4626475342876,-1.58761613667648)
(-5.21841808359296,-23.9110350119710)
(22.0860773559890,-12.7700525926536)
(20.1769758286945,16.7836026996368)
(-8.63835296862549,24.4671862464915)
(-25.2960056873214,-0.491622626789865)
(-6.96630011655512,-24.3759224091233)
(21.5873985065331,-14.5804688734366)
(21.3014020821093,15.8056629250151)
(-7.96727550816337,25.3000149323010)
(-26.7035303442841,0.321401671291567)
(-9.12127814675919,-25.8751555287281)
(21.4946008511521,-17.9095547896903)
(23.9002126585534,13.5658271634596)
(-5.16724084546391,25.8602064145137)
(-26.1619242759380,2.02690321916940)
(-10.1519972734723,-25.8053265054928)
(21.6639411470002,-19.7062933755807)
(26.3355071166448,12.4330440604772)
(-2.52030911784918,27.1931723213391)
(-25.6374121090238,4.47172174481787)
(-11.1898349956087,-24.8194590188383)
(21.6355420212792,-20.3465865795416)
(28.1360797687590,12.6545281018134)
(-1.23833589995181,29.8185039661045)
(-27.2926215404879,7.53588579553902)
(-14.6802202950124,-24.6003481871828)
(20.0769798902314,-23.2568153665090)
(30.4402912941723,10.1249959001016)
(2.53997528097094,31.0162692594342)
(-26.0505916172785,11.8243344760278)
(-17.1500219337090,-20.8597581723602)
(16.3107536951882,-22.4412769317222)
(27.9816157646639,8.98957130186004)
(1.37732749742200,30.0086979962933)
(-27.3682570726132,11.1583104972001)
(-18.6605557706232,-22.4513428921819)
(16.1617341527400,-24.9926896205700)
(29.6935282609116,7.38075999768053)
(3.04990530690195,30.6210311603950)
(-27.7536591543921,12.5373692727457)
(-20.3726430345654,-22.8029808932988)
(15.8217714271083,-27.1676154634751)
(31.6838629260233,6.04704833349294)
(5.00417111796228,31.9802624300180)
(-28.5249952255263,14.8588894226226)
(-23.1280280242911,-22.8191935425264)
(14.5811189933426,-30.0165745595775)
(33.7251254340604,3.54582183255240)
(7.95464989932021,32.6567262841858)
(-28.1606646732290,17.4863027400517)
(-25.4015469691116,-21.9297497714008)
(13.1047120909020,-32.1477822169411)
(35.3836960340113,1.19180884719896)
(10.8944743483685,33.1906575234595)
(-27.4433840885268,20.1898275174559)
(-27.3428458918718,-20.5343921909308)
(11.6088970734855,-33.5024495722037)
(36.5668873707152,-0.385906917171694)
(12.9141067945009,34.2542192038095)
(-27.9848708243440,22.8775173371972)
(-30.4966374843661,-19.9931495850020)
(9.62202788921303,-36.4771902363588)
(38.4892879861714,-3.65580314361371)
(16.6707624748031,34.5248165925253)
(-26.7625903460407,26.1332337292133)
(-32.8247222390653,-18.0149234651929)
(7.36442667687181,-38.1623518703968)
(39.7324358430373,-6.41352769160904)
(20.1328581534552,34.7672984406567)
(-25.2940646944834,29.5524124164010)
(-34.9012849489748,-15.2124980888257)
(4.68100123796210,-38.5520836444310)
(39.5828710030087,-8.05925710598609)
(21.4902228150443,35.2582444954629)
(-25.9906650231305,31.9821806179228)
(-38.4055211918903,-14.5283703351274)
(1.91178063919819,-41.5486757596098)
(40.7151171989928,-11.8531216019389)
(24.8278657258530,34.7640460083885)
(-24.9355357730046,34.5564824092197)
(-40.8541569234514,-13.2330202663868)
(-0.232440709014153,-44.0538151191447)
(42.5256521394052,-15.2175670685836)
(28.8681574779751,35.0950304787544)
(-23.7424880680056,38.4205193348953)
(-44.1250085613133,-10.8595348005739)
(-3.69173259131453,-46.5240085755253)
(43.5986929352246,-19.6698623431138)
(33.4743627256845,34.0781972638988)
(-20.9046785090023,41.7625136763630)
(-45.5510776648239,-7.67257866108719)
(-5.95320564162364,-47.0237550759754)
(44.6933304143159,-21.4843092551823)
(36.5872448490563,35.7289467711259)
(-21.1367384948877,46.8590390527382)
(-50.9389081118144,-4.72811531260982)
(-11.5063237863317,-50.1766665837832)
(44.7612794472051,-27.3846022611804)
(41.2912777620826,33.8317113981454)
(-18.4269849210102,50.4795210100149)
(-53.8738167138323,-1.20210866095418)
(-16.0552644113520,-51.9424536480352)
(44.7262533092307,-32.2887032602582)
(45.6226451757947,32.2501802051689)
(-15.9282278908318,54.0698970025160)
(-56.8866105495465,2.20173340795953)
(-20.5703998524906,-53.9012813328695)
(44.9189204074030,-37.3318807278239)
(50.2081224647420,30.8319246008543)
(-13.5912523543367,58.0241602521364)
(-60.5802973936711,5.55891407436901)
(-25.6342951963671,-56.7492361299221)
(45.4671145037007,-43.6112224797668)
(55.8512245108303,28.8409033337125)
(-10.6672448563073,62.2046527557894)
(-64.7610431379313,8.59184978321398)
(-30.8864283796913,-61.9177758178174)
(48.7360435812972,-53.5284881260783)
(68.2995943379856,25.1880054791018)
(0.856932908313509,70.3227158351714)
(-63.4558213397191,21.9146293129255)
(-38.0893788227255,-53.7947435729634)
(41.8106393694251,-52.8683439054938)
(65.6121768016936,24.4960546108775)
(-1.96306280129815,72.1518197642815)
(-70.1783461040479,22.0605906528208)
(-44.1749403208993,-60.3407936148520)
(43.7702597045834,-62.3479746497978)
(74.4815103570870,21.6802781949657)
(3.56231519748985,78.7401318368295)
(-74.6463367293666,29.0779765225750)
(-52.4278132724148,-62.5334501528677)
(43.0891730357234,-71.1033426723135)
(82.5762307796299,18.1770086160094)
(9.37316741294001,85.5238277827637)
(-79.6426557274350,37.0588594520366)
(-62.2242755681816,-64.5966074114031)
(41.2799582607623,-81.0492150640872)
(90.6723498870909,13.3620379099131)
(15.2879092525016,91.6322282637959)
(-85.2330658298409,43.8355007110833)
(-71.8014944378317,-69.6975098475201)
(42.9698743317915,-94.4298709032377)
(105.272083844988,8.45969251310668)
(26.6234794982792,102.910674799942)
(-90.5946571925815,58.2226322264291)
(-85.9939100810291,-69.8094732136655)
(39.5058210374412,-107.478036651420)
(117.390097980545,1.79077038532134)
(37.0979112224457,113.423637036636)
(-97.7667027490296,72.3700069279440)
(-102.433884534197,-72.1816060954986)
(36.5821689907356,-124.500694091656)
(133.562086661602,-6.52530572273188)
(50.8973493229549,127.097730459859)
(-106.715782958702,91.0425772458410)
(-123.981530902250,-74.4579194208485)
(31.6460218584790,-146.220174543492)
(153.375793928285,-18.0565494688915)
(68.4949335688830,143.641949491309)
(-118.172902695211,114.468343707352)
(-152.011155466061,-78.2132475446337)
(25.6224331796675,-175.897090721266)
(181.021661439962,-34.1956585343088)
(93.7577402842064,166.129668581701)
(-132.892372973475,147.430838822665)
(-190.706932793438,-82.5386007289200)
(17.1783946204487,-217.275088033811)
(220.998062399517,-56.8935647357582)
(130.959479142906,199.869024633312)
(-155.086442137606,197.667550585547)
(-250.404051921332,-88.3635280987794)
(3.25540027137807,-281.534636965968)
(284.473970832459,-93.0829617712458)
(191.710032676017,255.648537475061)
(-193.544691695622,283.045039303655)
(-356.140308052028,-99.3221905340165)
(-21.9529491286874,-400.747606313335)
(408.309376045728,-164.158112666684)
(318.985738512806,367.533356114459)
(-269.209932665829,467.496136787308)
(-590.341701789368,-122.214838090392)
(-65.2869607680587,-699.043268221480)
(809.322136060439,-351.087948073869)
(845.612238777173,812.733708517379)
(-418.208564349389,1502.97355447866)
(-1904.20975310841,593.555237426451)
(-1931.94959702850,-1441.18136028469)
(-57.5362860918045,-2738.65082474724)
(2232.40163282581,-1889.93757038576)
(2886.87214582122,521.278851588526)
(1344.83938150470,2411.13936371767)
(-920.724271260038,2252.47809618707)
(-1937.21892357880,510.900886651855)
(-1160.09117917437,-1011.41475855761)
(226.953640839775,-1089.16795933703)
(775.812541752860,-140.067023554727)
(253.093537151238,546.107353341210)
(-413.495226470800,324.408632388318)
(-401.054779148695,-281.708430347652)
(123.881112069994,-437.407227008231)
(414.446254086856,-26.3930979375167)
(145.105436638845,351.053994114962)
(-265.252350751517,230.691916968244)
(-283.327346620875,-165.345926785431)
(60.9561168471019,-300.966668359996)
(286.062211195782,-36.6611787327613)
(119.468879708301,244.532062968182)
(-182.709226961586,181.709906937979)
(-218.980642892159,-108.469958416336)
(30.8418391886179,-230.296534326245)
(217.672900025327,-42.6634982194656)
(105.871267802121,184.003334994118)
(-133.847546259373,152.822756588841)
(-179.737437198193,-74.2980372594665)
(12.4401221202233,-186.430641642726)
(174.159703106707,-46.3512779333711)
(96.7174267243512,144.561374664324)
(-101.684663300473,133.207971129173)
(-153.148798358711,-51.7892367554233)
(0.101177296919342,-156.756444641324)
(144.209165137211,-49.3410468116218)
(90.9642822391811,116.210702769559)
(-77.3321714021092,119.082070893044)
(-132.347760604711,-34.4815927384325)
(-8.22792198379840,-132.872164066814)
(121.163037108363,-49.1957148669483)
(84.4981017896328,96.3676067061105)
(-61.3251265194975,108.258797659454)
(-118.132622002433,-22.5408309147383)
(-15.2569484461436,-116.036561196132)
(103.376702680554,-50.3222094280449)
(79.8105189989078,80.0420475247898)
(-48.3338564868493,99.2269949842259)
(-106.547787217539,-13.4411009317249)
(-20.5919043798815,-102.994050737707)
(89.5314640839793,-51.7268798582198)
(76.8807015173506,66.4550686180748)
(-36.5584460637266,92.0779892990462)
(-96.0813077955606,-4.90541527112807)
(-24.9497819914256,-90.5945330051853)
(76.8949171182078,-51.5226205891204)
(72.5809025087559,55.4062627576049)
(-28.3104458095362,85.1031687675768)
(-87.9433342177848,0.566952004862178)
(-28.2703445635361,-81.8145932681230)
(67.2636641953612,-52.5945518523474)
(70.4540157242507,45.3715653635936)
(-19.5183239334217,79.3126746411186)
(-79.4701790674656,6.38004366711918)
(-30.5239553060952,-72.4423967073682)
(58.3553791855486,-51.7878994044856)
(67.2659907003575,37.5305908396407)
(-13.0794748012574,74.1333333796398)
(-72.5951101977511,10.9385255134974)
(-32.5844819782707,-64.4145546292792)
(50.1764398494218,-50.8712850922044)
(63.5094606299709,30.5782189355991)
(-8.47261707055270,68.6172985280728)
(-66.8472507444858,13.1699747652956)
(-33.4522292618505,-59.2196466660829)
(45.0263259625026,-51.1807239476019)
(62.7488873718167,24.6700082317455)
(-2.22697208753580,65.4637881386474)
(-60.8515389754683,17.9447280784005)
(-35.0700014950252,-51.7071891509183)
(38.1406912894160,-49.5729114233284)
(59.3023041062982,19.6508726633572)
(1.18631781570804,61.5077888453595)
(-56.5713416297626,20.4981076838074)
(-36.7297420488263,-46.6010092276929)
(32.2477593209263,-49.4996430271366)
(56.9108832287712,13.9687477516532)
(5.47664484278685,57.1722016779660)
(-51.2179639104109,22.8505620100401)
(-37.1487951093793,-40.9949030108216)
(26.9485420577991,-48.0559791243407)
(53.7770647944807,9.65458477574248)
(8.17916848740143,52.9793504939695)
(-46.8768121570818,23.8911036870657)
(-37.0365655301875,-37.0357573081833)
(23.3051047676063,-47.2121814137942)
(52.1406818147553,6.16138918660423)
(11.3260470977963,50.2902316007262)
(-43.0852960113320,26.1969909084347)
(-37.9421913136827,-32.4162484791291)
(18.5122327485145,-46.2574286894285)
(49.3376273012910,2.23253425616371)
(13.5275435019924,46.5161312878427)
(-39.6098012000896,26.8741807194416)
(-38.2690387615530,-29.5714197997120)
(15.1816169432348,-46.8057051738593)
(48.8143753705941,-2.61221616508271)
(18.7687955205370,42.8958748237875)
(-32.8406853937615,29.5313912006997)
(-36.4149867133763,-22.5282879730113)
(11.2233726057370,-41.8507095749136)
(44.2151663921394,-2.90950700760723)
(17.8332120769120,40.6049562835533)
(-31.6733932163669,29.7145635725124)
(-37.4026447254173,-20.2520968420865)
(7.53372772200567,-41.5791719900331)
(41.7410377752872,-6.22480962264000)
(19.3199541658908,37.1048470834069)
(-28.6360281391025,29.7817627724016)
(-37.1569749533439,-17.7104851920988)
(4.66894142389822,-41.0315473970466)
(39.9509918945566,-9.37756300397905)
(21.6170525438234,33.7316851700686)
(-24.5504876557631,30.2685381374422)
(-35.9303507838624,-14.0836300283702)
(2.06868464187410,-38.7882047899540)
(37.2800370119626,-10.9151199766680)
(22.2073593839797,31.0188663916964)
(-22.0705555664201,30.1422433986491)
(-35.3926161987238,-11.8534639612118)
(-0.145637735413650,-37.8933042611623)
(35.6905897386557,-13.1858671123717)
(24.1124343360742,28.3659008197982)
(-18.4306542567871,30.9091820427798)
(-34.3502059313527,-7.95169916812093)
(-3.09381655332118,-35.0191894116221)
(31.9935540286217,-14.1675949573941)
(23.3222461306381,25.3857889954207)
(-16.7375802092498,29.7663008335645)
(-33.7458092144199,-6.41449016821863)
(-5.54592247076318,-33.7799633201338)
(28.4172283710985,-16.1190004911063)
(21.8358843590632,20.6572387005462)
(-15.0870993536603,24.7589325625057)
(-29.9444278746403,-10.1828045406019)
(-0.156918167397997,-36.1242271705839)
(35.5810388625638,-16.0405187611253)
(29.2714719036264,25.2671486112913)
(-11.4449612377395,34.0053774048224)
(-33.2480185392117,-0.495969841254065)
(-8.47305502051769,-31.6742580434116)
(28.3243768020415,-18.3411387876342)
(27.3416503253443,20.5329816247646)
(-9.74315683395984,32.1443958929061)
(-32.8605614399849,1.02757044635661)
(-11.3365651635737,-30.8339603405629)
(25.3638881619347,-21.1166178179061)
(28.0808849055926,16.2236726629598)
(-5.92769383088335,30.6706422761775)
(-30.2510288948920,3.47972748724544)
(-12.5346099678375,-27.8603831424372)
(22.3563118017510,-21.1024035026746)
(26.8668692207735,13.8094979655787)
(-4.74330104131392,28.9992175087934)
(-29.2196050229187,3.82972778842758)
(-13.3002440635628,-27.5334285675732)
(21.4944770854277,-22.7914059009518)
(28.4144580954808,11.4109833108786)
(-1.36858559917291,28.9689089805435)
(-27.4022675443819,6.71861172834530)
(-14.9209643081984,-24.8577428428509)
(18.6944095875915,-23.3767334562385)
(28.1904347330930,8.48722021123363)
(1.60799760032533,27.5519270154984)
(-24.4846789290349,8.91414415480764)
(-15.2613716982381,-21.0949659769569)
(15.5412145327756,-21.6243427906085)
(25.3157725084042,7.15922903611647)
(0.989917177144069,25.0977914215101)
(-23.5668558762885,7.35485316606230)
(-14.2229085033697,-21.7494790253830)
(16.7223179211274,-22.1320585935875)
(27.2912243967793,7.33575699219603)
(2.88440911288397,27.2375038996849)
(-23.9785164455494,11.0117578583408)
(-17.7460561658748,-19.3027974609746)
(12.3183228471318,-23.1876856967007)
(25.1946597401215,3.61680158981349)
(3.84448383792391,23.9109047004539)
(-22.1080323854571,9.88128770213724)
(-17.0710567090977,-19.3338674680247)
(12.1451158058529,-24.0768857928630)
(25.8996598957973,1.76595323420666)
(5.85228941281511,22.6048995510784)
(-20.0587370313876,9.74327959272372)
(-15.6239900167098,-19.4330917209115)
(14.3184249786628,-24.8513776354066)
(30.1059333691353,2.00984567982477)
(10.5625462887878,26.4172127538512)
(-18.6104974598547,16.9145826452852)
(-19.4486486519103,-12.7694646043182)
(7.59298734666653,-22.6616467854950)
(25.0052193811429,-0.302770162476588)
(9.13441702672278,23.1770355741794)
(-18.3593340487353,15.6720720134397)
(-20.4274213424187,-12.7145045109453)
(5.25130847644125,-23.9823180686752)
(23.7549170168644,-3.89009110140395)
(10.7044248009675,19.2601359147259)
(-14.8865744511111,13.6594327976557)
(-17.0049085978101,-12.6532171253109)
(8.03768811333691,-22.9519761712892)
(26.4485926430960,-2.02376812730875)
(12.8126606302058,22.8859884627456)
(-15.3301732565633,18.7329599556762)
(-20.9734008151342,-8.77886102381182)
(2.67294260158834,-22.9354186649422)
(23.3557753016912,-5.36966475364572)
(13.3917538975470,19.6255682662264)
(-13.3542743254686,18.2576864871904)
(-20.7166527308972,-7.30186248673981)
(0.837657790364585,-22.3843236736163)
(21.7577021562527,-6.94979036284171)
(13.7475750928066,17.5890387124434)
(-12.0620651040119,17.7343097315613)
(-20.5280577290617,-6.74798127983398)
(-0.139995500338769,-22.8003990538050)
(21.6661065336052,-8.92963868776495)
(15.8226181880143,15.9791178441379)
(-9.27514832492121,18.5380702209145)
(-19.5864988233616,-4.05636278323316)
(-1.64297018029510,-20.7082827549169)
(19.5451026518056,-8.87577890877711)
(14.7541796709373,14.9797880293316)
(-9.77633253776223,17.9397764943495)
(-20.8615938559589,-4.72547773135579)
(-3.19220254687228,-23.2068082828431)
(20.2202064261865,-13.3057297938948)
(19.1830370158064,11.3787403836639)
(-3.43184260569614,18.3000980036957)
(-16.4396740802231,-0.264997314276073)
(-2.86044592022466,-17.7065358086076)
(17.6976631335865,-9.91265295796701)
(16.5502921824042,12.1235972259767)
(-4.76801868897028,17.9415001905865)
(-16.9228465788525,-0.448232686412271)
(-3.15590555893473,-17.6775627582144)
(17.6839203052851,-9.79592962471708)
(16.7828102840610,12.8897551548628)
(-5.34341571895555,19.6437802441787)
(-19.3519740649746,0.953784655235657)
(-6.64537018492219,-18.5376167294799)
(15.6431726585346,-13.2480925623196)
(17.9185582228651,9.05582741544023)
(-2.07792499159654,18.1313766311533)
(-16.7178600320214,2.21075485203738)
(-6.20200620961139,-16.4901798076604)
(14.8074584674266,-12.3209269693841)
(17.4752678020306,8.99431301489514)
(-1.94757551391279,18.4000340130298)
(-17.2141906503951,3.08578759929745)
(-7.84363397081230,-16.2827094472853)
(13.2384718178788,-13.8032342922916)
(17.5290664094939,6.60651511509521)
(-0.326994476650211,16.8684392820117)
(-15.5738434184400,3.05463696277312)
(-7.26576879057464,-15.9028678303654)
(13.3551542074994,-14.2978465628372)
(18.5377790818389,5.33087375381321)
(2.05785625214377,16.0044849082075)
(-12.4409020524063,3.52032482155095)
(-4.15436279989225,-13.9401004277619)
(15.9133867373794,-10.7585300120615)
(19.5525381363580,10.5747239312218)
(-0.0304054547590735,22.0194741421466)
(-18.1533642241303,7.69220473798581)
(-11.3213015559228,-14.2217727808803)
(11.1917915539638,-15.3219457127523)
(19.5396940654325,5.19413261425795)
(3.07577681099229,19.5933579479659)
(-15.6879739377402,8.81777462064148)
(-11.5669517231675,-12.1842732449795)
(9.50753461578421,-14.9051594904914)
(18.7612845576166,4.26370453015163)
(3.48074291719341,19.3496907729999)
(-15.9664876022316,9.92854311826514)
(-13.7068754949190,-11.4549295896368)
(6.87385738904055,-16.3662563606644)
(17.9358770811840,1.25362611933010)
(4.74290154680152,17.2047091102093)
(-14.7608449251502,9.78304331358157)
(-14.3877631980781,-11.2364408152173)
(5.20844034447844,-18.1874912466180)
(18.0061816744811,-2.78623215851231)
(8.04298969574415,13.3391460505905)
(-9.44909161504354,8.54733382745537)
(-9.46356687350083,-9.50574716188317)
(8.42674840660399,-14.8121912871048)
(19.5898401093287,1.09757797761258)
(8.16147974238941,17.3636846329930)
(-11.0236152879045,12.1314031193897)
(-12.3044670513147,-7.56504658056961)
(6.04602776871512,-15.0244349887214)
(19.2898756206508,0.189108560207316)
(9.39382564404065,18.1558542485593)
(-10.8545530388826,15.3244463058503)
(-15.1732069443482,-4.05905671286062)
(1.01990158651774,-14.0421297398500)
(14.9475193716326,-2.00943152258147)
(7.57176816798188,14.7214143800798)
(-10.8454086253026,12.8064126088187)
(-15.0637849679499,-5.44877150570512)
(0.743439410587349,-15.4730320374315)
(15.2138163389638,-3.92385009797251)
(8.90663590576651,13.2887514174962)
(-9.38549616930687,12.7122629377985)
(-14.7067523552473,-4.86794892445947)
(0.200200970783940,-15.6396591080101)
(15.1798038130224,-5.10961634326234)
(10.0696220035245,12.3499585631354)
(-8.05736939919556,13.0808642167369)
(-14.6051838248927,-3.87603771898072)
(-0.728843780232475,-15.6553229922324)
(14.9120706669171,-6.55339867950696)
(11.5533750275212,10.9577099848748)
(-5.76326403944303,13.3959903384635)
(-13.4173428706111,-1.99733980378820)
(-1.35021464860781,-13.9540987524735)
(13.6425085962948,-6.36643455666742)
(11.1994867735901,9.98974440000321)
(-4.80004827060382,12.5902001667556)
(-11.8202613631402,-1.80942160497261)
(0.178137421517768,-12.7275799406972)
(14.7022350632700,-4.14852209944055)
(11.1062809767967,13.1817434623690)
(-7.01533723800712,15.9430401076308)
(-16.1803705990190,-0.147478412875078)
(-4.49038250075704,-14.2055263177884)
(12.2840316607511,-8.04140331804902)
(11.8222987248125,9.50779148878929)
(-4.86455661662593,14.5866654822425)
(-15.0336124953206,0.418887539891937)
(-4.98127990735124,-13.7863868407762)
(11.6130428845692,-8.94706317502731)
(12.3737590842413,8.18428952201681)
(-3.52690361927042,14.3535393745633)
(-14.4410469603145,1.31477173981258)
(-5.65508082634716,-13.1726417847975)
(10.8000998253592,-9.54857316056638)
(12.6263620189087,7.09877049905039)
(-2.50465698014901,14.1016752328990)
(-13.9350080640902,2.01706767813612)
(-6.13909734891982,-12.6557619606388)
(10.2523459357671,-9.95825819669853)
(12.9524183955767,6.45368958323894)
(-1.74348774930059,14.3224555334604)
(-13.9798826914531,2.97580626057346)
(-7.26632551236164,-12.2621050580636)
(9.24352879384350,-10.8723741793346)
(13.2298332736987,5.11944417905156)
(-0.582001398678785,13.9997600489966)
(-13.3992691679421,3.81194025036866)
(-7.90508859221208,-11.5460834950600)
(8.33297531692703,-11.2665904345770)
(13.2326380180027,4.17589142687449)
(0.155122851516798,13.7624594423613)
(-13.1675090058607,4.46658342110923)
(-8.72413007011017,-11.1422758919173)
(7.39986717974433,-12.0041717822824)
(13.3508679005598,2.89946882270405)
(1.14868825535225,13.2438535730485)
(-12.5511275419965,4.96012431535148)
(-9.08834011893280,-10.7107507638068)
(6.89738959113061,-12.4844202063046)
(13.7490287921785,2.11272303257873)
(2.11136875063771,13.3717174810731)
(-12.4020654350067,6.03798797381926)
(-10.2914435571068,-10.0917034925487)
(5.53635465988343,-13.4205068700982)
(13.7674990133072,0.318426262342530)
(3.48799024700809,12.4055897727285)
(-11.1476823556300,6.51223908047053)
(-10.1439715577360,-9.22049010797967)
(5.22363681903812,-13.1944526596248)
(13.9921145765315,0.418851056560249)
(3.65886624604327,13.6019088352320)
(-12.9166569087615,8.39937454792619)
(-14.4178590451759,-9.25170804737692)
(0.976622328314478,-17.4605273780100)
(13.7519048604399,-7.09292751539975)
(9.12557151022041,7.10551158960775)
(-4.23293108278696,7.05835854250178)
(-7.28411047679148,-4.81457608603023)
(3.23765233395897,-10.3308600082745)
(11.2662734665123,-1.33667198906686)
(4.51863697002314,9.18253737694951)
(-8.04495031157002,5.59974129260016)
(-8.51484212147009,-8.12182311377776)
(4.92644176275646,-13.3188989002352)
(14.8227849084139,-2.14189831319089)
(7.84650433676416,11.2615404648504)
(-6.97111334427300,9.48632523853060)
(-10.1655571268474,-4.68400793787070)
(2.01212312477869,-11.9737677530807)
(12.5956246410587,-2.60125186676790)
(6.88055868185992,10.5551962884350)
(-7.67686208143065,9.43323730919802)
(-11.5575675613062,-4.73416991935780)
(0.391403545001755,-13.0571170395095)
(11.9547588306143,-4.53049717455961)
(7.45308826455157,9.06347311562230)
(-7.04582195372225,9.04748829648383)
(-11.8656201228347,-4.91442957886274)
(-0.241127074154930,-14.2882209563390)
(12.5153281168491,-6.55967778197271)
(9.50641362736875,7.95777794163792)
(-5.18221729425781,9.91899196881417)
(-12.0439802389355,-3.29537724404396)
(-2.14453163783910,-14.3482206698975)
(11.3602268407849,-9.22249489812040)
(11.2313377880207,4.46149428304609)
(-0.964805406262147,8.35574633227032)
(-7.74425679098160,-1.77958885429104)
(0.176858050921273,-10.9347053882033)
(11.5090175022106,-5.82477194887782)
(10.2237093607359,6.94366153357345)
(-2.40385267065511,10.1163338256331)
(-9.63554218633575,-0.523661968840041)
(-2.23248887101415,-10.4897034710885)
(8.99116149271151,-6.55372528084673)
(8.16018733098579,5.08882750722972)
(-3.68444448485253,7.34905922878682)
(-9.75000875537643,-4.13047363213146)
(-0.385898183828714,-14.5374899336649)
(13.3834524599263,-9.63128882749972)
(14.2213608637179,4.93874659290950)
(1.51579647277274,10.8991156469149)
(-7.89150542494115,1.49290601540064)
(-2.15876486981066,-9.91140495478967)
(10.1835053842841,-8.05466423373067)
(12.3412400415132,3.97557999036598)
(2.01876435960348,9.64907749307971)
(-6.05248629487961,1.84699651780382)
(-0.810604870855530,-7.68969700547385)
(9.85587003117337,-4.99957966719923)
(10.2160416082005,6.48827686732303)
(-1.16396226550618,10.5132074859118)
(-8.90252643507817,0.628814217423896)
(-1.79138804633260,-10.2287657417403)
(11.2578080111615,-6.89537593096899)
(12.5486305038615,7.07367540792778)
(-0.506517508469158,13.3959093012888)
(-11.2462479292658,3.33048476927842)
(-5.60423251706195,-10.1892866742504)
(8.89852632623498,-9.30420740674294)
(12.6225610401470,4.96398153126872)
(-0.328349488629880,13.5174428909119)
(-13.9089438527527,3.92051334132132)
(-10.5472342626091,-13.2630876719516)
(6.44946680372953,-17.8329608316996)
(17.4641195748647,-5.39031411802003)
(11.5473393393678,8.06379521796314)
(-0.878894488378607,7.36801858692253)
(-3.07678991350154,-3.19127155535517)
(6.28071465220191,-7.47903263245428)
(13.1498056803839,0.426955540322540)
(8.15578693544066,9.52331892894733)
(-1.30758367551267,8.16588655232268)
(-2.51098011517893,-0.0617513634048712)
(4.62434509440057,-2.38552306994945)
(8.05600276817557,4.61575053641027)
(1.29450213737333,10.2323447737346)
(-6.95062758387783,5.11253809674687)
(-4.83007770771912,-4.90821419925854)
(5.64146456985181,-6.28143086430499)
(10.5341320726631,3.48607880682395)
(2.74048237929663,11.7453635052165)
(-8.03584886418902,7.39845700349714)
(-7.98905402005749,-4.09621462624367)
(2.34115637539561,-7.90998164172760)
(8.85276521283110,0.313687493534152)
(2.89683274404248,8.74052565470993)
(-7.16935676720307,5.43779404914167)
(-7.42983928132279,-5.55544319308467)
(2.79034747433280,-9.86587402093535)
(10.2555622343670,-2.27941532859608)
(5.97133911638997,6.47858902500177)
(-2.73939908608405,4.75200064685130)
(-2.69667461471574,-3.94775735783409)
(6.57281397799747,-5.90300560292453)
(11.7886024372829,3.49983527386919)
(4.14220241917653,12.6460001624419)
(-7.94739080312118,8.93494109664466)
(-9.26828142266386,-3.91622396755138)
(2.11295799672457,-10.0284003447747)
(11.9620742087642,-1.84774526576578)
(8.20047574947118,10.1308569592588)
(-3.77469886524867,11.1941403726876)
(-8.79677688258310,1.28164984176394)
(-1.91476978725534,-5.92330763852166)
(6.00736273709066,-1.72492287227851)
(3.82252580410066,6.51880423614293)
(-4.85837405448644,6.37263437743936)
