3260615873269180792527357738396.
0.040000000000000001
(1.64897220644383,-1.79028623959841)
(2.24949091662464,0.440593810869232)
(0.224008057478544,1.85760069751373)
(-1.77861014664938,0.393085358854363)
(-0.932302231115752,-1.84044359431402)
(1.39199066381334,-1.44236975115181)
(1.42765402805890,1.08110081558571)
(-1.24922661337758,1.79606353526785)
(-2.70643416372350,-0.695350913310389)
(-0.482229453509584,-2.61608109859494)
(2.05724997621217,-0.249357183297879)
(-0.239548464565844,4.00926644193526)
(-6.86091981011233,3.77428098950655)
(-11.1591636266617,-3.20987172854102)
(-7.99352265500733,-11.6971133725546)
(0.362300466729249,-14.8077448173842)
(7.34126440963701,-11.4010588184355)
(9.47286844192640,-5.92590904177452)
(8.60175265157134,-2.27468652638886)
(7.59497821836145,-0.288154925378203)
(6.60007909377003,1.68136449389093)
(4.42126240654342,3.34721307876016)
(1.55234709448154,3.19203112072526)
(-0.0784362435646837,1.26446969161563)
(0.257117659396522,-0.607577668033204)
(1.36578398082722,-1.17700132212950)
(2.03416595859373,-0.895013622511264)
(2.28935678786167,-0.545279034440269)
(2.45815695077097,-0.0886072036616662)
(2.22244918657197,0.592316051329746)
(1.37683030446433,0.891195384215263)
(0.651961465723013,0.336267847990130)
(0.800039162256330,-0.412696310289698)
(1.35396486487221,-0.419960285471441)
(1.31280560196871,0.0566662927128389)
(0.782333576477734,0.0180663830422198)
(0.773777733243357,-0.514729012340264)
(1.33911947495530,-0.443968809650123)
(1.22438490733527,0.432839922959938)
(-0.0578156593609764,0.714908184293446)
(-1.06200767589483,-0.474248244029985)
(-0.498663483647642,-1.75992605792187)
(0.379483587180376,-1.41947689277213)
(-0.730214998838292,-0.513384575725327)
(-3.28667583604756,-2.14827513221774)
(-3.43013003067484,-6.99128196013704)
(1.42912997860976,-11.1465388167879)
(8.67806385683058,-10.0325708202173)
(12.7446837022613,-3.76357485389002)
(11.0123263727783,2.82394600122655)
(6.11728756515024,5.42921554767494)
(2.32550668702364,4.15644627223963)
(1.18929462036078,1.88531083169179)
(1.52716308383473,0.448954835304370)
(2.23366414915917,-0.267323409955432)
(3.31778442508351,-0.428606439059349)
(4.45881480400393,0.551716844617189)
(4.36997483219490,2.56805744958791)
(2.41509008529192,4.02119451105436)
(-0.121584620639694,3.44692454413218)
(-1.33250823500109,1.31701630096253)
(-0.806649148608201,-0.634096307202919)
(0.348585112171129,-1.49431424551152)
(1.26030978445055,-1.72452488256744)
(2.08690140615324,-1.84426542049026)
(3.05692630355172,-1.62484414196091)
(3.74439869097438,-0.870524874636204)
(3.81264296752056,-0.103701656634747)
(3.76429858822521,0.193606558291957)
(4.20118228667386,0.492159289967290)
(4.69230149939508,1.58207661914022)
(4.18037570517450,3.21998727200016)
(2.48316652307998,4.18346506117202)
(0.672301755392325,3.76886352658391)
(-0.226761137219751,2.58465109354224)
(-0.308191347269343,1.60584943580551)
(-0.240372940356008,1.01724650188401)
(-0.191313888710264,0.433838187639592)
(0.142439605702127,-0.172978833464341)
(0.727231456493602,-0.417784255267386)
(1.07446627963695,-0.259042232380550)
(0.980959211837738,-0.218995685467823)
(0.908487088505558,-0.699250721088272)
(1.45811574780060,-1.42968879467313)
(2.72696377709035,-1.71370476487260)
(4.20512132210486,-0.982351497440201)
(5.00055153015851,0.817627636756342)
(4.27645488965786,2.91988609074484)
(2.12101485343487,3.85474430231106)
(0.136077878234354,2.67936198410169)
(0.278813854122642,0.511426046534311)
(2.40589076663479,-0.0109433310711882)
(3.69505107822057,2.20909928933238)
(1.76323826147439,4.72136997079721)
(-1.87352859652039,4.03985762288975)
(-3.06990098440334,0.278008616980500)
(-0.321320215519377,-2.41073491478189)
(2.88356668954117,-1.03972926804544)
(2.49262955656262,2.04779668277504)
(-0.495205837139182,2.23734971962671)
(-1.32248236066409,-0.802501132252635)
(1.58186956702486,-2.44876958255990)
(3.90004007806865,0.0607467193626805)
(1.60290563158419,2.88102392630888)
(-2.28826239929938,0.518530917981997)
(-0.704487213847919,-5.56437605161826)
(7.54086061319663,-7.13401942603653)
(14.3591529540583,0.602586120037400)
(11.3234617052358,11.7605172036112)
(0.160621451871576,15.6959556110784)
(-8.79528394128096,9.22559469280491)
(-8.42797164546630,-0.134915057397592)
(-2.11554617564871,-3.54775303350363)
(1.87024024028707,-0.525627743544023)
(0.502219454768306,2.61633084242784)
(-2.14440112564511,1.76848734713237)
(-1.86061672859605,-0.844532171083673)
(0.452016091897252,-1.37228198686936)
(1.47104628887675,0.183727971617356)
(0.634055606021618,1.07725484963340)
(0.174521992642220,0.465460785228211)
(1.05011870801229,0.245156064513294)
(1.51706462588544,1.51067955387677)
(0.189619942756735,2.62971826816513)
(-1.56188568303272,1.80267468097395)
(-1.57339128393644,-0.102693728024848)
(-0.0440383056327187,-0.782829728990595)
(0.867849303768663,0.227511390117038)
(0.182040366373327,1.13153321654179)
(-0.761729191012985,0.635782502525293)
(-0.535973198000953,-0.377364068360352)
(0.384984927720324,-0.481704941590086)
(0.672969378457842,0.179578840678666)
(0.237770711722993,0.429154696580644)
(0.111145892115062,0.0391519725885736)
(0.606706634620605,-0.0504610592321355)
(0.821840554461795,0.576627466945834)
(0.176270332431912,1.05581863024406)
(-0.574395348989757,0.599852809578049)
(-0.461567296462463,-0.244550896837307)
(0.241855321176140,-0.418884418629782)
(0.494321769555163,0.0735748464274500)
(0.0845027958824325,0.277598622153680)
(-0.135471355675565,-0.174909951493339)
(0.334431627331859,-0.525454053796788)
(0.833281636410384,-0.133774768423882)
(0.567961090046067,0.476900170108062)
(-0.146014641439591,0.379463128424527)
(-0.320437604247551,-0.386038619456768)
(0.300557514839065,-0.890369931391543)
(0.969823109228076,-0.641341125202727)
(1.08633018952767,-0.142756229685130)
(0.949517038178759,0.0239925293684638)
(1.07220939332480,0.0607543401385195)
(1.26687149123310,0.465801015890800)
(0.957757082967589,1.08109363855265)
(0.172711257533116,1.22422169580178)
(-0.376901937735216,0.698454785566639)
(-0.266423413822610,0.111605229939689)
(0.0931300180130361,0.0265053274923748)
(0.112911737385608,0.234864704895719)
(-0.149198902967286,0.188354418156462)
(-0.197294310347983,-0.154870151825117)
(0.0899734146010803,-0.345468750255859)
(0.317340045335223,-0.187861985266704)
(0.231559362922544,-0.00524039865462497)
(0.0771513982705053,-0.0758629837296975)
(0.125516184887186,-0.216208518512977)
(0.218314387070730,-0.173023392528122)
(0.101197015187289,-0.115401260938589)
(-0.0318961759653150,-0.345728797820734)
(0.226045258193314,-0.672538337689227)
(0.759356615437120,-0.551121953614507)
(0.909450198272132,0.0741867198790338)
(0.378527816505783,0.518656238863836)
(-0.241887753954494,0.236207355227953)
(-0.218198463601626,-0.374088538514168)
(0.289111647941908,-0.483363006465988)
(0.438339896424572,-0.0146163683906663)
(-0.0656978006958822,0.234859722506516)
(-0.514985579212442,-0.230867321613578)
(-0.233090459576749,-0.842384900490004)
(0.401044894754927,-0.782665925715426)
(0.493968384828439,-0.205974316044531)
(-0.0244195931309674,-0.0124567312268483)
(-0.294753770388310,-0.469520267200845)
(0.124352565635439,-0.775046127600986)
(0.497305049804181,-0.308925602060109)
(0.00285271916997782,0.296558247112589)
(-0.900661512389259,0.0158949674685872)
(-1.01979507375654,-0.940625349209503)
(-0.263820100624688,-1.26606391731117)
(-0.00481341859195533,-0.514666257514160)
(-1.13644742890125,-0.0472545017289238)
(-2.49294732469334,-1.30451043162000)
(-2.10967620921917,-3.62301099861865)
(0.151108229667444,-4.77304064028416)
(2.23749974924326,-3.73222507773168)
(2.46238821590084,-1.97114782783971)
(1.55963474515725,-1.45675402837453)
(1.46941870982350,-2.10039323481120)
(2.60311774907811,-2.10658804460023)
(3.35402679988459,-0.601611526198754)
(2.36856126532593,1.14368835925360)
(0.328118276156084,1.41699002849794)
(-1.04268835300073,0.154195215047292)
(-1.07148724234328,-1.31778522106458)
(-0.489842843240329,-2.10690681639139)
(-0.0358098046846954,-2.48290677819422)
(0.405530026113655,-2.91589052923379)
(1.18243953074306,-3.24646526784868)
(2.14254808169120,-3.06848279888615)
(2.84057104638880,-2.33742580811374)
(2.96157787115611,-1.29050327521430)
(2.25904281008072,-0.295340822880351)
(0.703680035212760,-0.107516395984641)
(-0.804376698783145,-1.55544211062982)
(-0.594918033318903,-4.20683914527728)
(1.86759851922463,-5.95383666475578)
(4.63515072249687,-5.20032712700444)
(5.30441623653193,-3.33256444149128)
(4.60975499835947,-3.33882618800785)
(6.18802621412659,-5.24811022164835)
(11.3833012527215,-4.70066236912157)
(15.6639575683493,1.84991238559737)
(12.8310093729676,11.1594769617588)
(3.06785201968726,15.1669316218718)
(-5.72154047681593,10.0498008180040)
(-6.32613042287885,1.28577854267524)
(-0.467358680483878,-2.39630464133879)
(3.68500609947736,0.945503934047255)
(1.61180597854278,5.07097625511221)
(-2.82380041621587,4.17923946489686)
(-3.54544712540281,-0.0931746398808802)
(-0.335174225448146,-2.04634064608945)
(1.89032297525641,-0.0360332242277632)
(0.506811567587423,2.02143485692394)
(-1.60805506246524,0.929302133463628)
(-0.980077194178857,-1.39160208958417)
(1.32653820621804,-1.36184746357812)
(1.73973656946326,0.757561368651277)
(-0.267698679449018,1.52751977703371)
(-1.55860249831608,-0.340224358872871)
(-0.174516522214518,-2.20654301278105)
(1.91506164285626,-1.62507814579203)
(2.03071153831781,0.182919715098418)
(0.700511758900937,0.556217300801654)
(0.412300778918812,-0.517143923327358)
(1.56779456575575,-0.750741035790678)
(2.04606067245575,0.583005785261456)
(0.778065518397640,1.52631680171366)
(-0.511501786788602,0.651704551002094)
(-0.0794221961051178,-0.647707317265228)
(1.07755929746876,-0.405243404258073)
(0.862113271705731,0.796310687845748)
(-0.558101126344130,0.798352548074159)
(-1.02511240270981,-0.655154966681143)
(0.149857646954140,-1.48086874061761)
(1.04269318485521,-0.561757169727420)
(0.125683727066799,0.426464087462182)
(-1.27608602933541,-0.423702313731103)
(-0.941723727022833,-2.25976037898902)
(0.866769463708888,-2.67909071876173)
(1.76327594703757,-1.28882691321932)
(0.728564398654528,-0.231746188492639)
(-0.540566307836370,-1.02621995073009)
(-0.232711639942194,-2.55618951312347)
(1.15049035913023,-2.96951803392203)
(1.96483898744620,-2.24563844099135)
(1.88507737976152,-1.64891877572513)
(1.77944753768194,-1.51870622062419)
(1.74899287436201,-1.20244390423976)
(1.02511912073788,-0.912505903633351)
(-0.0607504570218968,-1.86420411476826)
(0.275716659193617,-4.02649455313716)
(2.74199752951274,-5.26173787002509)
(5.32803856734400,-3.92345017485322)
(5.59708844529986,-1.39779926198469)
(4.02792206156370,-0.536706704108487)
(3.50625409491357,-1.81705235497492)
(5.41701355695314,-2.61904815484044)
(7.71557273846833,-0.721971641456009)
(7.56401768234526,2.78672197131016)
(4.80236009691627,4.96307415951450)
(1.78354648594639,4.49491489014119)
(0.402351602839324,2.64318905183876)
(0.464004050133890,1.14495796953783)
(0.825347537412980,0.388920522969164)
(1.00880260653081,-0.244980858865018)
(1.41184062192146,-1.21666758900754)
(2.70429875830360,-2.30696847904375)
(5.23930741123901,-2.55324627435534)
(8.24858676764925,-0.568524241852509)
(9.41072531366409,4.01575861385856)
(6.48477652968235,8.88945780913803)
(0.382080362337343,10.0937756381883)
(-4.37109795682277,6.14743038526115)
(-3.91955743578668,0.588302206226504)
(0.322524157835160,-1.33458001817324)
(3.04991105874207,1.34152320928054)
(1.42739905916704,4.30246330532855)
(-1.69537318075019,3.64484177285967)
(-2.05240774560256,0.751825532900703)
(0.221346736995377,-0.203655603895571)
(1.28991571301736,1.64531714072056)
(-0.519858643106810,2.92953571463637)
(-2.40235081239542,1.31594299405822)
(-1.50295042084756,-1.05429837631193)
(0.792023344518512,-0.976111400754643)
(1.13116051428120,0.955869137062253)
(-0.645008835566811,1.43728837505934)
(-1.41891241179268,-0.362516498874793)
(0.233215305336949,-1.60098716565281)
(1.82042313093069,-0.313546598445530)
(0.886024814599043,1.45829108408754)
(-1.09370786386215,0.847102786752094)
(-0.971346400928635,-1.33915282611752)
(1.17244832658877,-1.84024868527317)
(2.13786279256103,-0.00509291524640913)
(0.575874969337351,1.18187705442287)
(-0.885445251729754,-0.279713669569348)
(0.345996324033224,-2.27436404848141)
(2.85140405685616,-1.73424242649888)
(3.30984589075225,0.783769472755698)
(1.36291226659497,2.02540651115418)
(-0.124629555496295,0.839282962541068)
(0.524404044637245,-0.503143678257003)
(1.65488289768356,-0.0983530561798569)
(1.35205127014354,0.892586076152554)
(0.455095547775893,0.621133433770779)
(0.786383008946224,-0.265571470910056)
(1.85412250394422,0.122412486813157)
(1.62631358346545,1.50543480788562)
(0.0639269519236245,1.70654297384481)
(-0.586374625699654,0.276142152105186)
(0.569084449983888,-0.581301448509066)
(1.46294177197552,0.454904991222554)
(0.370000974227403,1.51531495659440)
(-1.09739502295431,0.466259043048220)
(-0.384100573789656,-1.43929136213203)
(1.76985140160983,-1.25570277101715)
(2.14542694850328,0.953370588036796)
(0.0184512335366748,1.89523612388987)
(-1.48053525300524,0.0385784639978738)
(-0.0809034160975695,-1.86282609246520)
(2.00407589573009,-0.913966031803328)
(1.38005361413853,1.33869863473720)
(-1.19333356897660,1.13912815640557)
(-1.78567575616166,-1.65317672163829)
(0.697609114199908,-3.18938741507600)
(2.76542420174297,-1.48769485988509)
(1.73239653529164,0.515867805301820)
(-0.0715699966972433,-0.363963506018913)
(0.946331930182430,-2.34921108539176)
(3.55221197468892,-1.36081765984635)
(3.02486460152454,2.12653893372106)
(-1.42059021248154,2.76235633946759)
(-4.26120273405567,-2.10733284713725)
(-0.665430423689551,-7.76585224824197)
(6.64915972190415,-7.61501321339880)
(10.5110028699074,-1.58371940293287)
(8.19143818205831,4.07694489929881)
(3.99039381781915,4.99469121604586)
(2.66185421124629,3.41137843661923)
(3.42747024926309,3.68298783243171)
(2.40839882893812,5.87208410126290)
(-1.13307740471082,6.36240576320336)
(-3.88279964515222,3.55882006701792)
(-3.34346674936876,0.0505930620654435)
(-0.930502720283426,-1.16142382836494)
(0.526314357393948,-0.262680322974258)
(0.385182200650652,0.615004024108783)
(-0.0354643284774062,0.573679176448313)
(0.0108344760221491,0.342241731697534)
(0.0718081486346356,0.386932443309921)
(-0.0940178266986152,0.315667534479606)
(-0.0651263090266636,0.0151111249434662)
(0.206826908820465,-0.0416163089069085)
(0.183403519255669,0.157652227709542)
(-0.134854129362901,-0.0191347784657797)
(0.0128569431065464,-0.602828911909607)
(0.761585109980103,-0.686029736421116)
(1.07992363394607,0.0567240935823419)
(0.382718750972824,0.536445938085880)
(-0.271357713160074,-0.121344475969796)
(0.276563854373796,-0.966723046680571)
(1.24465371541971,-0.566911730728789)
(0.921292493423845,0.531259563036185)
(-0.495282724248737,0.340072322941897)
(-0.816133370819322,-1.44873160389608)
(0.900739834718654,-2.63716843066282)
(2.71279333564371,-1.65367775913173)
(2.57826159076567,0.0243729357222050)
(1.45234731522263,0.0969160801416037)
(1.77196986389316,-0.947670498614997)
(3.49753274741997,-0.535335492550957)
(3.92272124687099,1.85934851826346)
(1.78368734678448,3.56108990227498)
(-0.601809604892573,2.52256248290260)
(-0.591129471602092,0.378983450491552)
(1.00881351063719,0.0268989851490980)
(1.36379292008474,1.42085975778350)
(-0.0704115580006924,1.96762946696267)
(-0.999199002878466,0.690597982768206)
(-0.118415570618607,-0.423109602189954)
(0.890966049985010,0.185414904762308)
(0.267053728448166,1.13008238656011)
(-0.887522658339152,0.466024504917572)
(-0.440456192892086,-1.00754837644411)
(1.17734506610240,-0.983436887482896)
(1.55084676364569,0.553409058888650)
(0.178358533813690,1.19378306928351)
(-0.653552327121866,-0.0364154147739453)
(0.456962668769623,-1.06139160392633)
(1.71092748851446,-0.0957320632336594)
(0.981177473329187,1.40697768326199)
(-0.700738238927523,1.03977838694805)
(-0.743557555942457,-0.649627693591325)
(0.810197264508144,-0.997868786622364)
(1.32058677205961,0.439553568163159)
(-0.115514668048583,1.10674144034777)
(-1.06552223890496,-0.351647117855799)
(0.302971998137753,-1.67876687294391)
(2.00612204132032,-0.528725817238580)
(1.17507094772816,1.54205366702832)
(-1.25875993978014,1.20382987805360)
(-1.67445442818541,-1.43226052284771)
(0.756196176314658,-2.73387073040687)
(2.72235695499762,-0.963290088907188)
(1.77319286905074,1.16808414816441)
(-0.102328799091603,0.787341527998291)
(0.134546746597198,-0.790209191859199)
(1.70826641821063,-0.482284310047684)
(1.48419212262535,1.38336966120376)
(-0.679997716815866,1.57410994839339)
(-1.47625163875907,-0.631903579593076)
(0.504645267651666,-1.98158856490557)
(2.26495191663391,-0.348360913351919)
(1.02735993109259,1.72607417538117)
(-1.27375597381758,0.946301858694417)
(-0.980242808711392,-1.45287376207751)
(1.42291943389759,-1.60381138253408)
(2.00986310298573,0.783154066862107)
(-0.280645519779819,1.88110139330091)
(-1.87477543997823,-0.0969520703651423)
(-0.347079263871354,-1.95106882582167)
(1.54184545970262,-0.709486530585079)
(0.322203054589860,1.34047230994381)
(-2.25963888004472,0.228458994959795)
(-1.73956853545922,-2.98943293089063)
(1.72125474590218,-3.45362404943145)
(3.08440803893789,-0.257201345649810)
(0.302675223964250,1.66378526082809)
(-2.06046387737100,-0.855892052048070)
(0.216317680438409,-3.86406528494493)
(4.04155600010586,-2.16160993506770)
(3.38166507606793,2.31583668537089)
(-1.28456860842810,2.98413613190178)
(-3.26670796386865,-1.33272956043319)
(0.255526246369825,-4.36554646266193)
(3.90326016233874,-1.89414920238861)
(2.45320773442565,1.87558446503875)
(-1.11876978373064,1.11588805005064)
(-0.645719880918640,-2.33681874333325)
(3.08730457023620,-2.07365949208095)
(3.44778051162472,2.20661511689242)
(-1.11569783533051,3.73065114355380)
(-3.92404114554175,-0.494353042950544)
(-0.441354434745033,-4.25123253467809)
(3.99839697915960,-1.49942123532927)
(2.01928581330837,3.72693976420020)
(-4.03465314078144,3.01124946056699)
(-5.14792052271507,-3.31837877272869)
(0.539806564084262,-6.23242760990542)
(4.62401385566640,-1.75415225418523)
(1.33332465887607,2.87681712792025)
(-3.57717588293273,0.554437240941934)
(-2.10259682272457,-4.54450772218024)
(3.13099971645630,-3.82000414358797)
(3.10217628581613,1.63708185998897)
(-2.70860400010074,2.51419135515446)
(-4.88984665562423,-3.47868305087087)
(0.791051916931817,-7.15621178294105)
(5.84059124950149,-2.26666103341956)
(2.10591838230891,3.91991837537429)
(-4.81944679602717,1.68312119433801)
(-4.08569175437628,-5.30752937512098)
(2.62128424206372,-5.42805582529289)
(3.08681892916124,1.67598088434841)
(-5.31545542356187,3.34455137350687)
(-9.82366085068237,-5.67771116906697)
(-2.32644326372347,-13.1205386693100)
(6.00032644232332,-8.06905678156919)
(1.55778090669039,-0.241761967794204)
(-7.66530586503870,-6.12661188361788)
(-1.71260223651392,-20.2063182958853)
(18.0227744079220,-18.6869173214253)
(24.6024206612276,3.46527144351700)
(4.54996145793935,18.2714796377748)
(-16.0683533388912,2.93712386913543)
(-5.35525527758870,-21.2313304497024)
(22.6664751147482,-13.6589043026388)
(18.9208572776932,22.2205663914883)
(-29.2346911932425,30.1713492929881)
(-64.0351096726473,-25.5801873240896)
(-22.0600010558858,-97.8664550523551)
(76.5884881559902,-99.5553032935618)
(136.514663747712,-10.1761574424785)
(94.6817762246444,89.7747495672340)
(-4.35933629024645,107.717453617880)
(-61.5760389556013,43.1636964152972)
(-37.5214695576240,-21.0472297382524)
(14.2892616849036,-22.7035751977136)
(26.2262436766768,15.2701983591965)
(-2.82484269837454,31.6963327798615)
(-23.2065171232025,9.85615547624369)
(-9.23644560416113,-12.7989994583583)
(12.9844315143363,-5.93465485986510)
(11.4252628841736,14.6533207802254)
(-7.26009546786726,17.6157850823978)
(-14.3206860302019,1.96287669203591)
(-2.91947290633795,-7.42661512120084)
(6.46630873980423,0.312873557048278)
(0.447361813187092,9.00012372339689)
(-8.67266245724681,3.68978235716281)
(-4.87374316895130,-6.87441782967120)
(6.68916851068521,-5.94008454468347)
(9.13886429559164,5.17358361456685)
(-0.0983291163770501,10.4588113680181)
(-6.99254212361600,3.91795635392404)
(-3.10003483208069,-3.18352134092789)
(3.28319236753301,-1.10469541360828)
(2.04808101923692,4.52063694519336)
(-3.30422494299772,3.72398176556207)
(-3.08008665240921,-1.67153125648407)
(2.35407795118101,-2.20040187344443)
(3.74006856700127,3.23490598486953)
(-1.60418092911155,5.72013935375528)
(-5.42674960254470,0.906910552895961)
(-1.79119954487204,-4.04177922614507)
(3.63522477436723,-1.88012839398960)
(2.72324299050028,3.49275631123812)
(-2.49198131458040,3.53040375392945)
(-3.46438907088336,-1.55401859683005)
(1.30529139199643,-3.55972083512264)
(4.26116214000302,0.588626061895571)
(0.920636401060259,4.26289517426688)
(-3.27980033315929,1.79700808146364)
(-1.77760607824130,-2.78538805200695)
(2.97135975479540,-2.36731365257741)
(3.67823855233758,2.23159841687338)
(-0.433099767498633,3.94902988973233)
(-2.89529804123774,0.575287996377928)
(-0.328531112618914,-2.29917957563952)
(2.71570097128658,-0.432281770854758)
(1.42307535925784,2.71762166305880)
(-1.83064274315941,2.00422654915045)
(-1.76216681921679,-1.24337371425531)
(1.30105698254373,-1.77412633106625)
(2.29852648153244,1.03090404187330)
(-0.260686959643235,2.45621155990885)
(-2.15339831699786,0.248225052061494)
(-0.522166915524886,-1.97670969534358)
(1.65807180560941,-0.948727286786148)
(0.858087429959556,0.926157953659111)
(-0.957174786600357,-0.118206380518983)
(0.348055064109014,-2.50987809582230)
(3.75602284658648,-1.56433158438267)
(4.00619276007563,2.62614292245352)
(-0.149334354071080,4.49638473356451)
(-3.38419157718999,1.23547700277765)
(-1.43756755389985,-2.69246040419388)
(2.56420889015799,-1.99139897538287)
(2.83941032401198,1.75110208439050)
(-0.507193152692669,2.77320281211644)
(-2.09605779830173,-0.0968673424775303)
(0.276617378462309,-2.07561152939757)
(2.53753302879888,-0.143736859163254)
(1.02681917519417,2.40689552682306)
(-1.80817886934859,1.42896783013540)
(-1.49094046617752,-1.53427003581836)
(1.38014738705137,-1.85362032669852)
(2.21222207859473,0.823102354092017)
(-0.263702946532030,2.12670227602463)
(-2.07853249032122,-0.0601690755118967)
(-0.366627766526176,-2.33198340766903)
(2.17672144785105,-1.21020141968814)
(1.63407899328216,1.43644824798443)
(-1.01859909342606,1.45527005165543)
(-1.60180726052806,-1.07528948351755)
(0.657058259954352,-2.13451003909436)
(2.05066698465200,-0.169970794308480)
(0.328042154938679,1.56653416098158)
(-1.86188303266679,0.237073135445200)
(-1.27216554096120,-2.23970580360618)
(0.948188178389937,-2.44476803085266)
(1.41938147163256,-0.850647809388197)
(0.108256106042782,-0.720771237531067)
(0.242011859087251,-2.48923687319706)
(2.73589361497231,-2.84386883069539)
(4.21295728349813,-0.144207670413726)
(2.06435354767345,2.43746354830936)
(-1.21075679534958,1.28072012585552)
(-1.24832192300159,-2.27774609706035)
(2.07545274545280,-3.67792621871863)
(4.66970071224095,-1.38372537558905)
(4.00588947376793,1.52439849896865)
(1.95979610086209,2.17004622139365)
(1.16882018070336,1.45075492171438)
(1.22072530324364,1.50456569933511)
(0.335625830825624,1.95280689006128)
(-0.987871612806611,1.00553489749433)
(-0.644992065139172,-0.899166056427081)
(1.32326861240793,-1.29662261336072)
(2.30227089580742,0.431712196774205)
(0.950672917601031,1.84076571788852)
(-0.733645453825914,0.987040552112493)
(-0.422435262972364,-0.740346716480874)
(1.14840795150485,-0.861826518342125)
(1.55189298111023,0.495594122049619)
(0.410978836939486,1.11004746330159)
(-0.344097331801099,0.239494468999712)
(0.254570126779710,-0.489445629911373)
(0.833350906566521,0.0206390494012248)
(0.187271085468616,0.580299413711699)
(-0.654871842133812,-0.164704125353539)
(-0.147342473004688,-1.40645610180932)
(1.23863485237755,-1.44374396138415)
(1.79115925921993,-0.328388233851020)
(1.18205346747776,0.416912036068637)
(0.601339331579027,0.267549412299091)
(0.510365501594313,0.0964670812242299)
(0.144139890061418,0.0955374426030244)
(-0.403276543267802,-0.733378887434101)
(0.419224426495852,-2.26244842668272)
(2.92808647129093,-2.28736064152588)
(4.52759124769888,0.465653487400298)
(2.71008953859637,3.60438205662470)
(-1.03223174861401,3.54003454247105)
(-2.58224599508571,0.382600227880907)
(-0.599477204815526,-1.92898473832858)
(1.71900768507960,-0.912362179710906)
(1.22197587927357,1.24127480600355)
(-0.908217991511016,1.13631620481011)
(-1.32041748949360,-0.931920064879801)
(0.433348720705978,-1.83824526404398)
(1.58058449184402,-0.534293497948060)
(0.629147320603205,0.645377610527410)
(-0.549729891989456,-0.0682912158729637)
(-0.0534166435548465,-1.22335849439821)
(0.995117658709048,-0.864607465362893)
(0.593246577331141,0.125653963315220)
(-0.575614281548773,-0.348485037079783)
(-0.271502687791921,-1.81719665814635)
(1.29277888202899,-1.86717335267782)
(1.50313661030997,-0.404510306568683)
(-0.131777175269813,-0.298918369375057)
(-0.447048524862098,-2.64640637558037)
(2.59111932163909,-4.10310591029125)
(5.86457774175276,-1.38883126380577)
(4.81701979547642,3.25565455487944)
(0.173901629344224,4.40370559908354)
(-2.50457642658465,0.957017951827511)
(-0.446551551384854,-2.14618624813971)
(2.52184607256662,-0.924610549504360)
(1.71645369320612,2.07099081026005)
(-1.56504732210615,1.83008694615666)
(-2.24713921178898,-1.55671352812632)
(0.754861511165382,-3.19839268524566)
(3.01475386419868,-0.921627719237130)
(1.46710171540976,1.56178575854648)
(-1.02360209265538,0.560135656422041)
(-0.371081159504605,-1.91539824746576)
(2.22909185641128,-1.51472106410142)
(2.22654354299484,1.40124826975877)
(-0.951756736355551,2.18108541136148)
(-2.76302428532744,-0.784567481150530)
(-0.563840813074448,-3.35596433489610)
(2.18296500598809,-2.00239943401560)
(1.28950091041837,0.652008267788878)
(-1.50428932174559,-0.0270134587274883)
(-1.25228734280732,-3.18400561767657)
(2.10405600898316,-3.63846545563156)
(3.22445354676798,-0.334600468026125)
(-0.0678933909543321,1.33328363695812)
(-2.47042428727481,-2.09757385796017)
(1.00769470530794,-5.64363522016624)
(6.14799716454765,-2.46313276940605)
(4.02329196225139,4.84762514716944)
(-5.69476056622163,5.54312425190389)
(-11.6783953401491,-4.98652404306151)
(-4.44938043659171,-17.1049355975964)
(10.6692018397709,-17.4369599924402)
(18.9857872389080,-5.26180341530188)
(13.8778618750565,6.63228445023233)
(3.81074414702731,7.67983523616468)
(0.604251819899729,1.30067939074161)
(5.12393716476605,-1.58134920785840)
(8.41287602918536,2.88436317807650)
(4.70395017009530,8.03102772465236)
(-1.78417212036357,6.92794223787193)
(-3.74134744210242,1.17105132122178)
(-0.223359880584301,-2.54522691459979)
(3.64230795146342,-1.35986369502865)
(4.14830019164778,1.63341896160337)
(2.58477539121406,2.95857461092735)
(1.56720277729775,2.84080611358564)
(1.12896707700175,3.02607429939921)
(-0.0390772413885437,3.33418584843406)
(-1.54647057988020,2.39433125757783)
(-1.72178813787120,0.485916623300997)
(-0.401763516889429,-0.529205665758586)
(0.667767383152451,0.0636927557284504)
(0.359448948160916,0.902291350396152)
(-0.440175519604968,0.694841444502002)
(-0.481332457717382,-0.0835089597337029)
(0.0473567929454455,-0.330922339337253)
(0.225527528155695,-0.0639113432751267)
(-0.00523251455658387,-0.0150398645288027)
(-0.0848018977775639,-0.208969572428639)
(-0.149242747886539,-0.177425574573538)
(-0.768959686260802,-0.300989511085869)
(-1.39665389756662,-1.53151956714428)
(-0.486619708173278,-3.47306234597620)
(2.19236705891153,-4.04728280383874)
(4.45227719940260,-2.01638327977682)
(4.02939060281261,0.954256192447639)
(1.54197829617688,1.97724197785172)
(-0.125799094059455,0.461784302119631)
(0.603850659600549,-1.26340477069289)
(2.24505451281624,-1.06109245194758)
(2.52434155811483,0.444620834355103)
(1.34923554265865,1.14743859622805)
(0.493705079172659,0.441945706653227)
(0.883774105410474,-0.282631210281938)
(1.49860784938234,0.0807628057672768)
(1.13038169911703,0.851411861624384)
(0.120843638805878,0.780687025528733)
(-0.332051934150022,-0.136706923576899)
(0.0806374410422811,-0.878287212272330)
(0.604881372702575,-0.957989227622732)
(0.739182727299913,-0.869847963677556)
(0.825131507192836,-1.02632308598176)
(1.19103476072841,-1.10951770758445)
(1.47583161230060,-0.790444922925813)
(1.25752746837859,-0.453788074025466)
(0.869315268411400,-0.662886110484082)
(1.01017377273872,-1.22790968623545)
(1.72293183609423,-1.37072328498060)
(2.26680591229088,-0.747191489436738)
(1.99462806443715,0.121093636232481)
(1.00407010694626,0.414647037457055)
(-0.00418929033186914,-0.312781658667150)
(-0.130988420252260,-1.86329143622766)
(1.24515539410871,-3.24555313907650)
(3.60822159090519,-2.94879017702047)
(4.85110916315476,-0.404071996508718)
(2.88092540250431,2.36255241591487)
(-1.33721211298776,1.70197729898805)
(-3.20139578102780,-3.52446138348837)
(1.18560845850444,-9.08114879790240)
(9.69140777824344,-8.58214399815550)
(14.8810359233284,-0.638344443844002)
(11.5714734152660,8.46801824616115)
(2.90866773384147,10.9483589906796)
(-2.83883121835998,5.99254814142074)
(-1.50125609700924,0.321525333801722)
(2.86184313165873,0.00135580385526540)
(3.78330243036043,3.71324343681492)
(0.373547423838350,5.60403223921580)
(-2.63713939843182,3.25390293313620)
(-1.91771416580050,0.0824308155160436)
(0.402366083473487,-0.203911701414704)
(0.652657604503077,1.35541942642909)
(-0.917908000878420,1.33056533541752)
(-1.11321531911003,-0.576608086156410)
(0.835142598691171,-1.30798650947258)
(1.97344208638443,0.439203675020766)
(0.374925292784587,1.90273675376326)
(-1.54898439243848,0.505008415990791)
(-0.604958985683809,-1.85236826334852)
(1.96376500744642,-1.40461271317346)
(1.86167176734897,1.46533077791984)
(-1.69981001244878,2.05896561145229)
(-3.98169816106924,-1.93619148588493)
(-0.970513768212547,-6.38902175669434)
(4.57891977315853,-5.80104177243830)
(6.30389538173516,-0.964707840779160)
(2.82477479795454,1.69378805058680)
(-0.106785509482320,-1.26833166968148)
(2.74821443141078,-5.41150622208552)
(8.89986298457473,-4.12836206377071)
(11.1462798014030,2.62228038355664)
(6.72998027458822,8.22065476105325)
(0.454754953980371,7.74939105398050)
(-1.82846917984334,3.50208837202644)
(-0.106365185419982,0.934333713774852)
(1.33292139972876,1.48510759528412)
(0.548392135373938,2.00739829045584)
(0.0478764219901487,0.473057124934887)
(2.12159036848128,-0.852466219139462)
(4.83985134153965,0.972890742865647)
(4.50203685214994,4.88173840944227)
(0.762933054515842,6.84288730343369)
(-2.82091847747277,4.96935432440325)
(-3.27496768408465,1.59973140374244)
(-1.43958637628196,-0.0155175261909002)
(-0.104988223724808,0.513303473569173)
(-0.326956481945863,1.19821815278071)
(-0.857060499756297,0.821015815082884)
(-0.564295558424223,0.136837395326291)
(0.0823136636528967,0.154554461963710)
(0.157947551263882,0.597700872859423)
(-0.228981616144156,0.606724311921123)
(-0.293988317695859,0.134097347511398)
(0.148578556693500,-0.130497244048365)
(0.526630997193216,0.112620785571193)
(0.462512581273324,0.430761165328355)
(0.242232003853568,0.417079094215439)
(0.255371480779636,0.227149047169799)
(0.447368689008097,0.204998855946913)
(0.533131609384027,0.372074741115433)
(0.434388237778975,0.516825471170596)
(0.269067686526506,0.533895105723961)
(0.118267231269250,0.440218117877073)
(0.0372960223463190,0.233588090851391)
(0.145691989159589,-0.0259967286657778)
(0.458457434007736,-0.118515226909006)
(0.719802597033096,0.0981029174040710)
(0.661376693901770,0.412640582743976)
(0.393640918622506,0.477291918733460)
(0.283578511586748,0.289743892065045)
(0.425409248343047,0.195398490032404)
(0.506948829711399,0.355886321657179)
(0.305994459782846,0.491375142283548)
(0.0590171359994810,0.311298511422815)
(0.125149862436808,-0.0236885190306470)
(0.459215241827156,-0.114787348553292)
(0.682674988689398,0.126475467268312)
(0.599420616578359,0.409578215619607)
(0.372686381002728,0.498823406260826)
(0.198702248168997,0.444635979077871)
(0.0781510772369278,0.355953361911428)
(-0.0175427554285155,0.212885522890961)
(-0.00773137317512736,0.0189884216165112)
(0.122558831121200,-0.0899261294407618)
(0.212771191877911,-0.0588023576138883)
(0.175531866164525,-0.0513855654078043)
(0.180812209748240,-0.175525189373961)
(0.364540660586470,-0.240045483514303)
(0.512242421629050,-0.0534481408631489)
(0.349971257128240,0.169493825752252)
(0.0563103144309566,0.0666239036945464)
(0.0669947457451455,-0.245424153778949)
(0.331636693899236,-0.267400384670050)
(0.267310595777652,0.0224515876242982)
(-0.273806680072138,-0.0816743219380568)
(-0.468036403653789,-0.977757165223428)
(0.475120366364957,-1.84844526628283)
(1.99472594742367,-1.46803889474246)
(2.58443380733707,0.127552633299964)
(1.63497809149531,1.47921322286543)
(0.215234157975817,1.45867138737217)
(-0.339097076649534,0.571318944861950)
(-0.0385700408616717,0.0429498406778238)
(0.162320266496749,0.132996418211884)
(-0.0453775692961869,0.128074341129411)
(-0.0514145161416485,-0.227025544631795)
(0.369722740507814,-0.293008556115051)
(0.488381573883780,0.218420408794779)
(-0.143614706716447,0.498406610502710)
(-0.690287549235868,-0.133375045831877)
(-0.182960320388680,-0.881968201961036)
(0.720869450348909,-0.428701367692686)
(0.300574393491940,0.880021407854487)
(-1.68795105543637,0.969519529344191)
(-3.09037792499758,-1.29902318869538)
(-1.75632608528474,-4.22402959201895)
(1.67412953009747,-4.92891138094676)
(4.29268269731628,-2.65114891612922)
(4.12760928368361,0.480964470160454)
(2.02488178748178,1.96611468540250)
(0.214017821943183,1.42472430500647)
(-0.203261131677210,0.307817712437492)
(0.144926239662035,-0.147527564650085)
(0.240414715601242,-0.00817364530644568)
(-0.133263236166390,-0.00823224266835495)
(-0.466777284612248,-0.523269372861916)
(-0.238067885056356,-1.26554580003553)
(0.573466222892601,-1.61270303555856)
(1.40373311204694,-1.16500265327859)
(1.53424748152153,-0.217987839922997)
(0.865782067547713,0.388242968436501)
(0.142470788548754,0.201952618266393)
(0.00666756891598437,-0.222232896091760)
(0.0146066229922205,-0.176462394683644)
(-0.661912929351162,-0.136533364536778)
(-1.50900011874447,-1.28341251064734)
(-0.766325874484115,-3.33242837426112)
(1.98593254441948,-3.97417725314171)
(4.30090998653965,-1.66232441350532)
(3.42488000604239,1.68754617540811)
(0.126697853800592,2.47941934941767)
(-1.80777307849750,0.0612213563168081)
(-0.447908774818570,-2.22426522755323)
(1.67833338389698,-1.56526092409784)
(1.27625856787801,0.399731394056086)
(-0.827291967103133,0.127290481589802)
(-0.916946340513518,-2.32202138988517)
(1.79347719873614,-3.10875760622770)
(3.49833688225306,-0.431763774856853)
(1.25075889292700,2.26703979441402)
(-2.32936722486948,0.938887365288594)
(-2.39147395739899,-3.07377157853472)
(1.28259748258270,-4.65446950252890)
(3.94675270814406,-2.04556194227484)
(2.64503608150088,0.907870335329328)
(0.0714394822793795,0.581327663515412)
(0.0195444032664846,-1.41165865225692)
(1.68418080640638,-1.39732646291585)
(1.54884682502569,0.349452349147748)
(-0.504700286539403,0.351048595258221)
(-0.905399098605689,-1.94040153264334)
(1.48086573305584,-2.81597711211218)
(2.89271401328929,-0.357126262129232)
(0.463035097511096,1.84090167899564)
(-2.70117563383523,-0.0947029849261674)
(-1.82329306213180,-3.89725002605413)
(1.95277085506044,-4.13970670800307)
(2.87823266585075,-0.699381111025280)
(-0.447975088924465,0.657385275647543)
(-2.46294321186696,-2.70349110919642)
(0.690818688172285,-5.58104161248806)
(4.36670126751937,-2.82430751237261)
(2.03439242833142,1.81423505851796)
(-3.95325528249316,0.487005428582597)
(-4.77320296562479,-6.37165809608804)
(1.37186797908740,-9.51370951331418)
(5.31891464890853,-4.83394656198973)
(0.556952579382060,-1.06131481838056)
(-5.08457173133433,-7.47918019383246)
(0.866520079166512,-18.2086141511288)
(16.1787129794572,-17.8123511842977)
(23.8473582366981,-3.18955879128675)
(14.6669415606202,9.42124617574669)
(1.67946652936195,5.18752936521076)
(4.01766048381407,-7.94770045137389)
(20.2518099780528,-8.27228114517861)
(28.3273963981321,10.4164416065648)
(14.0279074978809,28.8357843811069)
(-9.75842761511885,26.0923473436484)
(-18.9504563770757,5.96223895273101)
(-7.90516173927380,-8.94836542637527)
(6.13951442485346,-5.95190760997728)
(7.23040488909073,4.71022827872473)
(-0.704022820815467,7.17623401571697)
(-3.73524239337238,0.915754574858022)
(1.37527320509837,-2.48610569692432)
(5.11607293472995,1.87544210811892)
(1.35505749035635,6.29196132049224)
(-3.98167164267747,3.63554547106566)
(-3.09512080399963,-2.07551072074049)
(1.95094179929855,-2.84985576930999)
(3.46637858943500,1.02712261165739)
(0.313864130224642,2.47940576916041)
(-1.10064198996549,-0.716615457356751)
(2.40155887812701,-2.75268748147305)
(5.64506187496207,0.576819961138460)
(3.32428066317447,5.00500812704743)
(-1.62601670833927,4.27793887381069)
(-2.43434780070148,-0.338961167064113)
(1.37996305378512,-2.11910885036749)
(3.62552449091208,0.991450822554506)
(0.956880623690994,3.66187592897469)
(-2.36720363715630,1.53142587083099)
(-1.24612557818390,-2.39629879208252)
(2.72460998540545,-2.62759225219375)
(4.09042274564786,0.680074155655719)
(1.73690133457488,2.52950529103331)
(-0.0641748331743502,0.850160584983872)
(1.39185235497535,-0.882668886081275)
(3.38407513187388,0.459489102842685)
(2.46033228761837,2.88513872470332)
(-0.168920708599770,2.70600697787911)
(-0.744657173637089,0.272243073832407)
(1.25252533619639,-0.834845086230138)
(2.67520703622331,0.651132414119659)
(1.74863478320909,2.18235452780989)
(0.406869298679771,1.74732609743016)
(0.701729899218734,0.790715857715862)
(1.50559803611845,1.35650487175630)
(0.698886535482562,2.53596831878761)
(-1.07392375867421,2.02609143765386)
(-1.31525963853001,0.0597316925265426)
(0.285426866344365,-0.793020789829098)
(1.27045790008969,0.349932345592949)
(0.249729393316144,1.29520712672447)
(-0.940875090508132,0.227023386112201)
(-0.125544531013545,-1.45987390157223)
(1.85502444831112,-1.32119594252475)
