10000000000000000000000000960.
0.040000000000000001
(-0.759112208519444,0.531568024749628)
(-0.332753913578241,-0.632935145704011)
(0.817292251634606,-0.739113355235575)
(1.31357702185760,0.163524600393611)
(0.727717028294865,0.856994817657998)
(-0.0231719925944045,0.567367356682825)
(0.0252646932561863,-0.148092028399428)
(0.671735758224027,-0.266364899694490)
(0.932374272303573,0.339225588371705)
(0.385195298804148,0.808527286044410)
(-0.321839804603826,0.475837229036343)
(-0.373983709002061,-0.299722495396545)
(0.182256046566092,-0.687137371605204)
(0.623133898841679,-0.474429962281964)
(0.583541240405928,-0.221082051729914)
(0.483084864825571,-0.356983545975460)
(0.800776612764062,-0.545395406157292)
(1.26984773692202,-0.208266492713210)
(1.16650827718372,0.529931999591987)
(0.346124138237370,0.834134262068674)
(-0.388372187050166,0.192485299460272)
(-0.168385948654817,-0.832647706853570)
(0.867925126220234,-1.16156429368719)
(1.66874336297612,-0.434246610904767)
(1.44754908034822,0.571358923028644)
(0.541126073788909,0.832769083943858)
(-0.0328157461892150,0.203495412759208)
(0.275163440110975,-0.521178144867809)
(1.03491402280913,-0.556104421241316)
(1.43152029502404,0.0749190002401025)
(1.14743250286533,0.718412070875566)
(0.552136115246516,0.864504096670509)
(0.168703895166507,0.580511852175233)
(0.152748924736956,0.261847950586649)
(0.293994815926668,0.161527662966380)
(0.351163285073790,0.232218553069308)
(0.269953830738889,0.302476242726099)
(0.140468880661610,0.275601857307333)
(0.0622072646783530,0.172456843423081)
(0.0652467926676776,0.0732841893222720)
(0.0989606775850003,0.0411671107207897)
(0.0813855588261599,0.0572296692128508)
(0.000385960238397843,0.0276744462655723)
(-0.0405573871493005,-0.0950249295898757)
(0.0539851428764464,-0.204476504995556)
(0.194777562950945,-0.144211573902215)
(0.162826546486787,0.0455678484495629)
(-0.0840941035512084,0.0996082466000472)
(-0.265564053829248,-0.132283859876591)
(-0.109216463043794,-0.395402351349310)
(0.204265823873747,-0.294410528938979)
(0.173501901466773,0.116300043051082)
(-0.322155988816060,0.265850113257910)
(-0.694825024294273,-0.181609976988947)
(-0.359731360046426,-0.689318024729943)
(0.293351197819729,-0.398425695760176)
(0.138058908941873,0.585203153234251)
(-1.17167771151637,0.945715957858711)
(-2.31170720039691,-0.272800906731629)
(-1.62812597925553,-2.03016158739644)
(0.507870480399307,-2.02867476318357)
(1.43768870359935,0.439809091566803)
(-0.905434880020031,2.92182244451050)
(-5.04165755477914,2.06278395233101)
(-6.88427428928875,-2.33529796427002)
(-4.24767643259893,-6.38759501185691)
(0.173187085083002,-6.16895231008424)
(1.41360124863269,-2.46274736353078)
(-1.98219184787453,-0.355157458197077)
(-5.78472755162453,-3.49084068051251)
(-4.60809417113901,-9.45847638494759)
(1.72921098286564,-12.0569397065569)
(7.55595893067735,-8.25376236544966)
(7.52679283107828,-1.79378750932839)
(2.56101230260803,0.933535136677142)
(-1.43902912303182,-2.00169938250810)
(-0.490454122758085,-6.36608707153904)
(3.28373938414205,-7.28440859631811)
(5.06961280711284,-5.02452947594765)
(3.80571580995951,-3.92998166327614)
(3.38665770320465,-6.10428487105286)
(7.10429351231918,-8.13044006056118)
(12.5394424211663,-5.27147373903376)
(13.7485815566328,2.01511712871478)
(8.41841389512307,7.64862284996924)
(1.17810833705640,6.58012243624761)
(-1.26646980342904,0.649710332743542)
(2.46990729821802,-3.45453962771019)
(7.26205398640695,-1.69833893637261)
(7.64606837226581,3.24644843682926)
(3.74407724430112,5.83156296099925)
(0.138019150335000,4.17540901475094)
(-0.161217755322855,1.38421320073390)
(1.16075576895882,0.783654190558947)
(0.911300697261443,1.72744325651808)
(-0.969434210336717,1.20953053511165)
(-1.58340265688042,-1.47389529790620)
(0.528627649669625,-3.60612492375430)
(3.08498533922705,-2.93772965763665)
(3.17685991231947,-1.06496482193824)
(1.56245503878325,-1.39397092166335)
(2.03705061608299,-4.19852467277744)
(6.27396201573693,-5.53935177214771)
(10.8567470003751,-2.00535696732041)
(10.8078754687627,4.54330148781574)
(5.57573046297891,8.51826128319637)
(-0.0482197828920026,6.90730149998170)
(-1.46079979902824,2.61164840683546)
(0.551082414653736,0.608778408995453)
(1.43194376201791,1.73481645918675)
(-0.772473043492673,1.96705363461372)
(-2.46838600772406,-1.80290062169691)
(1.01136531160693,-6.81741778845643)
(8.87013492215941,-6.87137988348366)
(14.4839316387487,0.386618765234263)
(12.1629337908421,9.95177490031758)
(3.39488620344019,14.1569067526074)
(-4.57977299813404,10.3899436393167)
(-6.15598468660168,3.27365233002127)
(-2.43585655074060,-0.697238022167116)
(1.12353682443879,0.344839358497472)
(1.01110525636368,2.95017986176831)
(-1.34413016402525,3.21797681166851)
(-2.41638824859446,1.01250031617568)
(-0.999039054955645,-0.862906541473756)
(0.980492051495458,-0.538700617619605)
(1.36501619040667,0.990428814864273)
(0.280658537721124,1.63876542394048)
(-0.538347722350284,0.855390706561096)
(-0.119097243435051,-0.125852128539450)
(0.835243484718653,-0.155681635746841)
(1.20601248275707,0.543709876551347)
(0.847197205270781,1.04671243574386)
(0.397848734246883,1.00901743887112)
(0.209732068092096,0.796958055285080)
(0.0606797441731122,0.633604800861969)
(-0.137258687951880,0.254946442429452)
(0.0567311980877056,-0.432873117575695)
(0.960211461143130,-0.830980908266074)
(2.01520681613812,-0.240442898234609)
(2.17116825480674,1.11395563063203)
(1.09884688892741,2.07547555263517)
(-0.294347526330991,1.75298474579736)
(-0.781182480423096,0.517771803445731)
(-0.112874285958641,-0.413093749274288)
(0.809050415662540,-0.298997133839093)
(0.999120392934658,0.436854835718558)
(0.388078933151902,0.824205450870581)
(-0.287082410005713,0.397113860113776)
(-0.346064066066090,-0.492811590011461)
(0.286655339434460,-1.20248744593577)
(1.25554219208292,-1.35482514815735)
(2.16273271643337,-0.902031764263735)
(2.67832152675662,0.0355777874137130)
(2.52493201298165,1.15776332665525)
(1.66981476198206,1.94312186666359)
(0.551284192410075,1.93770818334669)
(-0.130784341723836,1.21884119203195)
(-0.0301246494770684,0.431134183601925)
(0.496624932398490,0.196080576695575)
(0.780336652438415,0.507867703753835)
(0.554159612490218,0.826085408014332)
(0.154190850759905,0.743507534803086)
(0.00911866421382200,0.401160725137533)
(0.112644454525499,0.176746314696033)
(0.147868202122716,0.124940846003530)
(0.0373008839879250,-0.0570631823950849)
(0.123278997994477,-0.506144820110875)
(0.695063143936128,-0.856164892858226)
(1.48319011962366,-0.603437628390266)
(1.83089945264912,0.244940056373580)
(1.39597943646717,1.07011272871655)
(0.543254371094911,1.25776453474424)
(-0.0486530357519498,0.814182513699368)
(-0.0906064311987053,0.273037737819215)
(0.122142724162213,0.0542823904412555)
(0.182633963666917,0.0633252722744464)
(0.0742354557103447,-0.0445260343741382)
(0.103847021952470,-0.346277880292376)
(0.423016387177901,-0.548379113836113)
(0.780322273266062,-0.387637102575185)
(0.802582467835273,0.00330043993783839)
(0.430408537789582,0.214009990346427)
(-0.0147436784612989,-0.0155247251215537)
(-0.162455546389941,-0.569165512369260)
(0.101608094645986,-1.12985271976691)
(0.658484461182127,-1.46293931713551)
(1.34939925080482,-1.47566468876900)
(2.02532479495154,-1.10690834699526)
(2.44466884458841,-0.335425752632464)
(2.30133209088489,0.640776015466799)
(1.50085063516699,1.34873333540994)
(0.393436041901875,1.33367210863733)
(-0.395868659749749,0.574329961725683)
(-0.460535181290167,-0.451678193530613)
(0.0769898027216837,-1.18263046077619)
(0.784948707238981,-1.43414457895337)
(1.40589642382612,-1.39455613032414)
(2.01160063686076,-1.20072881550142)
(2.64635099333229,-0.679703308812852)
(2.96295397158418,0.345157204549617)
(2.44381462146212,1.53732285397568)
(1.08395439857593,2.06664975924762)
(-0.282688594883026,1.35920351860803)
(-0.580839458392429,-0.166683549932098)
(0.462077717214350,-1.29262977672584)
(1.94638555936123,-1.08848021042464)
(2.60655169223589,0.191296216248181)
(2.00827844370360,1.38344707845168)
(0.873081600838319,1.58993776631419)
(0.217365465252735,0.981777019029775)
(0.309411544604312,0.408621252090034)
(0.588579097475400,0.368684952680919)
(0.502029182349177,0.568544173374878)
(0.153299717693848,0.487060919432716)
(0.00901908001720784,0.102450237720194)
(0.174830591060412,-0.172770068296798)
(0.276405664275299,-0.176974987791995)
(0.0949902338238837,-0.280152605463773)
(0.0152643709112986,-0.811213705540132)
(0.556608661700995,-1.42328637637487)
(1.54798392184202,-1.37837057596943)
(2.12425208090640,-0.515249273935810)
(1.71979163472078,0.370774643808606)
(0.847339587130815,0.376065830635385)
(0.573562496754002,-0.403489004393826)
(1.23688097776153,-0.943458535660891)
(2.02099406569030,-0.548838673977162)
(1.99671264262596,0.267333044512911)
(1.34173027314484,0.460364262741915)
(1.12506083314513,-0.130645570271645)
(1.85556866919269,-0.489997105626892)
(2.67455093675083,0.256544667759533)
(2.35961373941133,1.56111825759672)
(0.970472922813929,1.96043470358246)
(-0.00611244712112970,0.894348420740861)
(0.625934159900662,-0.421409841241368)
(2.22436055803003,-0.294974143535192)
(2.90133287901512,1.42819695612056)
(1.65636241427236,3.07773862336252)
(-0.469168750575215,3.00021871711319)
(-1.57917729707048,1.36134168043768)
(-1.00002785391365,-0.179324183478293)
(0.191438670308719,-0.405538623088968)
(0.633261892657339,0.279053220827658)
(0.191544151718261,0.680015816994419)
(-0.246356905054452,0.357029740245415)
(-0.137841974915482,-0.0968159693720500)
(0.120994505398163,-0.155297646452548)
(0.0390189440422297,-0.136450799052073)
(-0.0643579892504323,-0.572390127746239)
(0.511500306963274,-1.16804939571239)
(1.65385796967421,-0.974589029913476)
(2.24215904145512,0.300904112916698)
(1.43572319197512,1.62316094913027)
(-0.148308171458088,1.66942107354290)
(-0.984582426587448,0.402530025975017)
(-0.363057000115151,-0.819839612466909)
(0.823417846142230,-0.808341640686226)
(1.20312294551026,0.131920694581717)
(0.542027439452619,0.718778606758609)
(-0.138224598623735,0.324977836685922)
(0.0238634811370748,-0.354285320717405)
(0.662770426024847,-0.346996981149996)
(0.783905766998715,0.298290126859247)
(0.129598686277913,0.644294972976160)
(-0.512163785129546,0.153009722825029)
(-0.390672786915149,-0.628068739374521)
(0.240437177864298,-0.845174872710275)
(0.540136265623253,-0.466420561212383)
(0.244782358412713,-0.240365283923513)
(-0.0231729645846874,-0.605231352536400)
(0.315892143832099,-1.07898385155693)
(0.946995522942141,-0.958135423375617)
(1.07195839040978,-0.344425203048541)
(0.529071627412479,-0.0706300154843872)
(0.0899051432573182,-0.594341026107317)
(0.498017192722788,-1.33215873250911)
(1.49361836238069,-1.33625564637310)
(2.09136783805152,-0.453124897334504)
(1.74577833117863,0.506915743433036)
(0.926095783311647,0.756973979539913)
(0.446706278774614,0.389183375977414)
(0.496831829607868,0.0795389271669394)
(0.588591658591063,0.155793269837401)
(0.349186800216077,0.277365555909353)
(0.0212314611040789,0.0416147027119187)
(0.0544483126400595,-0.406349511560731)
(0.440153940080583,-0.581192667785624)
(0.716186891243795,-0.327149449754092)
(0.582732607656150,-0.00733351553837465)
(0.254930131818739,-0.000350144938228139)
(0.113987471982839,-0.238929312179309)
(0.201954200882508,-0.391403659810091)
(0.251652475104323,-0.354171019838993)
(0.130745187940665,-0.340929520691095)
(0.0171572476663209,-0.500172328314863)
(0.0768777964065911,-0.675250477202699)
(0.165772243253492,-0.669044844061474)
(0.0279158527996204,-0.604371943796381)
(-0.282274299893340,-0.819847959630609)
(-0.369237260572601,-1.41086647214075)
(0.0693611743870737,-2.03438037169644)
(0.897959008727499,-2.23194749940673)
(1.68352688773057,-1.84629085596353)
(2.06474883070142,-1.06935201678773)
(1.90668157016171,-0.221624066820294)
(1.24673793155520,0.371828930541009)
(0.318249288653355,0.406528283334666)
(-0.402317663578910,-0.205572241750427)
(-0.476637938927144,-1.08121601119854)
(-0.0203092889918921,-1.57506047899251)
(0.270629819762378,-1.51162870531001)
(-0.0526837797484256,-1.57377751871438)
(-0.367930783570083,-2.55407138462157)
(0.573384047505593,-4.09259931244718)
(3.06094200186170,-4.56073010373159)
(5.53189498215636,-2.68629457442807)
(5.80419707874556,0.728727178712186)
(3.38920758045287,3.19753725982299)
(0.220796867011219,2.96551135343122)
(-1.27685957391914,0.806686743230546)
(-0.683741540213360,-0.965019582575778)
(0.288965020784012,-1.16308995426440)
(0.165407403490383,-0.862910400293257)
(-0.409346187725063,-1.63971346111771)
(0.327678146725018,-3.19783855506464)
(2.63653869484098,-3.51675418045837)
(4.47331422377765,-1.45919100477789)
(3.73068631601813,1.45309566675350)
(0.842371802791699,2.49316011481540)
(-1.53404765855760,0.783089258985322)
(-1.47581539960138,-1.76207809724021)
(0.170429906028737,-2.75319076713761)
(1.09193630599703,-2.04990764337845)
(0.432129590672512,-1.60555494471865)
(-0.293480477204763,-2.79026455323215)
(0.716020693149495,-4.61109945952447)
(3.18702909125198,-4.96061344352623)
(5.02969103501129,-3.20412815382454)
(4.73722563996141,-0.927676975716247)
(2.96001171597721,-0.145088040991003)
(1.61805875450333,-1.28757296233387)
(1.96839269885478,-3.13907296151520)
(3.85121414094015,-4.23196413552603)
(6.34485398285882,-3.79808586255689)
(8.40692391406505,-1.69074154682899)
(8.90295099135128,1.68332267053260)
(6.96493462769809,4.95868949407431)
(3.13405606491653,6.07797888989974)
(-0.171570230964378,4.02614301405094)
(-0.396227768053906,0.461138797251132)
(2.39667675259468,-1.23816745666199)
(5.03130353163094,0.684859485497819)
(4.28745841055027,4.18059580009432)
(0.502250744160210,5.30134219082185)
(-2.55583919059191,2.51127384291547)
(-1.77108743558795,-1.47834414105277)
(1.82825953391540,-2.66810955847758)
(4.27290055929698,-0.222486330467660)
(3.17516684309203,2.76230086912727)
(0.245370646975034,3.00316841932123)
(-1.06735214776574,0.742651101474341)
(0.214681737537091,-0.950303150393804)
(1.66836296939542,-0.217714252666852)
(0.783430087518869,1.26972443251608)
(-1.70076378002630,0.479216217481424)
(-2.51020432263589,-3.11256731222446)
(0.370016152222347,-6.64843700741817)
(5.38644028678855,-6.92008917540195)
(9.09948204695154,-3.61222561646428)
(9.58941088543433,0.789050832398976)
(7.72656351749217,3.78492728664983)
(5.47752883469415,4.88945849268497)
(3.81817854270373,5.04983799902960)
(2.54651177794991,4.97381118026195)
(1.41883060862200,4.62941185733060)
(0.644621854537837,3.99472800471373)
(0.292460124905939,3.45244570280738)
(-0.0719216923465292,3.19197822323116)
(-0.740860624037727,2.75922857377001)
(-1.22433207503567,1.70259516869344)
(-0.798204737312356,0.461944826220854)
(0.355539905444848,0.0506605550940881)
(1.09391619580496,0.736214999885170)
(0.655824842979960,1.50448490983637)
(-0.298952680342395,1.21175309261748)
(-0.434343246138455,0.0383978848877821)
(0.578849233600640,-0.689077625498203)
(1.60858361600196,-0.170454172130040)
(1.47243283743528,0.818554481668011)
(0.446129919028651,0.850514561794121)
(-0.0113342815609610,-0.415830085533312)
(1.07767539838261,-1.80954551833001)
(3.19181556965480,-1.92165333360991)
(4.96712520669182,-0.434141815393078)
(5.46017757424536,1.89263764559804)
(4.56224176013800,4.09881320256864)
(2.60073467665156,5.49388676644438)
(0.146129271530283,5.55050844911031)
(-1.80509206854789,4.08086197994388)
(-2.16704503769041,1.82640989267595)
(-0.848349607041301,0.361334507095593)
(0.732565529387536,0.733301098475359)
(0.859699719404029,2.18502196266547)
(-0.572975282955265,2.78370652953046)
(-1.82350022781573,1.60683578167529)
(-1.33192543609484,-0.0906788874684823)
(0.327800247862118,-0.356330436157040)
(1.09764518891573,1.01167326376138)
(0.0167292106609663,2.14970945135734)
(-1.51501695556429,1.46447265166599)
(-1.48621176418575,-0.309512689091476)
(0.144928419409246,-1.01584325737976)
(1.37647723703054,0.165626102231454)
(0.726865449593700,1.66868088304333)
(-0.882249048864252,1.57184092204758)
(-1.36964376668029,0.0573588884247447)
(-0.205765838294509,-0.910664315268648)
(0.983396978464033,-0.214464724042603)
(0.665331472977584,0.998012677528763)
(-0.554745105764037,0.958618192683525)
(-0.834070288855145,-0.285463598606201)
(0.328569176750560,-0.962265706659253)
(1.37724263248774,-0.0524524076943072)
(0.841157770625647,1.25447700539891)
(-0.595461334878656,1.15589683092173)
(-0.969201050205979,-0.267802745980543)
(0.280162768948716,-1.09467692873728)
(1.48077479851423,-0.155117761805112)
(0.951374393419946,1.32450076088237)
(-0.690631266372566,1.31467831003300)
(-1.29183787488283,-0.280949280591547)
(-0.0278295235421870,-1.44758142971332)
(1.47952827708246,-0.726950081525627)
(1.32559878311367,0.844022527099348)
(-0.134375589551083,1.14856845996502)
(-0.801566054291670,-0.146120773667562)
(0.289989782250550,-1.15929644895327)
(1.65035437610684,-0.386499839497466)
(1.37336894534909,1.22334371619139)
(-0.243552065976594,1.55053924842478)
(-1.09348339092750,0.202411403823434)
(-0.143323349690380,-0.950667372654366)
(1.15304708904756,-0.355561048713463)
(0.878218802770878,1.07194761204312)
(-0.663554485722732,1.21771571368662)
(-1.33798857461413,-0.260936065380641)
(-0.162957522915681,-1.39680291733291)
(1.24878300286468,-0.629587097285450)
(0.875735320160538,0.950573943510340)
(-0.847444810689698,1.02616403190463)
(-1.51274197195734,-0.709434948709934)
(-0.0492003431508057,-1.99472992594814)
(1.67572358413896,-1.05220987587492)
(1.32155336151316,0.867495005984172)
(-0.643377880059054,1.07262821834034)
(-1.42828902730885,-0.845717761171043)
(0.277141456174694,-2.27363893647612)
(2.32819551665268,-1.05498265729728)
(1.88041724769507,1.42221569591619)
(-0.669026182062099,1.89472459456783)
(-1.99202549348726,-0.357830952105000)
(-0.256197131394099,-2.32519094596837)
(2.21074432723954,-1.19047094359120)
(1.84326357027104,1.72661830421740)
(-1.31086444827605,2.46367826108062)
(-3.36578378506392,-0.347049277479207)
(-1.59897343511550,-3.44263816783920)
(1.84765679330777,-3.05566111485434)
(2.66629947644313,0.101875614760981)
(0.0899290076593323,1.73747079936407)
(-2.06353082897265,-0.233349509295303)
(-0.636432267696186,-2.77357999033100)
(2.32760185553031,-1.87617954892553)
(2.17898859764111,1.63050300033862)
(-1.73902729162290,2.74299964841527)
(-4.53729239463062,-0.919355577651066)
(-2.05271076795108,-5.22912842547078)
(3.05729506557297,-4.48004656657551)
(4.08960359005177,0.736038279375185)
(-0.779623457474891,3.46770216400618)
(-5.15209932045314,-0.615056048655984)
(-2.25739034297617,-6.45892706844958)
(5.11207879437397,-5.00488057008502)
(6.07155230214795,4.48429445055246)
(-5.17446857274911,10.6744594641393)
(-19.6622342350561,1.77402075250709)
(-20.6798397992885,-19.4793191930025)
(-1.64557925000806,-35.4383436787844)
(24.8396197792347,-30.2433392780805)
(37.9153883719580,-6.28741935257491)
(28.4731525464435,17.5708783274568)
(7.13345051075319,24.2830628126236)
(-7.57789014642205,13.8765156297007)
(-7.23135491593360,0.479692333867387)
(1.17838723005337,-3.65284345729554)
(5.90127128550197,1.01884646259581)
(3.21264999805203,5.62158143104086)
(-1.34655896409217,4.59289646230553)
(-1.89279518175566,0.671544402854742)
(0.926884630494448,-0.688646939715980)
(2.42333019241017,1.37354769212023)
(0.673298095856022,3.08271750902631)
(-1.51890677186444,1.79699792556370)
(-1.05996138253415,-0.675855694614694)
(1.26808301383657,-1.03473307931058)
(2.23213225251244,0.973489497248405)
(0.616468257282227,2.49451163601429)
(-1.39240107735266,1.54442797078553)
(-1.34237538436784,-0.553195861179296)
(0.362459841835208,-1.22469767028887)
(1.34844151749828,-0.0397323644718337)
(0.542824942212808,1.06446620609564)
(-0.673908970120154,0.612631875777853)
(-0.649033625705352,-0.582605605393039)
(0.313199589222256,-0.858740858069583)
(0.642850366642610,-0.0921928111243835)
(-0.144414795541319,0.299217685521024)
(-0.830484124419997,-0.481208737145406)
(-0.350387307579568,-1.46569294939775)
(0.629502470523102,-1.37052058792790)
(0.659861312727798,-0.507271155762748)
(-0.373666015066998,-0.422668308264548)
(-0.952560206534921,-1.74134734291666)
(0.0918726435783390,-3.18936559847408)
(1.99008572019432,-3.16369888814118)
(2.97907604959737,-1.75914202585046)
(2.50912949085774,-0.571437941935492)
(1.79532382745922,-0.594406023328174)
(2.06146496821540,-1.02859354796800)
(2.87894952002256,-0.522008910550110)
(2.79038322273575,0.888738507115420)
(1.32999718096279,1.72904347413351)
(-0.246477505256215,0.961436201900668)
(-0.446799880163335,-0.677795943092539)
(0.700474507606759,-1.55380592495745)
(1.78969601646182,-1.02452792186814)
(1.74337175231641,0.00310854016120982)
(0.884176196679132,0.333448973466018)
(0.241803119257679,-0.204895603255961)
(0.269749763480677,-0.920947017678358)
(0.629769495279506,-1.33416527400213)
(1.00593221323729,-1.57805084805275)
(1.56015711900091,-1.77956617422537)
(2.39801291643906,-1.57986469961332)
(2.99477705320455,-0.640517969241803)
(2.62363608457069,0.589412544133492)
(1.34520289456684,1.07471468627573)
(0.200631184402192,0.302236852560353)
(0.209365330571814,-1.05293936347408)
(1.31307234990737,-1.76655732537894)
(2.48129494060569,-1.27359697526648)
(2.76901222126251,-0.0924210187026052)
(2.08672225860184,0.840149005290078)
(1.00728270346701,1.00057993096486)
(0.130185122234345,0.450055036483764)
(-0.226588809042907,-0.483592753339478)
(0.0247811392860565,-1.42055948025197)
(0.737116164530683,-1.97092758674273)
(1.46750694500564,-1.93970830987341)
(1.75054545218007,-1.61769072000517)
(1.63893735416784,-1.61384758057411)
(1.79393843296872,-2.14356763062354)
(2.75008342527153,-2.58558404163564)
(4.10449794677700,-2.05214355717176)
(4.72737567635872,-0.480654771048921)
(3.93673913834352,1.07629579170785)
(2.30059891099302,1.43694574017987)
(1.08646647650829,0.445156540103525)
(1.03860030869676,-1.04416636330419)
(1.96206377775863,-2.18294091986136)
(3.42705988896671,-2.73346932595172)
(5.35548670142501,-2.56939451802731)
(7.51374941323902,-1.10555124040659)
(8.73384564949348,2.08799848726601)
(7.44896542070483,6.02460166120969)
(3.49073264953084,8.31987327668581)
(-0.967717648253584,7.19112688046307)
(-2.96938211061269,3.50264462122106)
(-1.58965173692315,0.309831740459693)
(1.07352306045841,-0.0197182810755578)
(2.05001789863047,1.89914126781750)
(0.540700178339402,3.33099432247815)
(-1.49918770930953,2.47919046517948)
(-1.78312064503321,0.285112082987464)
(-0.235876400751320,-0.948719686769571)
(1.21141405894355,-0.300183888641269)
(1.07945896726304,0.919789353724699)
(-0.0206470151357365,0.998238786964627)
(-0.410361549162433,-0.0962433660720522)
(0.463977999044762,-0.894879195508104)
(1.44512809287933,-0.443777609241714)
(1.28025742313281,0.481904652598857)
(0.283456122438307,0.426260653846416)
(-0.0283524538745584,-0.856573207786961)
(1.21235696771715,-2.03510996592237)
(3.19055613791628,-1.72023138441254)
(4.34160300218999,0.0448210966249039)
(3.97355635924599,2.01043974922102)
(2.67214209845029,3.13798353308745)
(1.30527526618281,3.39321118718742)
(0.125923910339446,3.19041049768075)
(-0.967577956641294,2.57140670656657)
(-1.69080535349455,1.34164423644221)
(-1.44449922014608,-0.152382701887136)
(-0.228147181028814,-0.929804127624410)
(0.916393543847111,-0.382734979572152)
(0.792633093586102,0.798584107649984)
(-0.587289270587947,1.08903812827820)
(-1.78707351434596,-0.323545913865269)
(-1.28080815904680,-2.57651957227664)
(1.02761594870010,-3.85535743847324)
(3.68489439456880,-3.06170662736570)
(5.02059464306287,-0.722188170429823)
(4.51161574756564,1.64771273620520)
(2.92479715362977,2.89231352084938)
(1.38047343017788,2.92533051083538)
(0.448022744345279,2.36508009014596)
(0.0353940696910145,1.76961378303374)
(-0.145006550391862,1.28543252164067)
(-0.199308300879839,0.836313185111182)
(-0.0723787102294624,0.421105899418573)
(0.240541186255382,0.170950217541889)
(0.593440910127742,0.201910787524587)
(0.770780694471306,0.476670941314019)
(0.641304482302593,0.795221380240583)
(0.267882166239956,0.909406357198090)
(-0.105889254357416,0.699085823818788)
(-0.224430388340373,0.289601728521866)
(-0.0451641980925954,-0.0296790861818008)
(0.206128303393329,-0.0715988479005355)
(0.264167273010636,0.0545257595434176)
(0.120038295317059,0.0735839237304435)
(0.0179352642600761,-0.111499642010741)
(0.111896493897193,-0.291670411809259)
(0.210606073583466,-0.257207538278822)
(0.00742639753106826,-0.179072783140811)
(-0.418131572721852,-0.509969210745292)
(-0.492595074493899,-1.40157383068846)
(0.285252943056790,-2.32346358707232)
(1.68446225130840,-2.46135912112406)
(2.81833154610373,-1.56078026878802)
(2.98597385755211,-0.253532144200175)
(2.35902279222335,0.571890819038229)
(1.71076703219572,0.662555632977033)
(1.51532355611200,0.519992395894277)
(1.51131765718745,0.648835947870396)
(1.22658783951212,0.918814942334843)
(0.719157556617031,0.852847764785742)
(0.512840157326163,0.412374418282730)
(0.802898999688640,0.156702318526108)
(1.05499140515300,0.483534710548840)
(0.658359892259245,0.970958127992412)
(-0.172147759808706,0.829922255394819)
(-0.550038218737390,-0.00335682297381788)
(-0.108964253352415,-0.639557144451262)
(0.325096558386968,-0.405609105406196)
(-0.277597448768932,-0.000265636318766016)
(-1.51815486054931,-0.897722403407259)
(-1.51060619494007,-3.34617246090631)
(1.02358338934140,-5.39966941305144)
(4.75558931171835,-4.64200400046771)
(6.53481484801998,-1.06621524802196)
(4.65167041391294,2.28866247146073)
(1.07702839266554,2.21350713545623)
(-0.191804444531347,-1.09965083865806)
(2.68552129485994,-3.86487411636603)
(7.17573644480417,-2.49641675452020)
(8.77745370077997,2.53204008981715)
(5.64985564121757,7.01989013343934)
(0.488780619214321,7.31282030374015)
(-2.35738310886821,3.91544516184116)
(-1.31141401397340,0.619156517808137)
(1.24574348788274,0.335605858725489)
(2.00585971225141,2.32762604625391)
(0.304242344154092,3.63283215751078)
(-1.67092055031710,2.62285049505134)
(-1.78584090915964,0.529206418023036)
(-0.307135555397552,-0.439143136420895)
(0.851054410698535,0.265616752580694)
(0.606037332738283,1.26386236927339)
(-0.256684370547409,1.25368060989099)
(-0.459713140850489,0.515518605392371)
(0.0737335691130850,0.179246363827442)
(0.385901986318352,0.551760301765002)
(0.0123315979686280,0.824240843191071)
(-0.360541132926144,0.392227429554135)
(0.0325810148457572,-0.184810226865817)
(0.818423852491296,0.0433844063943400)
(0.885355111835106,0.998403284023213)
(-0.0937683188349205,1.51788473046742)
(-1.09600137458960,0.827340160323122)
(-0.975498206641035,-0.397744941276672)
(0.0838510807573958,-0.825036920691252)
(0.794776014899860,-0.118977811640710)
(0.387391737505710,0.681086647871289)
(-0.473896661333975,0.524039585969408)
(-0.626301976397549,-0.344863002780733)
(0.0823343330185251,-0.802788590890276)
(0.685559988521117,-0.366126521500627)
(0.456437267889660,0.228665186299590)
(-0.132952828199932,0.0985457871832057)
(-0.115323053031277,-0.562166628019150)
(0.606180237377208,-0.765586067747482)
(1.10151849674290,-0.109318056191776)
(0.673132614914036,0.639079110575136)
(-0.183791920891802,0.550316510762358)
(-0.424162524703165,-0.227396400652992)
(0.164459861673736,-0.668826808672834)
(0.695501609499432,-0.240648014319436)
(0.383095350169456,0.397387378203681)
(-0.403942050503224,0.288473258790868)
(-0.634080365287915,-0.535439398825859)
(0.0186433387704401,-1.08428216422843)
(0.739627791208062,-0.693843930135763)
(0.606997784946407,0.133869193714384)
(-0.292982355183369,0.377907151132031)
(-1.06280060559618,-0.296372935545873)
(-1.09433004892419,-1.32091439617250)
(-0.565897182369911,-2.08395216445170)
(0.149122391941978,-2.53637523972117)
(1.07576167537876,-2.78332578982627)
(2.28635123519198,-2.50953647493228)
(3.23946951871207,-1.33599740283027)
(3.07157027924806,0.301978508486290)
(1.73233581439895,1.19385128392476)
(0.402664086354359,0.626934141247788)
(0.339137516058536,-0.638582635993134)
(1.41535982935681,-1.11889361998168)
(2.25970910898402,-0.322283998652265)
(1.93556684649429,0.722549195259629)
(1.04684276220768,0.850631353534084)
(0.820548324800659,0.270696307749270)
(1.38257867199210,0.192415335321043)
(1.56778825090835,1.05935592147501)
(0.575211130891868,1.80593484488957)
(-0.767408524814349,1.24231267572138)
(-0.946902916529362,-0.235303757884484)
(0.226218285855697,-0.983262377698524)
(1.24127224730768,-0.195135370722669)
(0.777159995599103,0.991993109614146)
(-0.560164909581819,0.926491355776220)
(-0.995650195702716,-0.386520339623916)
(0.0708474460265150,-1.24975858711770)
(1.21238286157012,-0.503488158274213)
(0.809047792438959,0.880458689569483)
(-0.785754822888952,0.989872811046143)
(-1.61252665444605,-0.545443872896125)
(-0.584256761043725,-2.01928497706073)
(1.13300233265677,-1.78624172010949)
(1.62531232460256,-0.297167487490590)
(0.630156596702928,0.591688407060287)
(-0.296958462632575,0.0577024747688246)
(0.0269137443964560,-0.746073591247466)
(0.854884277623762,-0.421706665867680)
(0.648068055998076,0.690188008291110)
(-0.707932280425243,0.978325046033283)
(-1.66396283271472,-0.189617475516145)
(-1.07415162047246,-1.53185484960242)
(0.255790750808864,-1.51470100383682)
(0.636149779361703,-0.344277174068067)
(-0.311268217058437,0.396835287965020)
(-1.31394554863367,-0.110959015514683)
(-1.31297801079022,-0.989497879513387)
(-0.822458836273364,-1.11957491364133)
(-0.912816119660444,-0.748899092797917)
(-1.47865796041940,-0.869360063103756)
(-1.53972654143931,-1.39523011387201)
(-1.20942257430138,-1.16487520593989)
(-2.09587971127924,-0.149906959857511)
(-4.83754757879173,-0.520810770451466)
(-7.01600424565125,-4.13228337078830)
(-5.21049967526673,-9.13453934892831)
(0.337433710373325,-10.8005008608871)
(4.50716546857848,-6.95431886727822)
(2.46013205425481,-1.78252351355403)
(-3.99305055982342,-2.32305417206787)
(-6.88111192033327,-10.3799671008968)
(-0.256994779420613,-19.1173571280792)
(12.5980435248099,-19.2810670395771)
(21.5644881208726,-8.91542593306401)
(19.6801784686180,4.25645119751627)
(9.82953561104816,10.6450135641233)
(0.890157266978514,8.04207155690817)
(-1.74115749181870,2.18165640488243)
(-0.262342204008859,-0.985696820712837)
(0.547598298793358,-1.39529192835294)
(-0.0253383980457909,-2.47697538884692)
(0.951309844583072,-4.73646192390239)
(3.93138605962116,-4.74693166116525)
(4.45290305490580,-1.19871502687932)
(-0.983589986361284,0.679630254932148)
(-7.84712487126961,-6.03532232967190)
(-5.72942588231452,-20.2023044061961)
(10.4327228987115,-30.1982859047306)
(32.3041415702875,-23.9772451236719)
(43.7469832097300,-1.99842890922669)
(35.7351087357517,21.3466249143364)
(15.2309299704059,30.4398987346657)
(-1.47817727571628,22.5491091890513)
(-4.04393304840798,9.04747021958720)
(3.68452069196127,3.29371518064434)
(9.75443232969000,8.31699544823351)
(6.71591929400331,16.2258687592076)
(-2.46635586227136,17.9391408709502)
(-9.53906873492746,11.8873479784564)
(-9.75095023794937,3.61675939973006)
(-5.04026265301950,-1.00871215703576)
(-0.248247656035884,-0.761853222370087)
(1.79415418948977,1.83493124856225)
(1.32721752746348,4.15568823167760)
(-0.355465389772848,5.22978711492167)
(-2.37940913820340,4.94980079402281)
(-3.96210722620159,3.26570242984727)
(-4.06180635922406,0.689874341974611)
(-2.27988547116371,-1.29532832925419)
(0.238178418085103,-1.31353005458241)
(1.59838081423374,0.398038701960683)
(1.03216355585070,2.10828495950608)
(-0.414525552938989,2.39651790996969)
(-1.21145830255714,1.48569729402218)
(-0.975991868791807,0.589779462921526)
(-0.462767761328552,0.331459356244820)
(-0.245460350449237,0.300204590044913)
(-0.0327144929124584,0.0604216408196373)
(0.572253096462743,-0.0495065501024997)
(1.17742355988874,0.502487256186618)
(1.00515485664587,1.41394230007744)
(0.0732376316598027,1.69549332703426)
(-0.581765747313431,0.944426123109020)
(-0.119323200492828,0.0220411903818825)
(0.981496489748860,0.103867093333740)
(1.40942200422483,1.23228142570126)
(0.573369075913411,2.21915570648974)
(-0.713263872769296,2.04134814714202)
(-1.23736804657138,0.986211236365036)
(-0.774018708564453,0.179136174310585)
(-0.164032893717303,0.199539781976520)
(-0.138466328504752,0.545888089439887)
(-0.479923265532312,0.482288252085999)
(-0.506004531715295,0.0229869514315520)
(-0.0743446993154135,-0.211124736564464)
(0.266713263823533,0.0678687457419644)
(0.0925280481200840,0.417844753317677)
(-0.301879210636676,0.307439845912466)
(-0.326935733149845,-0.143111916233668)
(0.0812958199485839,-0.340020917918244)
(0.378757175799975,-0.0399690318496506)
(0.162342732594673,0.316806298210489)
(-0.279772882836037,0.206194581754726)
(-0.356019458407218,-0.266974126440466)
(0.0258533132795447,-0.498722009459729)
(0.304421293208574,-0.189967754072694)
(-0.0335778872667278,0.217076242186921)
(-0.779280157542867,0.0272456059244559)
(-1.17999691746303,-0.896371390213127)
(-0.735271749169608,-1.95636686969661)
(0.315479084423964,-2.43197645877607)
(1.29038608264373,-2.14287524604651)
(1.71591950700647,-1.49716261149172)
(1.63765909932986,-1.02571061003114)
(1.42657582402769,-0.972214383184744)
(1.44376810772052,-1.24518941366546)
(1.87748183760532,-1.57005687525206)
(2.71554589833352,-1.60882238982518)
(3.71509195600245,-1.05794980319436)
(4.41926740656595,0.178251204136917)
(4.35245879707264,1.82549912575875)
(3.33173566162531,3.29472535884798)
(1.64172757402933,3.99114643704010)
(-0.0920973077062205,3.66179863116414)
(-1.24192688259929,2.53441640440160)
(-1.50301140383012,1.17986146338811)
(-1.03370260705072,0.196648636175384)
(-0.341137387179014,-0.121242381629016)
(0.0542785531433094,0.0538722858456429)
(-0.0127712984382351,0.242983182351823)
(-0.253472062089774,0.0784205781311687)
(-0.235833503010386,-0.368981910870669)
(0.163357661433068,-0.698428410313879)
(0.645352191655431,-0.635808804711216)
(0.854241791549275,-0.330066714065355)
(0.788968333528336,-0.136319518558875)
(0.751219424758939,-0.158762108904436)
(0.900004099221143,-0.147569878779712)
(1.01240325001070,0.106680128647656)
(0.796444959941534,0.415297915381918)
(0.348354486759263,0.389917401344638)
(0.104581384466376,-0.0325075704068047)
(0.300068496936617,-0.460508524233933)
(0.658016733967851,-0.545062134880824)
(0.786536272046795,-0.452563438553414)
(0.788270155973190,-0.612625748677969)
(1.19955058877827,-0.997563018024158)
(2.20237306680400,-0.925671923614626)
(3.09730058406270,0.181251073809774)
(2.85969088955780,1.91575176579780)
(1.28635236811889,3.03541715016282)
(-0.606764237966494,2.64630500335644)
(-1.50125633910990,1.13408351832845)
(-1.04008652578615,-0.230399032112398)
(-0.0488566767375464,-0.570982357777942)
(0.457659271850456,-0.140725049450700)
(0.287237881816016,0.209257274279724)
(0.0150463927542081,0.0603386261686391)
(0.123597046228115,-0.258489216552850)
(0.466610976531940,-0.271318380523255)
(0.601550837641506,0.0214287497649886)
(0.403502015437387,0.241046393582625)
(0.152106520065700,0.172558561059249)
(0.0984241474142625,-0.0177637396370873)
(0.171441895865978,-0.0913006125970091)
(0.166864625017169,-0.0576491951721968)
(0.0575765725130934,-0.0875705463433923)
(-0.0169342468504218,-0.236197607930097)
(0.0181640732771774,-0.404463663630667)
(0.113532980056974,-0.523794863265060)
(0.246528694560175,-0.609824998028332)
(0.452421323001579,-0.616273593657613)
(0.643419763869798,-0.420023004547302)
(0.573569080288949,-0.0699601488667129)
(0.161252509642980,0.0980669079319409)
(-0.253024912315054,-0.175325103119688)
(-0.243134494921527,-0.626861535328451)
(0.0517800881068907,-0.687246309268878)
(-0.0883473192553750,-0.315342054961968)
(-1.02576601306947,-0.372211507530018)
(-1.92238424077664,-1.74457800047962)
(-1.28946252937056,-4.01041127376751)
(1.33657324806269,-5.35620502403128)
(4.46687823796341,-4.23497587823814)
(5.81447511117744,-1.10499501452310)
(4.50270893289000,1.80004772050945)
(1.91202231574890,2.59439008105155)
(0.187480510515441,1.46125273715767)
(0.107230811925531,0.105707190155263)
(0.692761355286483,-0.276004432397780)
(0.779861967423545,-0.0694834576055583)
(0.449089682813266,-0.261361592241896)
(0.597302814800103,-0.902818285487677)
(1.42884220339732,-1.07206257538802)
(2.00154209520386,-0.288979428847204)
(1.46986986390341,0.620125870320225)
(0.346051052210273,0.464465861646967)
(0.0235900837294512,-0.738472765108117)
(1.07667954060723,-1.63534778201036)
(2.48374655954858,-1.10356580204150)
(2.78375420590190,0.415362960952086)
(1.74177117872702,1.45310967938740)
(0.504619478531550,1.20999470472145)
(0.168428684025464,0.321318933971648)
(0.604137917217832,-0.110295444064969)
(0.889954167775059,0.150023621807442)
(0.590435159566631,0.413276620674763)
(0.188357681747232,0.146809914534666)
(0.272519528317907,-0.344152820564102)
(0.716761084841764,-0.440057026550504)
(0.918574738469373,-0.0756346777385739)
(0.633581370682996,0.233622951272440)
(0.226663262625604,0.117940439812332)
(0.109786589869503,-0.235707565392097)
(0.253165140165683,-0.457215074568499)
(0.386594762531487,-0.478518399274081)
(0.421897254519920,-0.451460735576455)
(0.415520594334767,-0.407268326077859)
(0.280816504388558,-0.322081434317699)
(-0.0735618298626322,-0.426781397799158)
(-0.306585858384173,-1.00605317666712)
(0.178718050969817,-1.73091287181557)
(1.28636154140546,-1.64272009980312)
(1.80050786852331,-0.324633932972673)
(0.572672369772869,1.06500738329823)
(-1.76495751027922,0.657571599292746)
(-2.95858893357549,-1.85952559604771)
(-1.61705327471954,-4.39203304788088)
(0.803965177646534,-4.66842739606310)
(1.46808660495190,-3.26788459146113)
(-0.0581026956040859,-3.39145485643228)
(-0.396444360222210,-6.81072901253347)
(4.05173560877635,-10.5758136714939)
(12.0240086222452,-9.18465324047192)
(17.1397112963802,-0.790954838547568)
(13.9277858918715,9.47372348125548)
(4.03245346867244,13.6697313926768)
(-4.64478334667761,8.94744216977300)
(-5.61554403165101,0.592669163751679)
(-0.171903909784444,-3.43342021210464)
(4.52894040512502,-0.629425943482052)
(3.42483028072296,4.12680582678584)
(-1.39629335671297,4.67211475916404)
(-3.89498700593858,0.436542863393880)
(-1.30766162446011,-3.58930102453360)
(3.08168312341045,-3.13623131766910)
(4.35306210666214,0.549848022815025)
(1.77462213498459,2.76423502906316)
(-0.848350037480613,1.18403812425478)
(-0.148150710390429,-1.70173203618232)
(2.89104246949091,-2.06112624601226)
(4.56061555600219,0.629628593882304)
