949298829754554964058786559858.
0.040000000000000001
(7.16994356318286,-1.12968125599813)
(6.08357481202297,2.57974268583066)
(2.02946050342532,3.68607943429371)
(-0.983063109825454,0.685173292726252)
(0.141988833484112,-3.25236469363081)
(3.74272147082195,-4.10327669074172)
(5.74507875845794,-1.93721663911119)
(5.06330206126069,-0.278083312191339)
(4.59466664796426,-0.826985189473421)
(6.45330782370325,-1.04868590795770)
(8.32350133007625,1.81790006155598)
(6.46305135021848,5.99555492835959)
(1.42914365128994,6.80540883280503)
(-1.77132978661799,3.00482417764044)
(-0.0307004333369108,-0.961135597086964)
(3.45570363508907,-0.557152552877924)
(3.27036407227181,2.54028651210097)
(-0.528791458728573,2.34648126442290)
(-1.60069690390168,-3.04532364148810)
(4.55638147519721,-7.56971228279838)
(13.5724086186601,-3.79799747432603)
(15.8699124564562,7.44815816344180)
(7.48912403104277,16.6015020044604)
(-4.81863470317652,15.3384576125077)
(-10.5766520173294,5.53167999241976)
(-6.54416350012674,-3.20876948971835)
(0.905116907606292,-4.12318035456892)
(3.89667795960232,0.440758055178028)
(1.42487199375465,3.47758317031487)
(-1.32073620989729,1.92292197443264)
(-0.332451590449211,-0.943096000911015)
(2.79652743909589,-0.844059555816770)
(3.94924942617023,2.11702507040955)
(1.93623501472672,4.39928745449840)
(-0.672912253608918,3.88878892363643)
(-1.39427387513463,2.00466840089104)
(-0.657658839998444,1.06296933143171)
(-0.330748514602010,1.22736278518787)
(-0.797319367047481,1.03838836997015)
(-0.798103197588246,0.0485094751099947)
(0.237174651749978,-0.522739190007654)
(1.11951401346424,0.152320212088789)
(0.674197265190198,1.02105665120077)
(-0.334686767438648,0.543255227708792)
(-0.0485022712073704,-0.987218229957081)
(1.91315490723946,-1.54808881332601)
(3.68070533298718,0.0560493737956347)
(3.31270087121507,2.53687997323909)
(1.15896143240929,3.55547639243141)
(-0.564888361205379,2.43089332229442)
(-0.366780860887455,0.783084792436309)
(0.984031008006351,0.505062373364433)
(1.62486660554416,1.68973680764335)
(0.768291042524250,2.85276760631290)
(-0.703956868548221,2.79540411020815)
(-1.52969640206602,1.73205911152829)
(-1.38269407620713,0.662511588812361)
(-0.817699595266422,0.172431152182168)
(-0.375451340427759,0.120125957642109)
(-0.132097749497671,0.187889687272787)
(0.0129668076756332,0.298253548724625)
(0.0236514272580948,0.460963502519430)
(-0.150766453541619,0.539573491756166)
(-0.358915838098926,0.381708327323996)
(-0.365498699750989,0.0688747394737237)
(-0.141356928610722,-0.144635788704042)
(0.108198930801969,-0.130086881570283)
(0.202842551401169,-0.00188738294463400)
(0.163551898755404,0.0668391622493521)
(0.113288955661649,0.0352108485290105)
(0.109541957174010,-0.0352277377270922)
(0.134266796582341,-0.104381846489905)
(0.172563953348032,-0.173799102972425)
(0.220366724106961,-0.243969951949118)
(0.263843784262914,-0.336706722182321)
(0.348324630321389,-0.515108313577243)
(0.635622283172578,-0.758711970517139)
(1.24088549306974,-0.814406758334091)
(1.94442994440050,-0.333378727784624)
(2.19639356221647,0.703833237058871)
(1.59425558469427,1.75632159202802)
(0.384320594022436,2.09716123754719)
(-0.645746305904744,1.50757351144964)
(-0.878776727099351,0.525026470848357)
(-0.435291611216295,-0.0874196740735818)
(0.0408180047680752,-0.0821838772316174)
(0.113847272359564,0.148090665334436)
(-0.0557192254473353,0.148449102755371)
(-0.0702289532477651,-0.0650740524636026)
(0.130020126500900,-0.149372411969147)
(0.230862514998712,0.0118275538163947)
(0.0472791419485485,0.125026026177277)
(-0.164123779575075,-0.0794108449636048)
(-0.0439079019111893,-0.413807982037985)
(0.330191923841907,-0.438766227386635)
(0.469995674045405,-0.0754500134223360)
(0.0986746452251464,0.203699918603807)
(-0.430167831183338,-0.0836663202042058)
(-0.493148020710128,-0.819586679070574)
(0.0944042125103215,-1.38794662334158)
(0.903697758783603,-1.35147218310129)
(1.41644302957602,-0.844509625755587)
(1.51916231831873,-0.264366696212941)
(1.38786298301019,0.203903741878302)
(1.09889966472019,0.580122749208873)
(0.621113007417423,0.773719904785258)
(0.126401971823370,0.605093135510705)
(-0.0364607031108150,0.185434533465051)
(0.176187469401445,-0.0426375038435694)
(0.317977887615823,0.132202287165379)
(0.0375167246537592,0.307626421728618)
(-0.317080039007346,0.00390014755901099)
(-0.110651864509439,-0.501042959392128)
(0.516449164063924,-0.370017132613413)
(0.513289591993781,0.536765433705875)
(-0.733182109432435,1.05421344235709)
(-2.20899054996034,-0.0501055348337399)
(-2.10761602240393,-2.30344257441628)
(-0.0135454037233000,-3.65171302796886)
(2.30740442401253,-2.70295135171094)
(2.76534593697971,-0.422265798617080)
(1.29072968989874,0.946277580834112)
(-0.266811957721852,0.448229992136428)
(-0.489067846527351,-0.761810071959682)
(0.124457744982934,-1.24542224043362)
(0.353288600118706,-1.12032934940554)
(0.213656866232826,-1.43379951110222)
(0.799199591613652,-2.18812445847442)
(2.30079998609336,-2.07049417970007)
(3.24924386992943,-0.411472726692556)
(2.32258790514273,1.48032170494725)
(0.272802359138923,1.73961317857464)
(-0.851817454419506,0.328216304738727)
(-0.274520997302081,-0.929762704238276)
(0.649928836915375,-0.775390256166707)
(0.448344651523764,-0.0667106134733278)
(-0.434554943886962,-0.347220538017872)
(-0.416885103937412,-1.53382969604311)
(0.811824069960831,-2.03073559806115)
(1.74001197113636,-1.07145393156634)
(1.13488073588687,0.0885165202495144)
(-0.195895223560915,-0.162229588650720)
(-0.451072891482404,-1.61514693468322)
(0.815649942142056,-2.54732275413695)
(2.25437097136724,-1.95009561501333)
(2.55570678832309,-0.579327354785253)
(1.85263347900501,0.322931065890636)
(1.00052255396659,0.484234013551100)
(0.293518355367106,0.274418026297002)
(-0.346992088555700,-0.345723931472495)
(-0.422794294161510,-1.56252104038935)
(0.757128016026690,-2.60941854506606)
(2.59126287187428,-2.10714087976455)
(3.15416204381411,-0.00648529240302797)
(1.42464158058084,1.65829264449265)
(-1.03064484202480,0.892349332324631)
(-1.59198565821935,-1.69594852131174)
(0.289623391872930,-3.44178339047696)
(2.47954192275094,-2.81747991220842)
(2.93093475129557,-1.09908453087638)
(2.08816818800050,-0.354789960977515)
(1.74774309521853,-0.688623304059060)
(2.25876604346433,-0.580559515108510)
(2.21344643413122,0.438040666469432)
(0.949562117206589,0.941488262588080)
(-0.105286665150780,-0.0699575693407889)
(0.474398582029923,-1.28720492443563)
(1.63375621626719,-0.830775225099833)
(1.00852398727144,0.656748295248432)
(-1.44869157638499,0.324373676011988)
(-2.60810368330014,-2.97401812421529)
(0.0952194449990587,-6.40976581507875)
(4.98070251419428,-6.11750311333651)
(7.60771279082376,-1.93060579051287)
(5.86222933751024,2.22587670203030)
(2.23424418663354,2.90518503653664)
(0.512297022697316,0.857772961749110)
(1.34734709716098,-0.616170676140128)
(2.26249998217204,-0.0822061008766841)
(1.50996080258801,0.711358000232076)
(0.311299703667563,-0.146586311348534)
(0.770340724579220,-1.92091029670677)
(2.77662285591857,-2.36047715017732)
(4.17664893583372,-0.821280140280742)
(3.64021433472857,0.995745991382082)
(2.14930759093453,1.37145218193399)
(1.41642081499803,0.528462005556147)
(1.80157430361936,-0.150970329705668)
(2.41243426782134,-0.00986649879577057)
(2.58564492040572,0.550035964614315)
(2.35491720034377,1.10530101422030)
(1.73173925767432,1.55586590823927)
(0.614955082581907,1.47019398754062)
(-0.321981114138371,0.192626877654885)
(0.323285309789270,-1.81713585895658)
(2.87582057917447,-2.57158037140857)
(5.33034897638012,-0.561565067480790)
(5.04831232287242,2.97204949799109)
(1.88468774732598,4.84299361919274)
(-1.30114571437284,3.40078621220603)
(-1.80561110954907,0.436432859524984)
(-0.0860502731799851,-1.05163452871035)
(1.20888153660381,-0.426297512282756)
(0.808523580643533,0.272667809116380)
(0.218875330115843,-0.526745667149858)
(1.24965718575347,-1.72323949872968)
(3.25722205486440,-1.21179810832526)
(3.91901647577752,1.04289484309412)
(2.35729534807624,2.82243252328800)
(0.261459215046001,2.51283592582644)
(-0.393773730307451,1.00464565198055)
(0.265486869055538,0.196110769892998)
(0.683266995013834,0.458098309151661)
(0.284458620838787,0.591148838086924)
(0.0505774154345858,-0.0341641402741112)
(0.681669413520470,-0.525495439142594)
(1.35395640455925,-0.0212153769261826)
(0.986665959075965,0.804484672230501)
(-0.00831592319557396,0.680627529235751)
(-0.271623044622478,-0.315104884383056)
(0.449047906140771,-0.853733258721610)
(0.929309536261609,-0.415894603495734)
(0.443932311061803,-0.118507837571025)
(0.0365693706055968,-0.896259496714856)
(0.931392296530172,-1.78699521408505)
(2.36368451470946,-1.18412769516710)
(2.34061370223917,0.558724123603539)
(0.586767421330291,1.21086303043478)
(-0.696392545835969,-0.239082223992042)
(0.187498124174337,-1.89110176729522)
(1.81421209480902,-1.50894776894557)
(1.52952928419226,0.0363800801946791)
(-0.435196969683998,-0.280212793595227)
(-0.736063256260093,-3.06264268119365)
(2.34888571568195,-4.84878486233751)
(5.66098546886268,-2.56832885884828)
(4.74716120386133,1.51714534734633)
(0.304687905190760,1.80944021806204)
(-1.49347447070842,-3.20639045931872)
(3.53929852381523,-7.77240974189746)
(11.4415915637271,-5.09699162166412)
(13.7676326148641,4.05732642639016)
(7.35055873342696,11.4177078289354)
(-1.79633259576073,10.4088418184715)
(-5.40031354099891,3.39229983023958)
(-2.10579795624859,-1.77837930452304)
(2.19108136009932,-1.13478734829423)
(2.40108181540371,1.84745950627558)
(-0.0446803669444254,2.06274189178508)
(-0.487593424221540,-0.502800657071269)
(2.15042878957206,-1.72093547530271)
(4.34866138287495,0.405966919030686)
(3.32945502379723,3.16722358825670)
(0.794724534312235,3.29249184717168)
(0.136454351937711,1.43959978976127)
(1.61181228401272,0.825888080301165)
(2.33836997856365,2.45865703878411)
(0.667583538066323,3.89473943152728)
(-1.54178921579423,2.93917314255840)
(-1.73212654941813,0.696458070251827)
(-0.173186213955534,-0.208606200349982)
(0.750398984882245,0.698329469681690)
(0.0417740969784242,1.46525994288697)
(-0.818104037577215,0.807116689128211)
(-0.416166259609215,-0.209669087432195)
(0.521776639702287,-0.124400299249744)
(0.521833190926595,0.619742533476616)
(-0.214406311447248,0.542669384300966)
(-0.182141426112993,-0.381647823784286)
(0.909494460383322,-0.599022558320249)
(1.47433052068393,0.539611044272752)
(0.395618452850710,1.52446845572613)
(-1.10288503438685,0.721376859181099)
(-0.955393222108615,-1.19320225640914)
(0.919465387268618,-1.97372951781528)
(2.46312671063332,-0.735009989388950)
(2.16207618412804,1.00260293738664)
(0.808904903070523,1.44074403919976)
(0.122189227708104,0.684248874048683)
(0.473119412899385,0.133325878691853)
(0.840154933769353,0.386493443276221)
(0.574916868003266,0.739065447229409)
(0.158333734704105,0.579521340402979)
(0.128147231027604,0.244160654703691)
(0.217038103023943,0.180359459620648)
(0.0497356535190310,0.104163318789897)
(-0.00479211195918354,-0.365166541540906)
(0.560328916507947,-0.774188276571748)
(1.29930462730851,-0.388157254117535)
(1.22845418667829,0.502958198431431)
(0.346086214933848,0.740085114847803)
(-0.144944852055174,-0.0430795645315180)
(0.489235538691244,-0.740109010101299)
(1.35934436387487,-0.296984629116925)
(1.17259684746308,0.708643412265969)
(0.133288184256358,0.854020863125590)
(-0.328880449702737,-0.0456919371502675)
(0.327711028977985,-0.663539309518575)
(0.952773505312482,-0.159111276539377)
(0.460117020776827,0.537860267276692)
(-0.481412263662065,0.135199907460151)
(-0.419071967329679,-1.01123330666092)
(0.657511109605258,-1.35827434275254)
(1.20979104857584,-0.492819926521933)
(0.409993773411643,0.165252860214997)
(-0.574901204097622,-0.602082051498795)
(-0.227030677036585,-2.02013866536540)
(1.15779200888154,-2.44011706084637)
(1.98853463015796,-1.70772673972143)
(1.78307373213094,-1.25533945898256)
(1.84121314870703,-1.80236282824733)
(3.16644842904145,-2.13864506813695)
(4.74493907778147,-0.855710661661628)
(4.77653912714392,1.50462094260308)
(3.08982355226146,3.03214932317499)
(1.27891263895324,2.88244520118533)
(0.513963031222699,2.06280309729430)
(0.299695718340294,1.66441090092982)
(-0.208513027751157,1.38965846196240)
(-0.648212257933256,0.502248230930826)
(-0.137270526122141,-0.559070507946925)
(1.00440246225566,-0.635883983479904)
(1.41570220900703,0.280599964552925)
(0.676621185485124,0.808814705312014)
(0.0345827534437736,0.161452497929836)
(0.563677631352948,-0.617142749969382)
(1.44197972154146,-0.204019275539479)
(1.08178438832957,0.850156351795315)
(-0.374724587481404,0.687713271315368)
(-0.912230869308846,-1.16300485083171)
(0.703036261489293,-2.82439156652980)
(3.13700699054798,-2.37408495051431)
(4.12841512428112,-0.297748670767910)
(3.30672913311091,1.27584862800914)
(2.34373224933493,1.39938240862145)
(2.42837739495048,1.25604145599605)
(2.72058109853999,2.12477068313720)
(1.80578793574745,3.43694889671288)
(-0.137250427899142,3.60759477599641)
(-1.51723552296200,2.25465959828119)
(-1.39896307688914,0.655775231578319)
(-0.497366705523811,0.0412693724074066)
(0.0147688579062858,0.262245972002247)
(-0.0717266319810883,0.434458229726791)
(-0.189827722144729,0.235541280937640)
(-0.0519753003744652,0.00851857713125102)
(0.122981464409504,-0.0402374203489055)
(0.218342799217839,-0.0712438459455926)
(0.394550206654965,-0.107094262529997)
(0.599366770443518,0.0834775085870651)
(0.471493746343656,0.441802602630297)
(-0.0278124442948518,0.472830861937054)
(-0.339395351141881,-0.0484320903397346)
(-0.0290332354345979,-0.612893341666963)
(0.542368291387682,-0.633415217000369)
(0.731776228639719,-0.293033656141399)
(0.586125757947883,-0.220602042107596)
(0.720802641991826,-0.446698231345503)
(1.23741251146889,-0.319614436251150)
(1.42114108678292,0.397851894069923)
(0.816289515029382,0.979493070327692)
(0.0456643592997980,0.725672662553663)
(-0.00638858397178161,0.0485982362219124)
(0.500843704534079,-0.0846624348571481)
(0.599262768721112,0.401345559276490)
(0.00946571995941552,0.574781798414057)
(-0.391177105577055,-0.0404076741066217)
(0.0805363116183270,-0.656555969448321)
(0.788524442030308,-0.384964444616540)
(0.673509975011343,0.360524009946580)
(-0.128354323324564,0.418307343982602)
(-0.441613160629279,-0.377126610067532)
(0.186500393074453,-0.925710865478298)
(0.798397459276222,-0.533581254708039)
(0.511657318403472,0.0157333663911505)
(-0.0758599655271091,-0.319884793687951)
(0.233675050484285,-1.16009723502279)
(1.35352816816931,-1.17364129569861)
(1.91173008843376,-0.0656055242112912)
(1.20585897754597,0.914901601558654)
(0.197676472450440,0.742605581099728)
(0.0707271572188792,0.0127283686642037)
(0.563353447817811,-0.0893563637309155)
(0.566949475512082,0.414437600965353)
(-0.0574759613390244,0.493012318474340)
(-0.329187786602503,-0.125563875374719)
(0.164133913749960,-0.498730649273868)
(0.527137583494518,-0.0598630548031776)
(0.0276258107036664,0.360911378329255)
(-0.594739084930026,-0.148819971417893)
(-0.231557382051705,-0.983190323635888)
(0.710361245935728,-0.837441545904452)
(0.758914405685237,0.154919952373494)
(-0.292618544356042,0.410710645011541)
(-0.824600975128548,-0.673764642555261)
(0.215946396624686,-1.53990869452340)
(1.47175802569940,-0.647517122026748)
(0.931987249335062,1.03949766346559)
(-1.04250036054541,1.16148616492557)
(-1.98604802507418,-0.672214401128811)
(-0.750997544953122,-2.20024945473776)
(0.873989200019566,-1.67907762783086)
(0.809507578982075,-0.300358805706300)
(-0.309541866156888,-0.248203047508657)
(-0.295737259488718,-1.32630919520871)
(1.03146149256421,-1.32308387382221)
(1.40880157838194,0.384504330947690)
(-0.362844365364328,1.57151304736156)
(-2.31986850318780,0.399874408218743)
(-2.07923129140151,-1.67487012873421)
(-0.442860636150255,-1.92845402560570)
(-0.283171883145573,-0.482521953264885)
(-2.15718118621127,-0.233069116149767)
(-3.26520953596853,-2.46243534676950)
(-1.54841138573826,-4.68093607320014)
(1.11637901760300,-4.12737927095489)
(1.53530306582181,-1.81376267166869)
(-0.191519758347916,-0.994193391191768)
(-1.02998130002763,-2.31486734813381)
(0.199730519505002,-3.03634439002114)
(1.01000253557099,-1.52807587908349)
(-0.719663086818297,0.00500669753661429)
(-3.22424406884245,-1.02357922039803)
(-3.64922651894003,-3.38610969925100)
(-2.85157209674890,-4.15026901542213)
(-4.00018538140193,-4.12133833790052)
(-6.32207077114774,-7.30411550129174)
(-4.32715062647447,-13.6435628978935)
(3.99022927119189,-16.1077386869751)
(11.0525972338446,-9.15483125997424)
(6.91414104663572,1.19527474217633)
(-6.79410040080350,1.09370959159879)
(-14.7906707062211,-14.8482123696740)
(-3.75726205539683,-34.2674619535207)
(21.6448478085707,-38.1748187088018)
(42.1741167232540,-20.9179144898593)
(43.5286392023278,4.29070028149184)
(29.2444685240843,20.0628224905019)
(13.4393164369042,21.3649841932472)
(4.89469570229234,15.5752774492868)
(2.05553269941985,10.0890139059634)
(1.26618444947037,5.43457535314403)
(3.43663159670749,0.576279326583606)
(9.93684533395494,-1.01457838490668)
(16.1938200741773,4.81729031618502)
(14.8023656752881,15.0822334771434)
(5.00755444081511,20.7180622646164)
(-5.07389405537404,16.7587803737450)
(-7.58893066669761,8.21336505708974)
(-3.72569156636783,3.61777899218451)
(-0.871830969389814,4.86770513195200)
(-2.67352033813489,6.46834258794584)
(-5.39246050861496,4.04001457460388)
(-4.34471884775049,-0.101990530971027)
(-0.530607992104451,-1.14584914924001)
(1.39714726295389,1.24261930216364)
(-0.106709023912533,2.96952470477853)
(-1.80933761224273,1.59383771372419)
(-0.725845514252397,-0.631348215522850)
(1.89848175331236,-0.473993829690699)
(2.88799470164914,1.82544172116794)
(1.60034959970626,3.49835671421900)
(0.126112577300254,3.34837387399676)
(-0.218497207959623,2.78209720636155)
(-0.430502700773428,2.94817571534714)
(-1.51832125026122,2.92250770862562)
(-2.49982706525557,1.57934070239976)
(-1.90558990616722,-0.198595643513855)
(-0.230832908845607,-0.608835572699344)
(0.625935674656804,0.420431778199763)
(0.0711777692337229,1.17446046608736)
(-0.507967538139989,0.733140060990840)
(-0.0431123399048893,0.183864454442230)
(0.579967959422393,0.690254849700839)
(0.0486563222274552,1.52740857765482)
(-1.14122389267368,1.17337817728241)
(-1.28084169014509,-0.238666669376706)
(-0.0274686216478837,-0.937709064982323)
(0.967577122087656,-0.0741596460005823)
(0.407538205224045,0.995681707385382)
(-0.774774155889458,0.648244185676991)
(-0.776350243673238,-0.681426395086732)
(0.491850953402881,-1.16831896244309)
(1.34303549817539,-0.221521891641619)
(0.761929842553252,0.758143367701651)
(-0.244984584810448,0.460338853021515)
(-0.229758061485262,-0.547774695346204)
(0.656187880561873,-0.830628333542499)
(1.10081403804307,-0.200390164293572)
(0.678751693989783,0.208556640022989)
(0.354422671246674,-0.173025045732523)
(0.793882513079824,-0.493209141888309)
(1.19273834301911,0.0457554433242106)
(0.505288859587859,0.692141919283679)
(-0.720145786495254,0.0316732711607376)
(-0.720826351763775,-1.87831088446222)
(1.21111269342980,-3.20123385908281)
(3.64139433428480,-2.43056999200701)
(4.59305716926775,-0.168536477356265)
(3.73266444896647,1.69424323647313)
(2.40222693169302,2.18270485595056)
(1.74441876986514,1.97831182668667)
(1.52379210256539,2.06108976503259)
(0.956260621378482,2.35808804098069)
(0.0654168755887223,2.13245248733284)
(-0.354881028625703,1.27512210539637)
(0.0656386013439709,0.579234349770586)
(0.698323442795379,0.702075577432931)
(0.703760707034023,1.32437700701931)
(0.0422154587546009,1.59603902545363)
(-0.589422702294145,1.17003066018033)
(-0.662495061190643,0.482982125574412)
(-0.333931826477042,0.0881204967981991)
(-0.0530306764636731,0.0356446925381484)
(0.0452525996803749,0.0251223405077783)
(0.157468505982175,-0.0651542963019840)
(0.370008487966691,-0.0605895602188965)
(0.479022530250842,0.134172498200137)
(0.321165127750156,0.294046853678738)
(0.0947231490552322,0.156943381989949)
(0.155022367180406,-0.160849227990004)
(0.514403178531361,-0.240682278014721)
(0.740011224434076,0.0957251225084693)
(0.467057308913622,0.475407765727575)
(-0.0872709859804184,0.366921508107296)
(-0.307091920094948,-0.254932976249052)
(0.102416446564894,-0.823215385069944)
(0.752456535860922,-0.835538984099614)
(1.05720907915593,-0.443910496886102)
(0.963395468480187,-0.205896550407351)
(0.960574354012593,-0.310316516975209)
(1.34266525497851,-0.317539192134690)
(1.71948174436342,0.204145105587524)
(1.48441707832080,0.988290050862226)
(0.657414887265285,1.29507794354938)
(-0.0310145604254731,0.816680936121538)
(0.0234537892169922,0.0939648974353956)
(0.595720230209972,-0.109961472122920)
(0.940995344154414,0.316863959221987)
(0.683136472837180,0.793690545487740)
(0.162029876121117,0.803464723660375)
(-0.0923958066097281,0.441906798084862)
(0.0141889114933702,0.154549355262381)
(0.166799461942439,0.144625569204933)
(0.126517255862555,0.225315847936857)
(-0.0208687337783477,0.166303725173337)
(-0.0727721011091056,-0.0215490415334293)
(0.0181261177287914,-0.174459703405592)
(0.139519258967014,-0.202008237459232)
(0.178148228665889,-0.154094382966396)
(0.116781348733479,-0.143356542036795)
(0.0425836650339649,-0.254691369239544)
(0.103820441723573,-0.458424460627481)
(0.370150076653973,-0.565366951919074)
(0.667673529856654,-0.371592439512765)
(0.661397081315797,0.0482555978030143)
(0.249021117609295,0.286864192960846)
(-0.187914636037216,0.0301820035225944)
(-0.141288011881123,-0.469467966582579)
(0.355613568936773,-0.567353722911710)
(0.616553026549732,-0.00241719019386722)
(0.0442960434847401,0.647733875753988)
(-1.09048486895243,0.499702386101187)
(-1.81164716878246,-0.651149275281692)
(-1.42160660540932,-2.03672172943640)
(-0.211855054198145,-2.65956485552305)
(0.847931926695327,-2.24745342923368)
(1.05257868714336,-1.44676413003018)
(0.586422050861519,-1.14867385146454)
(0.303986151933275,-1.62022197382541)
(0.866392106315757,-2.18803906641582)
(1.91550009888440,-1.82643455319276)
(2.11713369893086,-0.352020362748824)
(0.437307523209772,0.844532877175286)
(-2.25746378949608,-0.297741563283684)
(-3.17732750650858,-4.22863909780261)
(-0.00613802839121483,-8.38658203576475)
(6.25821219759394,-8.84585046397708)
(11.3419791857171,-4.07392781296116)
(11.3305136833018,3.06724447460035)
(6.41343789951333,7.65804505442854)
(0.638330291502043,7.23345604982723)
(-2.11464284447869,3.67302851957039)
(-1.47166501069146,0.649090098531850)
(0.166607920694322,-0.112080725528288)
(0.842568497144072,0.389025679510287)
(0.668052613268769,0.653984765624620)
(0.569290745028744,0.509371715176362)
(0.656011723968085,0.526847852873016)
(0.461172511667365,0.680868297543779)
(0.0782895265648960,0.465769668676941)
(0.0934009480991361,-0.0437574954958648)
(0.510626705546024,-0.190819949419633)
(0.624130202695740,0.140491116594747)
(0.181892868920449,0.213040241170937)
(-0.0695374446180284,-0.395814058668557)
(0.504126189086660,-0.981654348445033)
(1.33246563855701,-0.685563084654720)
(1.38278933827315,0.157294164686635)
(0.700380746495693,0.449324180823816)
(0.334201266230409,-0.0308100402643564)
(0.695313247311502,-0.341911331190424)
(0.937483927925434,0.0469510203459374)
(0.421913731449247,0.333638102183659)
(-0.0627287201207455,-0.283780577636909)
(0.537622999277544,-1.06785101510671)
(1.65717056564042,-0.648924411547858)
(1.63179634190915,0.751385025515839)
(0.183609117175669,1.30573623901534)
(-0.904890498180245,0.172350763480009)
(-0.281740289027707,-1.11523277804869)
(0.895895302027235,-0.822326795571695)
(0.631103609830171,0.313502456404543)
(-0.776439448372971,0.100753715513869)
(-0.983697107650426,-1.65682720025124)
(0.804503786435388,-2.55357943061831)
(2.29768735683455,-1.10773673332782)
(1.32888778207060,0.748494108945267)
(-0.764777152646669,0.285580036890097)
(-0.909695794520673,-1.91191566463075)
(1.10047461647528,-2.67468546509955)
(2.19865495891954,-1.07556424040305)
(0.846477720880372,0.00700356631620600)
(-0.247427415828078,-1.53828479143350)
(1.72097952932212,-3.15636386652690)
(4.50623927005488,-1.10439752769465)
(3.23663111292879,3.11343114406539)
(-1.94825426035141,3.58693181875358)
(-4.54980221216870,-1.48629798096907)
(-0.475896501388434,-5.69477472772411)
(4.68702749189602,-2.49923622178086)
(1.85384764478883,4.21709201269304)
(-8.10351298217165,2.94324581576287)
(-12.2145042504354,-10.2160341250340)
(-0.377158384860613,-23.2769980478761)
(20.1030082758827,-20.1791972460247)
(30.0878383612908,-0.126383692794244)
(19.5708977725057,19.6021758937129)
(-0.896320863480543,22.0731349504320)
(-12.2568971741507,8.66816438197360)
(-7.67878015313613,-4.43735592545680)
(2.57980743084750,-5.58086695885481)
(5.82598554173174,1.26036602099851)
(1.24297929963595,4.97945563143701)
(-2.66858040554629,1.93482213079224)
(-0.964248034637187,-1.91491469545169)
(2.49166940466591,-1.19099585976793)
(2.31221422504349,1.91736541000388)
(-0.696003829739889,2.24848327690100)
(-1.77585079081879,-0.564812842813146)
(0.423667062543896,-2.33834303272391)
(2.43453795514555,-0.953101599459337)
(1.61166833457975,0.916515646946898)
(-0.157701316412898,0.320894645137723)
(0.226337660750102,-1.58729713141840)
(2.31200802766751,-1.65230356612177)
(2.98206706421423,0.388266427707219)
(1.23444366142385,1.60441621506153)
(-0.395018876201077,0.279311790217386)
(0.405930633126579,-1.66907540207139)
(2.51958284639886,-1.55667509248808)
(3.19586229679641,0.380707164905044)
(1.85577031319213,1.65539273464215)
(0.468115700616681,1.09304430894811)
(0.501504515869077,0.0444924757198628)
(1.15471811261445,0.00991209309464543)
(1.03349261161414,0.585078958757906)
(0.271900313007519,0.504724413938038)
(0.0148357352992496,-0.310302260069111)
(0.524440101104470,-0.856302666962742)
(0.968831623527378,-0.750132113024292)
(0.929699286070322,-0.672011071162927)
(1.01814623828734,-1.03591666042754)
(1.69764688707767,-1.22513575309177)
(2.36482910131824,-0.624115651304996)
(2.20711014239261,0.296035178785983)
(1.43764175394117,0.603802600798350)
(0.952488098158446,0.231326143825932)
(1.00372260313619,-0.0702715842675602)
(0.972753235082087,0.0170014216547830)
(0.498202526949625,-0.0754710025663595)
(0.116862779138485,-0.831313235574506)
(0.484405804387872,-1.86001060198087)
(1.50377749250694,-2.44733806249593)
(2.64820399031986,-2.40847337970438)
(3.69981822994395,-1.91375963582813)
(4.57954767703267,-0.882594211353857)
(4.76661348381376,0.717695567954718)
(3.74635975697134,2.11600503961988)
(2.13191063597836,2.18960887185438)
(1.47820210279266,1.01423386734468)
(2.42887919592044,0.230413583853084)
(3.61589299791353,1.17440314144618)
(3.18634869502556,3.03977129040669)
(1.19935627970135,3.74059317862596)
(-0.374857839541159,2.55418255842680)
(-0.179875764252719,1.01514250270261)
(0.866336074346055,0.836416679878378)
(0.978362872763615,1.72535540475085)
(-0.0790599873416722,2.02373947604415)
(-0.889889340515185,1.08709086713506)
(-0.514918618677450,0.0162043534819882)
(0.301075123108265,-0.0811106242183022)
(0.409588077786365,0.391216164045195)
(-0.0594833935422522,0.327692078051947)
(-0.0604728859346454,-0.352135465694016)
(0.687544869471931,-0.653708483492484)
(1.27300967808171,-0.0658397140012844)
(0.951521543321114,0.672774835873051)
(0.192302614624004,0.655312123793055)
(-0.0591729539970131,0.0435226182668091)
(0.306463938272892,-0.292834528401853)
(0.559300796606985,-0.0458394771478273)
(0.258763531385701,0.215972503270024)
(-0.193530547605870,-0.0328749284102810)
(-0.222549184047810,-0.560314055596164)
(0.119694713849635,-0.764962275301753)
(0.234393348626263,-0.473640790000618)
(-0.355874724331706,-0.180031188008075)
(-1.50152463212465,-0.677092287951108)
(-2.31961397708602,-2.45762693310967)
(-1.57421553233440,-5.05953237800626)
(1.25958271266207,-6.84644505789690)
(4.88913225798128,-6.08188191199247)
(6.71223541825264,-2.94022791138539)
(5.38898913024580,-0.122495184693016)
(2.90040720625690,-0.374360178970050)
(2.94007086674703,-3.05009577085275)
(6.57657010804564,-4.15044839677779)
(10.3096110578509,-0.758750099541132)
(9.64067390354919,5.04927876480220)
(4.44919614636749,8.01283136904004)
(-0.471446818472455,5.61232409672633)
(-0.768186719658144,1.01227940616431)
(2.62367807178571,-0.700899131159929)
(5.02140633552215,1.65048099889164)
(3.74766449106715,4.56173855764660)
(0.823021940794087,4.61935901403856)
(-0.278639712663867,2.41713333671185)
(0.993911072129900,0.991764875238536)
(2.32885883446063,1.63290437160280)
(2.13240384828637,2.80718647642283)
(1.32180519433371,2.95164976935984)
(1.30451260239594,2.63565452664335)
(1.66214557259586,3.20213397503184)
(0.948449590466146,4.39062896610411)
(-0.916757374598849,4.60787978532150)
(-2.37218570106837,3.26259420615389)
(-2.35099289099559,1.58784184726556)
(-1.57054229171408,0.867070517001611)
(-1.23080250635321,0.839913979124498)
(-1.30139030011511,0.522125801088926)
(-0.934531434005884,-0.0960941912477277)
(-0.100089147008105,-0.148933809376318)
(0.248864936708094,0.525298382869087)
(-0.293097711863304,0.946074542084400)
(-0.838986752820214,0.435566599779678)
(-0.486334548918073,-0.315201298622660)
(0.326347111063966,-0.256772477065390)
(0.480469787989925,0.446673815942606)
(-0.134741062922039,0.678464289351271)
(-0.467234768688816,0.0665949166915266)
(0.0946945020829657,-0.456507981913752)
(0.792358658480962,-0.0664558491449866)
(0.630432549379734,0.709663884930835)
(-0.146644176166313,0.774497747280534)
(-0.433054708493488,0.0677675211647874)
(0.115257771460730,-0.392239201813230)
(0.639701484424039,-0.0337046294096373)
(0.408396828872479,0.482019084133739)
(-0.126654201390202,0.322453021535250)
(-0.0802415490535751,-0.272966779351872)
(0.522316741610496,-0.412141702755261)
(0.832749860333401,0.0867750418892529)
(0.486619678186932,0.468168722828061)
(0.113587420794945,0.223422623656032)
(0.329950363130731,-0.158781347048496)
(0.798841036758621,0.0199921471341380)
(0.765498108124454,0.595121931641961)
(0.199798074913250,0.800878475447770)
(-0.187191637540980,0.413063500173792)
(-0.0159364069904990,0.0279485444112517)
(0.257903478361068,0.119107664037514)
(0.117290856203240,0.360137456808735)
(-0.217067910872144,0.210549955516615)
(-0.179627018111807,-0.206395468816593)
(0.217789064134750,-0.301406047043560)
(0.383800296230547,0.0473212977063967)
(0.0526287918218487,0.288382696160917)
(-0.313169285761914,0.0265759985010790)
(-0.228611675813397,-0.401053397428709)
(0.104392858689933,-0.470557961034905)
(0.162923737161880,-0.266104279012770)
(-0.0599041746059142,-0.295102136264705)
(-0.0664688482431199,-0.641580720416061)
(0.310812543754287,-0.810940751791657)
(0.585961580005428,-0.534478378427079)
(0.369506970462896,-0.271470826367076)
(0.0619810015402364,-0.554228397513850)
(0.356546096330924,-1.10101471916193)
(1.18510327105449,-1.07559365283904)
(1.66032549753386,-0.236351338637731)
(1.20244780035181,0.639334485511540)
(0.320052855531982,0.717817576131243)
(-0.0609013348331626,0.170187628194990)
(0.183461716960057,-0.126676499495212)
(0.277460984395961,0.164652897164250)
(-0.303563790077319,0.363658281751371)
(-1.01100188155742,-0.282334834245800)
(-0.851010888534854,-1.49535299017202)
(0.346574922456937,-2.16679514797751)
(1.63275360675510,-1.60987654613811)
(1.94967367738842,-0.319622889119158)
(1.19751589080599,0.597685857830618)
(0.191147196025420,0.546201726149722)
(-0.255235319986647,-0.141013238615776)
(-0.0153888640870460,-0.735385524542210)
(0.464057880299724,-0.827242699635512)
(0.703366100172362,-0.535233792785078)
(0.555622603821166,-0.247168778806459)
(0.229913116288392,-0.273394865736511)
(0.100709973687482,-0.618602242140254)
(0.396908636096919,-0.939290877330073)
(0.913151200119154,-0.798355305693959)
(1.07505058010608,-0.148236069414756)
(0.503395098331295,0.444024852107239)
(-0.431185049472322,0.281927519803163)
(-0.840492081952994,-0.621076176706232)
(-0.311437095204373,-1.37822966412983)
(0.464872019253334,-1.17960205594475)
(0.380980638511317,-0.358652476692693)
(-0.714283877199152,-0.161781999815762)
(-1.66702980636497,-1.28634969035845)
(-1.31054124870001,-2.94283176689469)
(0.121460700916706,-3.73981649841883)
(1.32031572375973,-3.36664834390981)
(1.62253795502754,-2.86482004218421)
(1.82411085848271,-3.06267975731918)
(2.89975073660752,-3.30672221736533)
(4.36068508455915,-2.36274125936320)
(4.67407013965135,-0.351363730238051)
(3.36978030241098,1.07324901353945)
(1.90666346026623,0.807433945167392)
(1.85947952716488,-0.141689261978905)
(2.76675566001730,0.0483954545860418)
(2.71706097455383,1.46426947486875)
(1.05435761252479,2.22199922497234)
(-0.536698975491736,1.05812254710186)
(-0.233555587536949,-0.789101961877209)
(1.39601426757468,-1.13975743978772)
(2.11800551005242,0.194238785230557)
(1.06810503634423,1.20953083160762)
(-0.161661826751280,0.543435814483831)
(0.100826578299749,-0.693839938635028)
(1.23075294087519,-0.673305520035602)
(1.35752679811752,0.444795339119980)
(0.206488743236497,0.844729544495888)
(-0.547531521640914,-0.137548284612806)
(0.0825521173033487,-1.03032023733369)
(0.848262098529816,-0.589727723597511)
(0.274100081263387,0.149285498348835)
(-0.835546249581307,-0.554006266167371)
(-0.430118713687563,-2.23007741220095)
(1.54263133714539,-2.55853458650956)
(2.67989593719556,-0.790063093579315)
(1.49154129671463,0.883706543322333)
(-0.315270449419213,0.362485667581630)
(-0.262367583140269,-1.27475371902186)
(1.20656102346082,-1.38671375642351)
(1.42125706132986,0.164070472756800)
(-0.289576385223550,0.747311486020666)
(-1.36838419821573,-0.822225948905600)
(-0.0831378429794568,-2.06371677384041)
(1.19086190357289,-0.551315222219296)
(-0.921797210888280,1.65858281086528)
(-5.22703644097004,0.0884057152995123)
(-6.44212872824574,-5.68266617282374)
(-2.02726951887378,-10.4558569479997)
(4.04128461695945,-9.78675417009482)
(6.35108146630871,-5.70298356563681)
(5.08868317094542,-3.50081805235149)
(4.89522419616655,-4.12664047146866)
(7.23647800596186,-3.39384794077364)
(7.89495257014836,0.684679101352658)
(3.84158994152361,3.72934525403377)
(-0.837076780295806,1.16971542053514)
(0.0338648049517761,-3.94202552541355)
(5.04877966448847,-4.13943663272736)
(5.81601275184168,1.24599765369328)
(-0.955429692352856,3.25184247400624)
(-6.49725644587555,-4.86471054353435)
(0.0213615334618404,-16.2152339331156)
(16.0655870712956,-16.4169239314164)
(26.0796381956582,-1.49121131204249)
(19.2220977451758,15.5744582930570)
(2.45900900830832,19.2682415127076)
(-7.95825335947387,9.16616358378031)
(-5.55703904307755,-1.46472146827926)
(1.15120779373665,-3.12014557717852)
(2.42277215348062,-0.0786163657685232)
(-0.0165346355811477,-1.10982791395678)
(1.95195549149799,-5.76514108927381)
(9.06259279366686,-5.81271470510244)
(12.8287296634177,1.37911366554167)
(8.09217603302101,7.78800613101146)
(1.31137849325072,5.73414150376805)
(2.11255910760244,-0.845825104558682)
(9.75856477850089,-1.25745927485942)
(13.6276285489271,7.39480148667061)
(7.20343812494054,16.0392668930552)
(-3.54376241615293,15.3858424011104)
(-8.28147120401708,7.36877865780781)
(-5.16985027415320,1.37775215748692)
(-1.35007200300953,1.71601436486611)
(-2.06345651446385,3.65514344103492)
(-4.37758621765769,1.94189557641148)
(-3.19352953493791,-1.64706738370267)
(0.658716175558591,-2.01206840331009)
(2.07913075256505,1.08140868825690)
(-0.328134014365952,2.79187011544807)
(-2.30235568971947,0.666825752301511)
(-0.566917978527778,-1.81832433200398)
(2.26531837780738,-0.777486174897702)
(1.83355271301349,2.08401819293565)
(-1.17004990562578,2.02035507658860)
(-1.75782395037836,-1.49978422275617)
(2.09263614062327,-3.58098121810528)
(6.19314524210968,-0.572992114294536)
(5.52804079370569,4.83214853351845)
(0.681005250700653,7.04355403636780)
(-3.28726026655992,4.49720083069626)
(-3.31554848316832,0.795014227268637)
(-1.23290530736545,-0.538039796528979)
(-0.141664671383233,0.0815948654163311)
(-0.342124960742597,0.340555397320322)
(-0.166226875337091,-0.198757147870444)
(0.741780325302520,-0.158879244849620)
(1.03692081421035,0.815396080015305)
(0.196909711609550,1.36328890172670)
(-0.489677344463267,0.703175983832537)
(0.0103655057310600,-0.0528468168654410)
(0.826792939930459,0.327335507648413)
(0.584363964014387,1.25497130358999)
(-0.444816240045120,1.27427215807295)
(-0.809870467526714,0.319977991825692)
(-0.127676721891645,-0.260147419737607)
(0.433626273102865,0.170632503692530)
(0.0643951769119298,0.653457763413857)
(-0.476850726438420,0.266423595894953)
(-0.183298747791240,-0.416637839610334)
(0.558854599431657,-0.314785047085542)
(0.614860919308575,0.394516783118174)
(-0.0663186086888176,0.564035817355879)
(-0.378052159449476,-0.0866551137911592)
(0.169924266735501,-0.538837207893823)
(0.678684485832554,-0.120126945804124)
(0.316442915414703,0.411525296002569)
(-0.323131626482568,0.0803432263129454)
(-0.138197789684371,-0.717937870104843)
(0.713628012727652,-0.787966941002418)
(0.994503555690146,-0.0132350760110095)
(0.288652027889515,0.392180458067375)
(-0.295821184932343,-0.298866795238565)
(0.267219641728204,-1.18883028404346)
(1.41078175299059,-1.01749387910656)
(1.78112967073211,0.0731177266500650)
(1.08872004093891,0.831641480192160)
(0.306005006712736,0.651271426488389)
(0.160721733646812,0.153245638727732)
(0.323350563445475,0.00248809930557672)
(0.283327484307017,0.0234208095821165)
(0.193565635893842,-0.146857842658399)
(0.321793883156990,-0.294037871904947)
(0.332556103498363,-0.184746863685502)
(-0.0674385442341420,-0.336697279004870)
(-0.159330968719653,-1.27642300205961)
(1.03993633674424,-2.20768043688082)
(2.97276395643367,-1.55743894987675)
(3.59278429843339,0.764285661650534)
(1.87872704345086,2.63622401887219)
(-0.496562609859074,2.12888158412901)
(-1.02781233170483,0.0627750865129321)
(0.443918471164653,-0.951329531245093)
(1.60453060122395,0.0937157034923310)
(0.854014812127840,1.41033483396267)
(-0.622938577155014,1.05897742346271)
(-0.747571451979398,-0.369756693552168)
(0.437926232470612,-0.809040003903651)
(0.992182315364470,0.182817547623821)
(0.0616251436768573,0.868984073595425)
(-0.873363321115485,0.0474324167732194)
(-0.307675434111927,-1.10357648049171)
(0.947076249602155,-0.815667326749427)
(0.928529973194852,0.555352787633360)
(-0.543965416948126,0.984773745681888)
(-1.56690243627678,-0.256780819916301)
(-0.949244370276128,-1.55335288256200)
(0.0558653687920679,-1.38762984674662)
(-0.314333482987640,-0.652861027522626)
(-1.56188962036340,-1.36691475975247)
