5362422975747867922462600280.
0.040000000000000001
(-3.26798653753650,6.37492272483833)
(-7.42853237724959,-1.60329662512834)
(-1.40528702277855,-7.94920532880177)
(6.24763411692945,-4.22596409087095)
(4.82636963002468,4.11808858279158)
(-3.84100197547536,5.13747927621938)
(-7.68109809194745,-3.22081505050498)
(-0.780679263109599,-9.96200505047203)
(8.19793920377065,-5.70395566470170)
(7.24545431073195,4.39089840386318)
(-2.85781278716876,6.98659737381621)
(-9.11468521942661,-1.89455585363590)
(-3.11589059981677,-11.4045509917006)
(8.03925918103291,-9.81455673668373)
(11.0517313832122,0.498551780972257)
(3.50768211282038,6.63564592729667)
(-3.75458744918153,2.17969363896130)
(-1.57738165157186,-5.08577288499000)
(5.64046777706182,-4.52760615617432)
(6.79021274737739,2.79050672709434)
(-0.264321969458054,6.05856751757914)
(-5.75952718786529,0.0780654436070178)
(-1.70265248748575,-7.27914577554162)
(6.80414112413034,-5.80171996279917)
(8.28081234826047,2.88622406753260)
(0.545476877752238,7.26617494341405)
(-6.14654980896459,1.51833828978318)
(-2.97841037636939,-6.50144703097953)
(5.39067234458482,-5.94695325889323)
(7.18484859231373,2.12802956493907)
(-0.232747514631463,6.10814951618038)
(-6.45791510157596,-0.182824735257064)
(-2.15947865457403,-8.60014273992766)
(7.80472155119848,-7.37502697315410)
(10.3779515146932,2.76430832886142)
(1.76918902378501,9.00663192257066)
(-7.11866501429886,3.31967924136482)
(-4.96640440509203,-6.73037960462196)
(4.90046368397151,-7.95169995091367)
(8.97761732005692,0.860013966011994)
(1.76720664876243,7.34535919965007)
(-6.75922680813520,2.32896005534384)
(-4.64843715706867,-7.60923957220800)
(5.64632700063805,-8.88376229909746)
(10.2581844329396,0.572347326143151)
(2.63035409257433,8.07188264837671)
(-7.16056118266445,3.05939702927128)
(-5.48931701412884,-8.26357592509201)
(6.31386431348676,-10.5259585710516)
(12.8365488368418,0.435782543923028)
(4.37162809900554,11.2341521056883)
(-9.96926596692781,7.45819341497416)
(-13.0591828011236,-7.98797833854420)
(-0.754889913729029,-18.2497095413474)
(13.5706149494908,-13.0116153794993)
(15.9454352938820,0.0937871838825263)
(7.82987153816077,6.64444115773150)
(1.53803232473205,3.27475338040893)
(3.11322571847824,-0.837938848717190)
(6.11553496455405,1.30221544705746)
(3.22463591455138,5.03799991730047)
(-2.12053718253569,2.42925372733063)
(-0.845407588813555,-4.56473724087593)
(7.47478621461439,-5.69563372219462)
(12.1871931859458,2.84707407363557)
(5.58266018298370,11.4880881664790)
(-5.60935190525787,8.98357778511975)
(-7.89659422550187,-2.26491574640625)
(1.37218146892632,-8.41250507758272)
(10.0009033783113,-1.95056584331052)
(6.58436516148108,8.25366463861482)
(-4.50075114131972,8.34679203578423)
(-8.68410810325537,-2.38368778259221)
(-0.192756484070140,-10.5297253943169)
(10.5346184914867,-6.02282097070281)
(10.6179259762031,5.03166390221319)
(1.26429231506714,8.84538455826033)
(-4.65005167203871,2.04297563904383)
(-0.0895193644005095,-4.73324133596920)
(7.27040815312967,-1.88827763393154)
(6.27913879369674,6.21444643160133)
(-2.20132063879854,7.78265903252751)
(-6.70755187017207,0.107583706099131)
(-1.15733457769745,-6.74604386710767)
(6.79992843088518,-3.91530113535210)
(6.46445340621884,4.10521025348950)
(-1.15972570822254,5.89147579591862)
(-5.01926796472400,-0.981405853884078)
(0.347030271591393,-6.77413559441915)
(7.19297920215636,-3.60968068330636)
(5.88180335698708,3.11352874240985)
(-0.697914279886140,2.45596440885842)
(-0.531116769107294,-5.52950842368514)
(9.94534166460575,-8.13875357974240)
(18.5063572152845,2.82286629261303)
(11.8993100040062,17.8198389646133)
(-5.70395098772023,19.6011589455614)
(-15.7867431228511,5.05705641910015)
(-7.84154583284345,-9.61111930915608)
(7.34069655857689,-8.32319733921304)
(11.0879384511758,5.16678300205747)
(0.113027495630670,12.6493074940866)
(-10.2374824708843,4.93415623558160)
(-6.55274390572831,-7.04739080649786)
(5.46124622508538,-7.50170952991485)
(9.43553731765613,3.29780535889199)
(0.509065168145727,10.0710728004867)
(-8.55495106131232,3.53414820989486)
(-5.07916656013874,-7.19890139822670)
(6.26972510840459,-7.32919269535420)
(10.0156821799263,3.33570461257441)
(1.13740019468051,10.1507242259679)
(-7.97671862521012,3.74127045551933)
(-4.45372788506378,-6.98238443196190)
(7.23301368346676,-6.80652676962412)
(10.9608568743013,4.88396255080648)
(0.796162156268422,12.7482581955217)
(-10.5354534736804,5.90909613792910)
(-8.32067658427231,-7.21313071675196)
(4.49344230670675,-9.83014827307977)
(11.1383537188908,0.947487517105486)
(3.36389841178021,10.3714866647126)
(-7.67776817027936,5.93538381117859)
(-6.65863792338352,-5.84363486974008)
(5.10012547328077,-8.37180335036519)
(11.3524563735038,2.38492743922119)
(2.97679652698372,12.1895128768286)
(-9.41235337073236,7.63132620901405)
(-9.49514792898995,-5.63301871862586)
(2.80988966854062,-10.2190613070264)
(11.0852246625598,-0.260477138077985)
(4.36530320017805,10.6853030805192)
(-8.15476698464575,7.82362367280519)
(-9.50322675974893,-4.98692996993056)
(2.19087616327585,-10.4400917430503)
(11.1477011828392,-1.13658908555445)
(5.21784042765817,10.3771547087457)
(-7.66386892393340,8.49175809184930)
(-10.1053682557274,-4.36400836273397)
(1.27436571283182,-10.9044158764608)
(11.1928026180241,-2.26880217946812)
(6.24785275348276,9.95870236893023)
(-6.97482275055723,9.28605666191662)
(-10.7000728906338,-3.45088528849036)
(0.0979631431711566,-11.1516746086038)
(10.8784635909536,-3.46968003612514)
(7.10322796128820,9.21317919336405)
(-6.14316725504900,9.75358585902278)
(-10.9778955554521,-2.61947566343137)
(-0.850693558963006,-11.2254558385543)
(10.5715218815546,-4.43383461483930)
(7.82475350062899,8.59144449722083)
(-5.43804436420120,10.2161948429181)
(-11.3156689924403,-1.83417427771665)
(-1.82805948577610,-11.3304744860013)
(10.2339391677623,-5.42616014828226)
(8.52545642137565,7.92929631403661)
(-4.73220452441384,10.6448687657306)
(-11.6494931692132,-1.05986538719368)
(-2.81132000458330,-11.4312476015757)
(9.88633297204318,-6.38562920573797)
(9.16322429688080,7.37767222126364)
(-4.29305607521569,11.2311922563969)
(-12.5659935696590,-0.323620057682384)
(-4.50822588862438,-12.1235671508498)
(9.22949368077255,-8.59879437674954)
(10.4231715143058,5.34037844413962)
(-2.29915635038658,10.8856643224982)
(-11.6552859035780,0.565684454045932)
(-4.93816050020429,-11.7829743360499)
(8.98469708799426,-9.66874446413851)
(11.7187163854198,3.94846906448141)
(0.0921607513793567,10.8376840668990)
(-9.78516413397000,2.18393860133150)
(-4.50964908550284,-9.63535185468644)
(8.43528973413057,-8.04620244414305)
(10.9399301177060,5.07176696439253)
(-0.970712802545957,11.8532376251619)
(-11.5241155660782,2.74666823579696)
(-6.47740788397021,-10.3167820969713)
(7.48094585267051,-9.87878640714675)
(11.5867009876524,3.43623759021115)
(0.290378541864374,11.6469359279315)
(-11.2021821306554,3.63847588731816)
(-7.44074066689399,-9.81375624921921)
(6.37087614792817,-10.6047182645259)
(11.3976584857055,2.16979036815879)
(0.707521811999077,10.9198221917516)
(-11.2224913822297,3.35827313439070)
(-7.99190752157520,-10.7592356135309)
(6.51925583892224,-12.6738866491425)
(13.2944753437182,0.0946183959335486)
(3.79918687625646,10.4137015370204)
(-8.56260128320316,4.71770686057681)
(-6.70064885944156,-8.65166684656235)
(6.89404766505177,-10.8305765085692)
(13.4531822417543,1.82491120021312)
(3.44053795250134,12.5729011219736)
(-10.2928143849844,6.85017514671581)
(-9.67858404473061,-7.91758004602289)
(4.18928529551430,-12.1829439413662)
(12.4981479250563,-0.600064306642243)
(4.12674419245511,10.8159718044469)
(-9.37244487712450,6.44584784508721)
(-9.57173204403091,-7.74855946347062)
(3.68499416543011,-12.4291535960981)
(12.0563724083695,-1.38889023669035)
(3.87022673203427,9.78642836598647)
(-9.57566519157090,4.97203865314512)
(-9.11250451975371,-10.0894914962231)
(5.96537120858750,-15.0127850140832)
(16.2510044316764,-2.35061576231377)
(8.09166749167277,11.7834904043168)
(-7.72420354913993,8.94420832210495)
(-10.0432651757469,-6.78393111129876)
(4.30089918015876,-13.9539268820306)
(16.0000825519496,-2.43491686506960)
(9.01984705432847,12.8204416134315)
(-7.81785735439926,11.6378482199111)
(-12.5126231287429,-4.36997075057019)
(0.713991836275715,-13.9425215805720)
(13.7767207219056,-4.65259018177735)
(9.10974604239187,10.5638168858378)
(-6.81053591518501,11.0335800632139)
(-12.4964963014901,-3.77157253682795)
(-0.665778240061261,-13.8260474429674)
(12.0814949948641,-6.05207802581392)
(8.29237517738897,7.81194866540597)
(-6.06828344405356,7.51828605094300)
(-9.56290846727953,-7.32067710962807)
(4.92610119572878,-15.8419891105291)
(19.2463401144220,-4.20171066011067)
(13.6560577273084,14.5929272008829)
(-6.19087569305688,16.8871334476038)
(-15.7087209407860,-0.268079504681031)
(-3.52205823877751,-14.6747359847448)
(13.4285624718858,-8.05481585538808)
(12.3432047349761,9.83821315866946)
(-5.12190333708068,14.3855892401874)
(-15.2224217582490,-0.880253525297407)
(-4.10818725686476,-15.6105043260131)
(13.4618767137295,-10.0356881098298)
(13.9060118737831,8.32483669255326)
(-3.38661566949010,14.6364049605634)
(-15.0627505248527,0.149801877580168)
(-5.12575552874116,-15.8769616453529)
(13.4678988406156,-11.9237598819826)
(16.0754940503407,6.87483292304966)
(-0.595471961242946,15.5561726344073)
(-14.0928105669987,2.80750954564477)
(-6.41790710192483,-13.9105283347616)
(11.8157891667206,-11.9531291382538)
(15.7980888045787,5.99505716982427)
(0.0460859356974088,15.6286801468025)
(-14.2387641851209,3.92641282139517)
(-7.93651361804631,-13.2482916536155)
(10.0296940757020,-12.7289458522254)
(14.8084781652843,4.35064055663094)
(-0.410191034021739,13.8712108601612)
(-14.6263058333715,1.51858304022062)
(-7.10848893352979,-17.1823607965124)
(14.2465337384133,-17.0292765834629)
(22.6668792060775,3.17044759132400)
(7.70832235231584,18.5892638624503)
(-11.0817734007547,10.9493136019881)
(-10.2568788970251,-7.80152919555603)
(6.74199051899563,-12.1761085499644)
(15.2335926141685,2.58929023665950)
(3.24961174626847,14.8660880285593)
(-12.3762531308350,6.79072996124280)
(-9.43642127434490,-11.0306661151263)
(8.82524457866422,-13.9642567294739)
(17.6936433367783,2.73411111882013)
(4.59701570572610,16.8876078549159)
(-13.3749258313059,9.20742919131672)
(-12.2300624802767,-10.3627509839199)
(6.44742200274769,-15.7811038673309)
(17.4535641674196,-0.0817072766379136)
(6.05760943989670,15.0774890225865)
(-11.8701166050003,8.75362696595122)
(-11.2652995504598,-10.6224329787331)
(7.89323553173870,-16.3455535529390)
(20.0315893104794,0.328744768598547)
(8.32868958397533,17.8368569951394)
(-12.2840888020378,12.9691344257879)
(-14.8332152478689,-7.86285731631471)
(3.55571947234480,-17.0899046221490)
(17.8732900156437,-3.01251550692473)
(9.07463987074775,14.5749845763686)
(-10.1697238545650,11.4085274790392)
(-12.8251514395368,-8.11607548312692)
(5.44700889217269,-16.7983141959421)
(19.9647382589925,-1.80822143615147)
(10.4544497031648,17.3110902687497)
(-10.9471770847915,14.7519606161642)
(-15.5474904071167,-6.31793613544492)
(3.05299509271206,-17.4070290677425)
(19.7201519608449,-3.00544667785894)
(11.3118996958545,18.0011837375859)
(-11.8490634042572,17.2413784154550)
(-19.3026376051872,-4.93873796062143)
(-1.19118609061695,-19.5188764917875)
(18.3173350045062,-7.50674643124734)
(13.3034873014274,14.5645786601109)
(-9.13354397321484,16.8236983373715)
(-18.4844288301083,-3.75001331448229)
(-2.00614540430024,-19.2961811836535)
(18.0598467684782,-8.73778937872492)
(14.5585785328833,13.6904590743574)
(-7.82279464436080,17.6825854158452)
(-18.9079332860258,-2.10350395805343)
(-3.96601701189240,-18.8443204436480)
(16.3065439315395,-10.0496487761200)
(14.0156582620039,11.7816696267764)
(-7.79236452066622,16.1739486773821)
(-19.1439504544810,-3.64131518696541)
(-4.09338439130714,-21.2875745856232)
(17.2911606942319,-13.2966009491624)
(16.4269747835352,8.48201876824855)
(-4.02996517406065,13.0107200465901)
(-13.1314412499280,-6.56326814045311)
(5.48968608194398,-21.9180720420741)
(29.0802602661173,-7.58968310883135)
(24.6123738096348,22.6498403326046)
(-6.24091127748364,31.5345813757097)
(-26.9512223769235,7.11396489469585)
(-12.9421180500361,-20.2822644672767)
(16.0723716005573,-16.8432601996403)
(21.7872445214571,10.7214474029510)
(-2.38444777395789,24.4926651644550)
(-23.1767448373823,5.88893005237517)
(-12.3882175678610,-19.8796243443579)
(15.2888732776245,-18.1250893444170)
(22.3354775267710,8.38137773980479)
(-0.634094971907809,23.1540432849797)
(-21.8902078336462,5.56451133253683)
(-11.5078803736654,-20.7172138561670)
(17.5721917362504,-19.3384898340936)
(26.2617726574810,9.25681080928065)
(1.99806193263821,27.5258398854284)
(-23.6053421097159,10.9385971657554)
(-16.6529494869271,-18.6450237200657)
(13.4092691057866,-21.7865958950549)
(26.0759649458624,5.63262788091157)
(4.07763665244837,26.5840372656834)
(-23.1614183560008,12.4988083484218)
(-18.8542188865800,-18.1217882639298)
(11.5781362646822,-24.3006871938683)
(27.5318387936130,2.32214266662873)
(7.75908566059587,26.0675479480167)
(-20.9390523909524,15.1776812886294)
(-19.8063863901745,-15.3072399392833)
(9.43351664890141,-23.8027566532016)
(26.7363353820663,1.46220341559785)
(7.97527600469220,26.1738598056528)
(-21.9536865987927,16.2126726347264)
(-22.3921664077359,-15.7855259580845)
(7.91633958493171,-26.9149904174640)
(28.5141779755780,-1.90301945642827)
(11.5995159163435,25.7658333396120)
(-20.0884532068228,18.6980459566660)
(-23.5715008799706,-13.6849253000353)
(6.17688755300315,-27.4120586773081)
(28.8904357509819,-3.38015218055157)
(13.2049655250024,26.2232229151370)
(-20.4239475777963,20.9042926628701)
(-26.6046492759428,-13.1490810125386)
(3.78014826478777,-30.6166537151335)
(30.6352093481988,-7.80564156019728)
(18.2068077607377,25.0590744620868)
(-16.6221370154652,24.1464781822533)
(-26.8101905277368,-8.86301040561696)
(1.30467672309540,-28.8056936660265)
(29.2001776996765,-8.11035535170482)
(18.1623311777757,25.4069676019606)
(-17.7775493444865,25.7575374177656)
(-30.0650598089925,-8.61151087657590)
(-1.31873700784522,-31.7462231687464)
(30.2074940524934,-11.8940966285127)
(21.4899250838864,24.8516338373726)
(-16.8361475441076,28.6916065612772)
(-33.6949885597171,-6.87715957242611)
(-5.75273744551506,-35.4397194007369)
(30.8276593256888,-19.2969478173642)
(28.3778632098205,19.9871511761826)
(-8.52635885092078,30.4020050713916)
(-29.4319327522993,-0.666748370899770)
(-6.23819370382616,-29.6688220536941)
(28.7540957164908,-16.1156264561877)
(26.7484990349398,22.1496850746024)
(-10.8299453145483,32.8491523645280)
(-33.5507910166801,0.509066226868078)
(-10.2863412125025,-31.6714169547909)
(27.7985105202005,-19.9134027339744)
(28.7520093593462,20.2501535184966)
(-9.48322005395099,34.1391609299987)
(-35.3227612950571,1.99318478490928)
(-13.0651051479722,-33.3159060299151)
(27.9609950748354,-23.6590978605580)
(32.1636023309694,18.6714780837840)
(-6.90901802089414,36.5421245863177)
(-36.8104320681669,5.09467123454742)
(-16.6669533893563,-33.7324245322442)
(26.8257126718335,-27.2405260416037)
(34.6538629693028,16.2331459022801)
(-4.39003759990097,37.5714792050284)
(-37.3610477702676,6.84238555357775)
(-18.3336305600038,-34.9429890818811)
(28.3439040656557,-30.3083191632970)
(39.4944076440092,16.2554790742745)
(-1.43480039906544,42.6470104211633)
(-40.4140764081336,12.4245902894177)
(-24.6439583556490,-34.8002549846955)
(25.5251975741212,-35.4354063813611)
(42.6400137702506,12.1261795591396)
(2.90769235192502,44.0274428720398)
(-40.5429419272862,16.5268756036900)
(-28.4636732823917,-34.0199049997388)
(23.8892927527241,-39.0528756481317)
(45.9808757675260,9.39389807109160)
(7.00015723343596,46.5346172460036)
(-41.2773960761153,21.6290082130762)
(-33.3642143623257,-32.5149356983649)
(20.8617404273412,-42.5477539053473)
(48.0233824546606,6.11393480857084)
(10.1351962995137,48.0269660852393)
(-42.5780009277973,25.3694276502669)
(-38.2327955164102,-32.7078647635727)
(18.8566636245353,-47.7303444218701)
(52.0578905516976,1.99199237543541)
(15.3455513300368,50.1624638582800)
(-42.9130708217677,30.8354345339338)
(-43.5885345049429,-31.3638868692778)
(15.7848811109706,-52.4814979235153)
(55.5339005743141,-2.48891678048667)
(20.5913996959558,52.1165720062033)
(-43.4506447730539,36.5765781026850)
(-49.8498214597021,-30.0953163965843)
(11.8370234874021,-58.4791776199451)
(59.3906348064718,-9.04699341541827)
(27.8584269771878,52.4660442862576)
(-41.1096073527205,42.2149957789221)
(-53.4254494882946,-27.3442694381295)
(9.79204190706950,-61.7505047902977)
(63.8884335313542,-11.8234504032954)
(33.6342081484579,57.1466451205394)
(-42.9748052923634,51.1440365317221)
(-62.8531388321103,-24.4188546598513)
(2.99978460380994,-68.5774311434563)
(67.1218419518752,-19.9448197855024)
(41.4988419200724,57.7428425946367)
(-41.7330967309665,58.7450301923729)
(-70.2223142516786,-21.0227625701201)
(-2.85973259391440,-74.7835279773683)
(71.1466078381612,-27.6115395001551)
(50.0782657678090,59.3712603971718)
(-40.8693081436767,67.8948393653966)
(-79.3471496948209,-16.9531873780085)
(-10.4325160675709,-82.1474017910405)
(75.0368363892604,-37.2677429336483)
(59.6935147949456,59.9343431132976)
(-39.5303622530605,76.9188781925717)
(-88.8133916862751,-13.8872121024764)
(-16.9876199606931,-92.0839695298805)
(83.0215774962379,-48.6059533685626)
(74.4780628779261,62.9373445138862)
(-36.4469678430660,92.0886319910397)
(-101.887984750000,-5.61433033228359)
(-29.1570673592574,-101.803170907855)
(88.4324295551926,-63.5834770798271)
(90.7417214034819,63.1520854834369)
(-31.4105487749893,107.671431742995)
(-115.357137931757,3.81005170330815)
(-42.2406029753820,-112.568330342702)
(95.7003379938132,-80.2511393575115)
(110.519858943273,65.1440748870462)
(-26.3149299193947,128.484670456538)
(-134.076187397619,16.1975296650784)
(-60.4232143632384,-126.803122108958)
(104.433491625422,-102.622781801962)
(136.241718741727,67.4037218981904)
(-20.1387278959296,156.220497757154)
(-160.576316422289,32.5134661416685)
(-86.4155662820434,-147.816315606231)
(116.762678305510,-135.924462462996)
(174.269003589405,69.0924158015923)
(-9.21400147501406,196.230719195160)
(-198.369863017403,57.6954726055264)
(-125.497032665456,-178.156985238395)
(135.115329481109,-186.702276532284)
(234.007874839022,71.3948482869241)
(9.16713441394617,260.658800407923)
(-260.256277001634,100.066962331019)
(-192.057288859190,-229.592421070508)
(168.510120989231,-277.460129571933)
(348.046000564486,73.7465479812029)
(54.6314595251879,384.110574684753)
(-366.254050546906,191.683748083200)
(-303.176649727686,-316.429355571386)
(285.530584214480,-419.373428049621)
(646.180597734850,230.569692539904)
(63.3168487107608,986.538289070746)
(-1133.39361381739,777.189016652782)
(-1673.45712459010,-615.620779930266)
(-657.811920140745,-2047.76685283269)
(1307.87843059105,-2034.50255129131)
(2522.08766943114,-326.569130374554)
(1847.42703727032,1691.51218716977)
(-117.050453650277,2308.96873697985)
(-1629.35454696681,1157.81906658177)
(-1535.29792103900,-514.857813649322)
(-297.067346129231,-1200.18880419161)
(687.712791267289,-596.628958227856)
(601.617416380558,325.216507570641)
(-112.864373036819,547.555893262433)
(-491.923429205742,49.5956737940802)
(-189.561540544814,-404.330846010211)
(283.422936240776,-282.845040241867)
(323.054941192841,157.354143703192)
(-42.5105353140608,324.764200129438)
(-297.476926100286,58.8360434938627)
(-141.928107102041,-244.275601040009)
(172.412546979050,-199.546792991474)
(229.285231941422,92.2840117591361)
(-12.2992476607436,232.567925640652)
(-211.744787003184,60.4689314248931)
(-119.375675098151,-171.135788720054)
(117.091351945188,-160.048990051102)
(180.577993726523,56.0668861003156)
(5.47655719718075,180.466051601916)
(-161.455210953439,60.8757360471079)
(-105.155132382111,-127.716778959730)
(83.6686994532369,-135.629838153960)
(150.048237596091,33.5129840878482)
(16.8998946893574,146.960938048972)
(-128.330815867317,61.1306319897523)
(-95.5977056769840,-98.5328408013466)
(60.7294381946943,-118.957681343583)
(128.780121752132,17.6186793224758)
(25.1864300199664,123.024208727799)
(-104.176671339346,61.2320352956159)
(-88.2829224073408,-77.2508023080996)
(44.2649674957409,-106.738609187871)
(113.952794250401,5.70086384309154)
(33.2980940703001,105.830697856245)
(-84.0623746371456,64.2057340905997)
(-83.1938407375464,-56.0833205167871)
(27.1234340470175,-92.7878289721822)
(94.9970068562964,-2.68140623534351)
(32.7163919187393,88.0471467989083)
(-70.9991777176955,58.7137788592015)
(-76.6473519577951,-46.8288539438487)
(19.3631280354240,-85.6654075714978)
(85.8758539889538,-9.12112163964940)
(36.1070659667136,76.8194487015126)
(-59.4012582381996,58.0164599915695)
(-72.4098381370959,-36.5438142447713)
(11.1042606953802,-78.7594863087872)
(76.8366903891585,-14.7653047246955)
(38.3416749955121,66.6025725083873)
(-49.5528810610425,56.7556289811499)
(-68.5257033144113,-28.1162426603676)
(4.23329873902934,-72.9731914973318)
(69.1873585035807,-19.8155662626861)
(40.5934534922180,57.4736451763580)
(-40.3781981576646,55.5771857177458)
(-64.5501641035663,-20.3567039015808)
(-1.72621866889363,-67.2392936197773)
(61.9751444438238,-23.9913820368436)
(42.2174728072382,48.9063539936679)
(-31.7606957739548,53.6968210291583)
(-59.6871961035615,-13.7031455197882)
(-5.67169223597521,-61.3062723127167)
(56.1751535162999,-26.2523647140404)
(43.6090995075666,42.6336698256318)
(-24.2879382239929,53.1890286140107)
(-55.6677809467700,-6.31885432351937)
(-10.2843137099670,-54.1628595150117)
(48.5814601259848,-26.8117919091635)
(41.5441032789868,36.9801113191593)
(-20.5425094078248,50.7721335231388)
(-53.4836752491075,-2.91870700513641)
(-13.9810133013606,-51.0437675129514)
(43.6356291495730,-29.7233531244428)
(42.2807618657759,30.8356526192146)
(-14.6025980802993,48.9934522197357)
(-49.7254517499018,1.77933650407181)
(-16.8878303647355,-46.0259756154364)
(38.2078891047878,-30.5444335031131)
(41.2523565159224,25.9712155134609)
(-10.7524381630862,46.9356109841554)
(-47.1599574301529,4.99886743324011)
(-19.7359785207998,-42.5463634757516)
(33.4118277610701,-32.2080412471498)
(40.6643013067683,20.7398828014645)
(-6.67316080624148,44.3826583643296)
(-44.0839619017938,7.48765322734230)
(-21.5932241047000,-39.5874209703006)
(29.7289051373269,-33.8561873594374)
(40.9085551789571,15.8638392598398)
(-2.01160157296254,42.1426736285558)
(-40.3751713582786,10.1634048642883)
(-22.6178710085793,-36.3865259374615)
(27.0676006040819,-35.0885563939510)
(42.4784994640659,11.6815622580108)
(4.39131364855127,41.3548846407003)
(-35.0536642218340,15.8318939768703)
(-23.6298921988703,-28.4844490786380)
(21.3162017843827,-31.2470999899106)
(37.8161907944483,10.4788103194242)
(3.41569733219425,39.5107886710109)
(-35.3416997796459,16.4939299158213)
(-26.5246939350641,-27.4694968472015)
(17.4015803442687,-33.5724634542860)
(37.2284168686449,5.48917258991494)
(6.98125621079961,36.5610544457109)
(-31.8984817056928,18.1475380410390)
(-27.1534874970111,-24.2759223816734)
(14.1650429990139,-33.4892738922478)
(36.0968303062787,2.35108852082986)
(9.44300428630628,34.5627905960741)
(-29.5836999453620,19.9911262215193)
(-28.7873047474520,-21.4085630992371)
(10.0638630394513,-34.2784032100163)
(34.5848442386151,-2.35318608384129)
(12.6386258192961,30.6026234063456)
(-25.1689605855263,20.4060716092382)
(-27.6051155501841,-18.5069586399464)
(8.31296536624275,-33.4850107926838)
(34.2236316381430,-4.74833782849555)
(16.0035026021661,28.8087393715253)
(-20.9514284934637,22.7346899123754)
(-26.9138913901393,-13.4821951187669)
(5.12967261247908,-30.2653653832011)
(30.9431943864698,-5.23199360672037)
(15.3953730849278,27.2204349656631)
(-20.4182010727353,23.0516619442747)
(-28.2974686971487,-12.0539981372087)
(1.95579200321645,-30.9570706337649)
(29.3618763996290,-8.86831624927650)
(17.4470629854231,23.7379217064646)
(-16.9130229385029,22.8234052736345)
(-26.9291000711871,-9.90598262908526)
(0.836515354642343,-29.9086444133786)
(28.8095121649838,-10.1880326691928)
(19.4473653015759,22.6325753668094)
(-14.3760607008376,24.6302937913477)
(-27.2155082186486,-6.33018558004011)
(-2.34613720626261,-28.2474868479856)
(26.1822827370732,-11.8023825726842)
(19.7603865979426,20.5126512171345)
(-13.0516834992376,25.0839602939710)
(-28.5200266692073,-4.32673979337195)
(-6.46196083166102,-28.8284139996913)
(23.4424484098707,-16.8677786338605)
(22.2081220124658,14.1859747034906)
(-6.52415132394200,22.5484887832983)
(-22.7505607947144,-1.59944048499062)
(-4.82206748087998,-24.0089258602013)
(21.8771875677770,-13.7730854790480)
(20.3661045672867,14.7742677944447)
(-7.31716397366095,22.1653641436455)
(-23.0490964798052,-2.09894053983820)
(-4.66889307807551,-25.1060189500763)
(23.6995655114572,-15.1293690727801)
(24.0600087141065,15.3256811518343)
(-4.27370627594250,26.2172811406391)
(-23.8062201731871,3.71469955633788)
(-9.25627521038666,-21.4855166419572)
(18.7899305987785,-15.6650249693059)
(22.0037553864841,12.7483835602807)
(-4.05484733167624,24.9817375629028)
(-24.2978790599062,4.32904723493431)
(-11.6127264031951,-21.5487230946831)
(16.7372749446463,-18.1139211227250)
(22.5989726508207,9.60436726816684)
(-1.70663808602374,24.0363011030222)
(-23.2944279741350,5.72164337978467)
(-13.1200958199954,-20.6978453937185)
(15.0707645567862,-19.8099546031202)
(23.3970692404412,7.01870709553279)
(0.689366377166587,23.6327586540108)
(-22.7002708292042,7.55098199653154)
(-15.5445583378642,-20.1933603402511)
(12.9041639828957,-23.3442818593791)
(25.7906706983131,1.57377630895482)
(7.71077444498683,21.5450861847859)
(-15.8339743469260,11.5927293723938)
(-13.6258076858492,-12.6823110846222)
(9.64892999727569,-17.4440057499674)
(20.9799791338634,3.42461078527476)
(4.40255351846872,20.8383982601028)
(-17.6379486387095,10.6678053029186)
(-15.2535467435526,-13.4794378915743)
(8.20218779580632,-19.0055396950154)
(20.8446900077348,1.36215238774839)
(5.56009208969146,19.8447647456105)
(-16.9249300289636,11.3449103961697)
(-16.2234974285572,-12.6387923097015)
(6.60683055368764,-19.6530878472266)
(20.4989538657876,-0.143468137300263)
(6.19546690344246,19.6255632518619)
(-17.9183905243449,12.7321418876399)
(-20.3976093001254,-12.6049066189340)
(1.65391208790721,-24.3436390955156)
(19.5883962867992,-9.21078629803563)
(11.9839549562755,10.7164184170784)
(-7.47613872637411,8.85223802052796)
(-9.97116147099057,-10.0981017007199)
(8.65678826726468,-17.5980730615996)
(22.4599395785401,-1.04692410625272)
(11.2290574568932,18.5931243436991)
(-11.4647157028618,15.1633464909877)
(-16.1963300410658,-7.03136636623511)
(2.73462715526218,-18.6989887702464)
(19.6298656739666,-4.78298363851009)
(11.9272665783601,15.5174978360917)
(-9.68095141010551,14.7802280842596)
(-15.9651720274810,-5.81804430386792)
(1.41667837433149,-18.3987816240326)
(18.9268533490910,-6.08514973861490)
(13.0533321152729,14.4503869910433)
(-8.16064030724349,15.6960253242532)
(-16.2744866389949,-3.71048628133398)
(-0.825350272501150,-17.5239792748230)
(16.9259974326772,-7.49329889812273)
(13.0396968876159,12.2535398854178)
(-6.82907863130878,14.6861771646350)
(-15.3879107686480,-3.49551129254280)
(-0.761038963877019,-17.5766677009114)
(17.5449640553015,-8.35288342811704)
(15.0739942103148,12.0186379581542)
(-4.70099737597079,16.5627994622336)
(-15.3267644868286,-0.227093561346532)
(-3.09483697862467,-15.3316241674815)
(14.8135934386093,-8.51695933094389)
(13.9300289092471,10.5442515899209)
(-4.42996707203484,15.7702601590055)
(-15.2796627744693,0.108467390802708)
(-4.00627123023774,-15.1182314406888)
(13.9309376754008,-9.30104408310890)
(14.1186741196288,9.57242212832100)
(-3.75278234424163,15.8998264501194)
(-15.6525567788974,1.15796265474197)
(-5.85249606821175,-14.7610647421687)
(11.9361762029850,-10.7150187678632)
(13.4502147517563,7.06204140965006)
(-3.05466455944574,13.6714101701784)
(-14.4971219508380,-0.383181726705305)
(-4.51552222369964,-16.1266401005282)
(14.0165043003027,-11.8607844018264)
(16.1985641043550,7.14543480624954)
(-1.08952767540661,15.3856024768284)
(-14.5418517924591,1.44809706111496)
(-5.50114611367441,-16.2804617612451)
(14.8730789645781,-13.8782614988046)
(20.1879798892804,6.24809904354287)
(3.71880627554718,18.5098213234826)
(-12.9459565236880,7.99535777162898)
(-8.79158536506732,-10.2138719310671)
(9.04570368848583,-11.7263850513544)
(15.6225887965089,4.62380291167518)
(1.97068772506547,15.9207537846942)
(-13.2342956049280,6.52974308550176)
(-9.35821299856526,-10.9045540543210)
(8.23459667924121,-12.8802853839729)
(15.6276517751689,3.06410357519944)
(2.80008716980034,15.1307301504375)
(-12.9020527394233,6.82062874563340)
(-10.2993778260602,-10.8369184774129)
(7.06311332323314,-14.3038253449018)
(15.8545288109267,0.685270147541465)
(4.52404111956734,13.5054992591424)
(-11.1874914019828,6.58961134630374)
(-9.57220991027745,-10.8921453320587)
(7.80905547152088,-15.4479328447389)
(18.3282766724014,-0.830059683379533)
(8.70677716082110,13.7916665385772)
(-7.44750596845589,9.77830352896971)
(-8.36113631067471,-6.12047598288848)
(6.52165414039638,-11.3661171015663)
(16.1494768579692,1.65433245775333)
(6.66458137650585,15.4336188347936)
(-9.76727500283538,11.2405899541740)
(-11.4778984542091,-5.44572234426170)
(3.37350145032505,-12.3681469608247)
(14.3770741290417,-0.589836646889460)
(6.52049822746250,13.5106456803948)
(-9.55721476000248,10.4796935561881)
(-12.0262672809413,-5.89893174974863)
(2.61095051867257,-13.7525936017194)
(14.8283260634229,-2.66155054279650)
(8.44431930043652,12.3477300538444)
(-7.63342097278566,11.1563146759788)
(-11.5740239558780,-4.34026088541428)
(1.86212603781122,-12.9395462413063)
(14.3281565294766,-2.86196983809025)
(8.74429392418084,12.3442503666099)
(-7.63160733758122,12.1076683858654)
(-12.9875890508852,-3.45199213979702)
(-0.274521263988125,-13.7423294191332)
(13.4698405676059,-5.39214009970253)
(10.1618800011294,9.98175308392138)
(-5.15900253437608,11.6940679799165)
(-11.5054294018737,-2.15363963128959)
(-0.438068049998781,-12.4821901286266)
(12.7730677396276,-5.35505682973577)
(10.2223542963426,9.19356234815666)
(-4.15724480570591,11.0968694994299)
(-10.0340257111148,-2.13541961555924)
(1.35994290133464,-11.7937317026096)
(14.8097963897568,-3.43413221946867)
(11.3742498391191,13.0310997398779)
(-5.82980470272269,16.0609001967598)
(-15.2085912881016,1.22734219678710)
(-5.14724945938755,-12.6128744595728)
(10.6621250076688,-8.15504829802786)
(11.5122529659722,7.64392648960710)
(-2.92250920652349,13.2304680374880)
(-12.6442166810590,1.34041220730915)
(-4.45109854388055,-11.6211030764616)
(10.4464688448832,-7.99640358958467)
(11.7964898931928,7.30591646239348)
(-2.30232130851757,13.5750612487377)
(-12.9085248157249,2.29729631918815)
(-5.82871114774589,-11.4201818192211)
(9.30135525475865,-9.27605255754139)
(12.0793481730943,5.58561413651837)
(-1.16982318923162,12.8687974716239)
(-12.4666754466545,2.44831758876539)
(-6.30440395077646,-12.0505351889531)
(9.67391484303309,-11.5020695806501)
(15.0458099555987,3.33042200301657)
(3.78768275411184,13.2363339925823)
(-8.27393873025279,6.46484622114476)
(-5.31987829590105,-5.98821725284290)
(7.18293246206282,-6.01034996390724)
(10.4584633160489,6.68282279968071)
(-1.51484464859124,14.2119757615696)
(-13.4316414747530,5.12304031542724)
(-9.27576897648307,-9.61431180710805)
(5.81840801894024,-11.0366734281980)
(12.1470701492831,2.35444830139564)
(1.71923869925138,12.4893295983225)
(-11.1271318530088,5.89096856960772)
(-9.04599776809603,-8.38163960229446)
(5.08193289898112,-11.0755901253549)
(12.1965439963959,1.33969147486091)
(2.78966003271661,12.0494879696379)
(-10.3761044291021,6.63466251989318)
(-9.56647416261864,-7.55702826934290)
(4.05104409776913,-11.4254942313189)
(12.0960049714027,0.129797422495505)
(3.79383341901646,11.4430184942231)
(-9.59345598597275,7.27575309696558)
(-10.0581548427850,-6.71006016874902)
(2.90526396191530,-11.7239819323359)
(11.7696348212377,-1.21291910377570)
(4.70839297191623,10.4299780630388)
(-8.51998289337984,7.42100670366116)
(-9.87747902412503,-6.11390792137165)
(2.55925593626218,-11.8041711666042)
(12.0535522094559,-1.88452328978030)
(5.83524086449420,10.3589454150828)
(-7.71339191478985,8.55629013554090)
(-10.4415988411815,-4.71109410715061)
(1.09745484193778,-11.5130064376229)
(11.1265346166372,-2.81956648898972)
(6.05993953231260,9.39717058558220)
(-7.16065382114937,8.46690605953665)
(-10.5440884151725,-4.40305157412780)
(0.559707864228013,-11.7966640984554)
(11.1596906681127,-3.68829514530050)
(6.90985180175825,8.96689171604822)
(-6.46108206737742,9.02948964730339)
(-10.8553875474615,-3.63315922111404)
(-0.267787407331036,-11.9105561933653)
(11.0320307270578,-4.53833132248958)
(7.70242821562575,8.62551210621455)
(-5.92803636558180,9.80227013271094)
(-11.5785156345780,-2.73857253101305)
(-1.59453681148875,-12.2355187330706)
(10.6614734695153,-5.91041726806622)
(8.67331447287208,7.79255606788855)
(-5.01138765524636,10.4353993768377)
(-12.0665739549200,-1.65866080305780)
(-2.92681391944876,-12.2986807563702)
(10.1838285188632,-6.96546014132587)
(9.26040447491402,7.60897642812163)
(-5.54516489847456,11.9239436340665)
(-15.7128577346003,-0.838467677423787)
(-8.12637139754669,-15.8368297115374)
(8.36042630290781,-15.5853977962781)
(14.7820658819281,-1.78297359688498)
(6.07952162252798,8.15144940780437)
(-4.09582329257518,4.10068075773971)
(-2.74573508657211,-4.98492529094346)
(5.75584372042577,-5.04237085368560)
(7.40271459578282,3.60548236965020)
(-1.14551971796818,7.67475116579042)
(-7.98494899079336,0.324979684639028)
(-2.98533011398467,-8.81643977064711)
(7.55334760013503,-6.89767439651579)
(9.10850347644202,4.04252831777111)
(-1.09211314760316,9.26950583616611)
(-9.77934635194820,1.21357878788801)
(-5.24712260490632,-9.97060102188651)
(6.80440778318811,-9.72062224968082)
(10.6880571031423,1.49337587255468)
(1.57761817052467,8.76255266768035)
(-8.16765489008710,2.59761842027055)
(-5.59748634528083,-8.58804625090366)
(5.68370221362827,-9.96363133042562)
(10.7033240651914,-0.0789804844983482)
(3.32955047642949,7.60605815334475)
(-5.83382116586114,3.15892149422621)
(-4.23441029893112,-6.57220351290613)
(5.50427968378713,-7.68168988020260)
(9.36630873606841,1.58071559954476)
(1.32082638061894,8.32957004967803)
(-8.16674251504153,2.64275851730253)
(-6.11938044876762,-8.70377589919096)
(5.37907853212910,-11.0526847422012)
(11.7836438815749,-1.38278664243681)
(5.34805058574065,7.73947655841764)
(-4.85935053576262,4.95814170906670)
(-5.42760091066742,-5.03895847789321)
(3.53470756008966,-8.40867190294986)
(9.17547734696800,-1.01451489701663)
(3.77976210556862,6.40931548670250)
(-4.87421469797111,3.43568223821462)
(-4.64944890433104,-5.66954705179675)
(3.95386628282514,-8.12874065535222)
(8.54734792414750,-0.712651114000336)
(2.40296639232695,5.49864736870630)
(-5.56898396680847,0.601014028920021)
(-2.74315106560729,-9.60666518465958)
(9.24416954878264,-10.5942200866871)
(15.3812119603351,1.07491290820118)
(6.86076630958769,11.9180647245035)
(-6.54913806023256,8.46866753810771)
(-8.46393251164153,-4.94563937648534)
(2.98706862269081,-11.3871365002516)
(12.6971530282656,-3.12613720670950)
(8.27943509841971,8.47675516683523)
(-3.89129016907392,8.06176686758223)
(-7.34804282157385,-3.56620763008334)
(2.67373721928322,-10.7280487149709)
(13.1091221749068,-3.67555406839084)
(10.4362653863503,8.71586798203577)
(-1.69352133687954,10.9107449966019)
(-7.74858975816145,1.09312169967267)
(-1.00988625860341,-7.05642945928156)
(8.04247522018576,-3.02680355179724)
(6.40998864627841,6.69926730911856)
(-3.82169347454968,7.93187781309475)
(-8.57195427318039,-1.77676386116829)
(-1.02677111892679,-9.82817618345547)
(9.07286632240366,-5.65582775124689)
(8.52768625150952,5.00999646851610)
(-1.63376321640851,7.84837586994653)
(-7.64439583739841,-0.909793098387255)
(-1.45219517541434,-9.64721678596316)
(8.76181264419382,-7.08276921103764)
(9.90904151579864,2.81475377388482)
(1.57540821622922,6.66163476673424)
(-3.87859680434289,-0.00216984878297025)
(1.45518666676930,-6.84060941812916)
(10.0533366610902,-3.15769105941405)
(9.18458286642841,7.09372192947990)
(-1.50376066592851,10.2149720794073)
(-8.88984981436746,1.11952909537997)
(-3.44414149680535,-9.50758050849376)
(8.26036948556954,-8.91317078619490)
(12.1727966825532,1.36434905791213)
(4.89770159508931,8.03596875056059)
(-2.65181622892327,3.70600855117066)
(-0.368037881190392,-4.00848964382732)
(7.79419086219748,-3.52492548699662)
(9.86620873574518,4.95597066774311)
(2.36385527688116,10.1528304018998)
(-5.25604550904847,5.25978318224653)
(-3.69865817661595,-3.12059982900814)
(3.86960606274725,-4.45235699183086)
(6.97518261458102,1.44774641655888)
(2.70198575721450,5.07491356174338)
(-0.722402267216107,1.46245795478609)
(3.44057295088516,-2.40448086693157)
(9.63763527355973,2.18462155464226)
(6.97201782609103,11.9553940931935)
(-4.93548931684398,14.3069585107476)
(-13.3469110308125,4.02341631525094)
(-8.05612164357061,-8.35446925122488)
(4.82845836664642,-8.85467306330852)
(9.80122920142338,2.14927584727653)
(1.43532691954434,10.0954355121949)
(-8.74790269644844,4.69419807734954)
(-7.13742532986225,-7.04683894889801)
(4.59277615378900,-10.0797143584152)
(12.0224391947005,-0.650445449257948)
