1907915287180786223131860607177.
0.040000000000000001
(2.69702402311449,16.0888660543108)
(-16.3541898788195,5.86637974505316)
(-10.8309936325566,-15.4039032587500)
(11.0851621694880,-15.3477919921452)
(16.2481698229450,5.30755202565788)
(-1.84972296113718,14.4979688997062)
(-13.7852118409332,-0.764988911790846)
(-1.10610574971930,-14.7998894851322)
(14.9638039566972,-4.69427965277749)
(7.93996975466141,13.3289426504391)
(-11.4878359152816,10.0797619521959)
(-12.4262566610676,-9.80279033932413)
(6.90937776056626,-14.9337816214779)
(16.0119463850076,2.98417605428466)
(0.332984607443766,15.7246929784535)
(-15.4948216578619,3.08855662518062)
(-6.50604490796837,-15.0222944637319)
(13.0394041528337,-9.98363479333099)
(12.1354321564197,10.2383170383053)
(-7.90328025655516,13.6472142383378)
(-15.5227889232307,-5.13071289408177)
(1.05922757852471,-16.3710113429937)
(15.2216064465612,-2.44348959560573)
(4.29725291770892,14.2535152875678)
(-14.4407736087988,7.06606256727560)
(-11.5762937148029,-12.4266106156035)
(7.16497235658031,-13.2418381774663)
(10.1375441253935,4.64428167094611)
(-8.44875399865933,9.48634455321643)
(-17.3373673499718,-10.7298740892551)
(2.45716823331638,-26.4380724986014)
(25.1453975383297,-11.3266972412026)
(17.8631027853651,15.1431029931084)
(-8.37052168606647,15.6233529142423)
(-14.5172545881831,-8.25730942458201)
(6.91191416148857,-18.4310481113874)
(20.8261634476319,0.727077297565902)
(4.59358545413728,18.4966612078760)
(-16.5433175685368,6.30481089990416)
(-9.19109790302725,-17.1233905487370)
(15.3849576639793,-14.9180622679042)
(18.4407052401258,9.81393815421426)
(-5.42230806948603,18.2340946335809)
(-19.1283315234253,-3.51946500660554)
(-0.787800005697264,-21.9870646902998)
(21.5405870330642,-8.07844553893020)
(12.7937093524755,17.2163140682230)
(-14.5902655650890,14.5478473082413)
(-19.2050298914629,-13.3157506766626)
(6.26239870109490,-25.6372898275995)
(24.6102761462571,-5.66538633751971)
(11.3804436559563,15.3144282762153)
(-9.40597617934441,7.50475054406012)
(-4.88542945337769,-12.5786502776605)
(15.5195782166381,-10.6531716556389)
(17.1190584207088,10.5067607789768)
(-3.81340952795544,16.5824603855042)
(-14.2904729337583,-2.69384037700486)
(2.38656975636239,-16.9270617162003)
(19.8022166357081,-3.50595995095517)
(10.3923348372016,16.3780192822162)
(-10.7899710641885,11.4709206775837)
(-10.1789054848642,-9.84957023786271)
(10.7511263992116,-13.0578849657582)
(17.8054008766022,7.30486610822482)
(-1.29583676748429,18.6662535582784)
(-16.9596571282906,2.24413684861836)
(-4.55495205480705,-16.7204791479221)
(16.2388603890241,-8.78662403635287)
(12.4841864041201,12.7990701956279)
(-9.50401199588678,12.9936551258125)
(-13.9239052786822,-9.05034307584376)
(7.30570168745841,-18.0897430260609)
(20.8633266329773,1.10864594519621)
(4.67357874382113,18.5755616492610)
(-16.0911963676926,6.00124143243610)
(-7.81837275012497,-17.6214767763390)
(17.9352724387772,-14.6421130252677)
(21.1057563063381,11.8762410436297)
(-4.47020140554445,21.4693239601648)
(-20.3062973595029,-1.45542831450580)
(-1.96504283494518,-22.9655929365045)
(23.5599893340324,-11.3355308762444)
(19.6809150729751,15.0192999833079)
(-4.21997667687464,17.4136049745658)
(-9.68433591816465,-3.12366860573741)
(9.43344738791441,-9.71106293593337)
(18.3419864508599,10.1195427332547)
(-1.60814062910954,24.0624899251118)
(-21.5771234128861,7.06702950067318)
(-10.2767225850480,-17.1681255630094)
(15.5974965958399,-12.1677758761192)
(16.2450540241868,13.7764019603862)
(-9.06946248508108,19.7560801700047)
(-20.4868605425543,-3.91704154349235)
(0.0841212765137581,-20.3621948363282)
(20.4376488639390,-3.97015425910396)
(8.62172832081109,19.1908154061247)
(-16.6202066009895,12.2565526006193)
(-15.1362528718252,-14.2252734122517)
(11.2610628655915,-18.5659477170395)
(21.1703547409969,6.36710236640550)
(-1.37223381222252,21.3264908027003)
(-21.1793059069249,1.97457509073710)
(-6.43159137012201,-22.4913987444385)
(21.4888633145004,-14.2441830482467)
(20.8621543688450,14.5644214361784)
(-6.03291151869134,20.8787382676025)
(-17.3481513314145,-2.60672102412305)
(2.79057745799126,-17.3238569085440)
(20.5328549935903,-0.135394645949980)
(6.72629139678124,20.8108274641364)
(-17.0139337544051,11.4925197093910)
(-13.0213812448003,-13.8181943796866)
(12.4620164591298,-15.2869584560910)
(19.1527208979068,9.23615058366452)
(-3.40340031751774,20.8177234507513)
(-19.3157158492507,1.21800662865288)
(-3.39924150947993,-18.1893511736174)
(18.7287551094991,-6.32364323717601)
(11.2960950303086,17.9960067844723)
(-14.5429167473037,15.6797883749890)
(-17.9625410210402,-10.4296319478238)
(6.82758069684916,-19.5491253817076)
(20.9669893162191,2.63993590947111)
(2.17531864167025,21.0372175490322)
(-19.8649141323252,6.40084506319217)
(-10.3216602576712,-18.3616372727559)
(15.6132403327892,-14.4579932305254)
(16.8778924973869,11.1040456565754)
(-7.81176451527471,16.5253347662221)
(-17.2470589127004,-7.78951723889562)
(6.61113935178886,-22.5957249380090)
(28.2745358726096,-1.32374132527411)
(13.1205627503808,26.5963003827623)
(-17.8491089187801,20.0083650066093)
(-19.4778719125361,-10.2121481963419)
(8.01652310332880,-17.8580918163204)
(20.0148195666569,6.98006495925187)
(-2.45832181378056,23.2510614784083)
(-23.3944320323847,4.04044893020038)
(-9.04795669307793,-20.9884876838546)
(18.5314055491916,-12.5461882961666)
(16.1426906721051,16.0307822310241)
(-12.3067912547888,19.5678668621145)
(-21.7374001421690,-7.68676172194137)
(3.02867368332130,-22.7924054054831)
(23.1275796359741,-1.78834708430592)
(6.84285582118143,22.3134897075602)
(-20.2002550340497,11.4308277580908)
(-15.2526088613341,-17.4047020121035)
(14.0608896233702,-18.6993602220640)
(21.5517275422059,9.71279178924778)
(-4.67950591097470,23.0311000703302)
(-23.2423572029012,0.114746969422752)
(-4.65453201954908,-22.9316915819628)
(21.9210617577631,-9.55232666784466)
(14.4470586892061,19.4026442244881)
(-15.5581226658447,18.2791719736128)
(-20.8864502945376,-11.3360981557133)
(6.94101576983202,-22.8379710633098)
(24.0554345805259,1.97685849188998)
(3.31715772427694,23.9786811049155)
(-22.6695299694353,8.27726188357407)
(-12.7910315097522,-20.5503355587633)
(17.5621477738706,-16.9747419053010)
(20.4638241188805,13.5671127334321)
(-8.93753635163751,22.9045228404857)
(-24.4252081125835,-3.97673630351174)
(-1.42341670044553,-24.9599188086638)
(24.0327706362230,-6.97597718569110)
(11.8719210248382,21.7228171416456)
(-18.7579139181798,15.8902223240778)
(-19.4871801989983,-15.3126921415179)
(10.9402580705571,-22.5584023057162)
(24.4330947807474,5.81477401697759)
(-0.628587674954661,25.1095785731756)
(-24.9895550617201,4.63696462177267)
(-10.2167549452419,-23.6259699839739)
(20.4987501678511,-15.2122121884555)
(18.6484341653112,16.5626671562182)
(-12.9641236705871,21.3014998037145)
(-24.2675635577518,-8.89962430845806)
(3.12368676202315,-26.5111855546412)
(26.3956598027494,-3.31860509392698)
(8.61407920654154,24.6433661460277)
(-22.8036288364646,13.3059716165163)
(-18.6793896430508,-19.9933916413153)
(14.6796392952530,-23.3204175232426)
(25.0997556024317,8.41097973841777)
(-3.67366667652544,25.3060924877449)
(-26.4213444301541,0.716765260225259)
(-7.39435907755738,-26.9862997993674)
(23.7112751832661,-14.7293623818365)
(18.6633544171774,17.7948806033027)
(-13.5692736864621,19.5671261810516)
(-21.5286418876246,-11.2876907615488)
(7.15055690693310,-25.0336886027735)
(26.3884933289808,0.512330016252307)
(5.09071734592432,24.6815486210027)
(-23.1023724309342,8.61551859817562)
(-12.9971347009576,-22.5327216119420)
(19.9716266994470,-18.9618103636100)
(23.4031218798926,14.5332860052993)
(-9.07692449447266,25.2027018687167)
(-26.7960735894056,-4.53961354151593)
(-1.49470996463801,-28.5799315581219)
(27.6230302448506,-9.14900043793906)
(15.0175333670164,23.4713191174010)
(-19.4653632486471,18.1413342318414)
(-21.5039422656117,-16.6761647516577)
(12.2154575878363,-25.9890167951487)
(28.5394484440183,5.17070584087578)
(1.47063923034292,27.9304180643699)
(-26.6870067315535,6.40326430319583)
(-11.8025371077164,-25.6742532937584)
(22.5136125430856,-17.9951730386007)
(22.1110512694991,16.9720543053823)
(-12.1480375998742,23.6506812254241)
(-25.6311741381843,-8.68649616546774)
(3.56622063694754,-28.6281366588520)
(29.4462629179192,-3.86505572585070)
(10.4675842761806,27.1218564460138)
(-24.3404530703359,15.2010749536932)
(-20.3903408758816,-21.6523287647529)
(16.4815355220100,-25.9402239724119)
(28.6490136757012,9.07483389497296)
(-2.94712335060835,28.4547030932043)
(-28.7268382492096,1.72660731232039)
(-8.30692965687689,-29.2593498828160)
(26.1194886374300,-16.2155569102338)
(20.7162561888953,19.6781121646876)
(-15.0889396104614,21.5340959046648)
(-23.8052536859209,-13.1635266484272)
(8.80820972442413,-28.6340019319327)
(30.8880781068080,0.556804510731339)
(6.66673856956305,28.6206338672561)
(-26.2283395038802,10.7402450902779)
(-15.7140819368464,-25.4946473800537)
(22.1318321735140,-22.9913017506223)
(27.7980988098806,14.5965183886973)
(-7.76540924490534,28.0756672023225)
(-28.3920967858901,-3.97044026861729)
(-1.19944365255093,-30.9534619098500)
(31.1006539142535,-9.93115005029532)
(17.3579307125257,26.2131681339457)
(-20.8900417569991,20.3316425564864)
(-22.9497933662594,-18.4134305656882)
(14.9379313562610,-28.3714710691650)
(32.8485891666258,7.22108547061399)
(1.44739493183931,32.9436207909448)
(-31.1449157660353,7.99365665192068)
(-14.5712895009557,-29.3523157828055)
(24.6140030386349,-21.8172348056661)
(25.1540025920112,16.6743421230047)
(-11.6788305884960,23.5725171018058)
(-24.1665354145062,-12.1261947573720)
(10.7267495432243,-31.3077350755180)
(38.4854345041101,1.09186148441248)
(12.2558361142413,37.8078674781976)
(-31.1154699011150,21.3825705792247)
(-26.0904442761935,-24.7424804322812)
(19.3160011651072,-30.5799722702538)
(34.7422165959946,11.9444920540713)
(-3.39179666606831,35.9621579195908)
(-35.0263083557378,3.84221434144641)
(-10.4631862795549,-33.8787991733283)
(31.4680883406030,-17.7547816589177)
(24.1562387200208,26.8190515123843)
(-21.7359989944495,28.9169441528378)
(-34.1238378916366,-16.3358314929942)
(7.54492564153337,-39.1234059571130)
(39.2251229850054,-3.91561287247290)
(11.9576526402015,34.2821364363848)
(-31.1181338395395,15.3091840529113)
(-21.4036667446052,-31.9286006944119)
(28.3160104476325,-33.7643022406729)
(43.4014493230664,14.2264836897435)
(2.49746774077662,41.0033527451527)
(-31.1985475712269,10.2477753889763)
(-9.65294071653264,-25.6545202427658)
(26.8692256546753,-10.4547060930342)
(16.7081667014759,27.8437951582484)
(-24.3099573486940,24.0726616801544)
(-29.0537313149299,-18.4403452523735)
(12.2946374321497,-32.4995728212663)
(35.0222595163942,5.27891921040960)
(2.49030930212572,35.6346088627976)
(-34.4403770449991,9.87340872728744)
(-16.9780449693576,-32.1202639442605)
(28.0120221154706,-23.9640085979105)
(29.4496848208504,21.9457199291559)
(-15.5511055526187,32.9914345824178)
(-36.1452302188838,-9.11838148080244)
(0.747916034744737,-38.6181665265262)
(37.5573340006020,-8.99737639205719)
(16.3709674010155,33.0991295464901)
(-29.3024168284074,20.9205211535763)
(-26.8323140643672,-26.7763604841764)
(20.7421329718103,-34.7256655148937)
(38.9192873708826,9.99089927238270)
(-0.646377096336237,36.9894299261827)
(-34.7724073097504,3.72105545955929)
(-8.44263595559650,-36.5299530475685)
(37.3053588492021,-18.3902143858874)
(29.2560260965693,31.4150668281553)
(-21.8615881764874,34.8813063254128)
(-36.8594201336486,-14.2634393817360)
(7.55559490637142,-39.5508006515460)
(41.3975714698281,-1.70681184924039)
(11.2977379002628,39.0165645175935)
(-34.8486977784999,17.5533078558081)
(-22.9730923453940,-32.6549569251875)
(29.6221463850375,-31.5351375570411)
(40.2748516526736,20.9598707699876)
(-8.89450021559844,43.4131602158046)
(-41.7288040787093,0.618195456955016)
(-7.24981401541105,-40.3208757085530)
(39.7122609840594,-15.0698531059320)
(24.4457158662470,36.3172401695978)
(-29.5760298210533,32.0729424071177)
(-37.1033359730726,-22.0478934048657)
(14.2493607210431,-41.0716339657314)
(43.5822340734733,5.16206609515553)
(4.10275026276189,43.4708781945274)
(-42.0771790374657,12.2610900289259)
(-21.0243698934850,-40.4313142993101)
(35.8716650327866,-31.4576011882908)
(40.0536105407387,26.3454617965565)
(-15.1158757298187,43.3405781965784)
(-43.3763891568825,-6.30941626983006)
(-1.09419491467262,-43.8360502665693)
(43.9167448613926,-10.0293952747847)
(19.5600648918522,41.0206584233912)
(-36.0031332104443,27.3077528487131)
(-34.1294685956307,-30.6672929362739)
(23.5324863072010,-41.2545096285139)
(46.2686785830674,13.2283818997706)
(-2.55850007440206,47.0746826635799)
(-46.2202743854034,5.94878123421581)
(-14.7754903409394,-46.0799390963159)
(43.6015679010630,-26.3442546137839)
(37.1289764116027,35.4761269658258)
(-24.7447319786004,42.6857338628247)
(-44.9343220658627,-16.2045122996477)
(8.64543577426122,-48.2533603151871)
(51.5059040435726,-2.06552466285966)
(15.0667975418975,50.2768526186424)
(-44.4785034847701,25.9289210934640)
(-33.6876205302857,-37.6252045638045)
(30.6000917938392,-40.5975997245943)
(46.8102504555982,21.7352150048706)
(-11.2607991987896,50.5980363168542)
(-52.0640375532109,-0.703799937766254)
(-10.2428650742614,-52.0056219319249)
(49.1878925010043,-21.9356091003372)
(32.2615437818660,42.8397538676432)
(-35.1529999724537,39.8404876946695)
(-46.6429414520082,-27.4153358525685)
(17.1644781666628,-53.4736637289711)
(56.7436795708554,3.36143828788069)
(9.77470161745594,54.2466686522844)
(-49.8198845048084,18.9666982572483)
(-27.4857759246965,-46.9874535347516)
(42.3971518250537,-38.9022910735652)
(49.6064171814484,31.7323253779287)
(-18.0359961178199,54.1524155261621)
(-54.2827504308219,-7.17206079327570)
(-1.65799692951876,-55.3795654071276)
(56.8063196100062,-13.4339766135010)
(27.7441030277381,53.3320346526291)
(-44.3833260404381,39.2014549392316)
(-46.1314649981355,-34.5410517299723)
(25.6486953821223,-51.7920130428604)
(57.4180540566960,15.1509198078067)
(-2.10621392700242,60.4140013865192)
(-59.5103329714069,11.0961704130129)
(-23.1605841762296,-56.2105755414791)
(50.9383881484247,-34.9184920209901)
(45.8333853094289,42.4941376348923)
(-31.4092687618155,53.9060924855364)
(-59.0159214420868,-19.7277330558058)
(7.66974051901043,-62.5175849741770)
(63.9523618106527,-5.83266911303171)
(19.9136137681641,61.7166382087084)
(-56.2206967540698,32.5770016019472)
(-43.7912958207005,-48.9410362764336)
(39.3677064127289,-54.3567877496716)
(62.8003804592754,26.3516358474911)
(-11.3965070660899,66.8651987961172)
(-67.0418933808212,2.78730028118107)
(-15.9490304388030,-65.3518782591411)
(61.7459495834626,-29.3721619168805)
(42.5102351085394,54.8087600097443)
(-44.7945588393399,53.5967470401792)
(-62.3194685039262,-32.9753295684398)
(19.3056846382578,-68.9732083276141)
(72.3471422025308,3.60838585090806)
(12.3341178171056,71.2928865134508)
(-66.9747408475393,26.6285069539270)
(-39.7348963541048,-60.9145599915703)
(52.3690315655404,-52.5336640233216)
(63.6183886725083,40.1913896674239)
(-25.5724284214919,71.0608475191790)
(-75.1230307778619,-10.3995598150837)
(-5.33708244232725,-76.7252005632061)
(75.0234929158632,-22.0422832199272)
(38.2348518357420,68.9585231932037)
(-59.4527255413890,52.1395459661116)
(-63.7940924993946,-47.8267040753169)
(33.8528596191088,-73.4771166354853)
(79.9662877110158,17.3853258103901)
(0.0779349158211050,82.2918197012337)
(-81.1487374196149,17.2828175066833)
(-34.4585552264388,-76.8629545732089)
(68.3482191978016,-51.0525264299216)
(64.8152074162784,55.7222944240848)
(-41.2474841556323,74.8135054266161)
(-82.5335834867128,-25.9794570116769)
(8.43825594254704,-88.2829723509541)
(89.5990760006730,-11.6159884426710)
(31.2816195748163,85.1163527919947)
(-76.7800122356765,48.3327064853990)
(-63.6370335128498,-66.2050353947693)
(52.2168227442527,-77.6952815304399)
(88.2237234207090,34.2414964295087)
(-14.7242236819450,93.5706587432624)
(-95.2169227156311,4.31322810942922)
(-23.8870635644741,-94.3602949532786)
(89.1851551768145,-44.7020535067990)
(64.2887371884091,78.0958201507945)
(-62.6969834090151,80.0116579133373)
(-92.0383838670093,-45.1210597791726)
(25.2800815267480,-100.986966015265)
(105.539635317790,3.06292977117470)
(19.6276694551142,104.670383821397)
(-99.4206167608710,41.2221669066850)
(-62.0493708842807,-90.4102878631858)
(76.4613128595035,-81.6600332769422)
(97.5692650577363,57.5206100030112)
(-35.9005673961661,108.414837292558)
(-115.211008268617,-12.9596613778537)
(-12.1057317703165,-117.882561541783)
(114.121857939086,-38.5456207758751)
(62.8553373122163,103.460712670954)
(-88.7193548162093,83.1732714298804)
(-101.082373272400,-71.4238240903725)
(49.6471857014027,-116.956913029185)
(127.423747359541,22.6780855459657)
(5.98104642589985,129.934524802822)
(-126.233485881486,32.8588624286101)
(-58.2807060872583,-118.670276873746)
(106.417387858524,-83.3100048941497)
(106.176053173454,87.9869074764558)
(-64.4646995876376,124.374041888477)
(-137.463695780827,-37.7045668046623)
(8.03606753095162,-145.376476816413)
(146.572147382117,-23.9297904345627)
(55.6972993854590,140.076292970535)
(-127.040742790541,85.0703971975638)
(-111.691699695422,-108.582439459363)
(84.3713744391675,-134.968080160888)
(152.838939141702,54.6721399715773)
(-21.4380948148738,163.802662948740)
(-167.876790172260,13.6215579003020)
(-49.7561216506663,-164.806398778038)
(153.703976683154,-85.4419158553768)
(118.357751177695,134.825427952826)
(-109.318424932845,147.182396182698)
(-170.985465853045,-77.4993739812583)
(40.0403167790907,-187.543712646842)
(195.271022128445,-0.154062213046338)
(40.6148131972435,195.576575892941)
(-189.551539543319,82.3821802363559)
(-126.167409901984,-173.930811006818)
(145.183919110971,-167.041501069572)
(198.242226987778,106.274158843800)
(-63.7594326662895,219.177627706788)
(-233.803822635662,-19.0740673393467)
(-31.1324871278733,-241.722487022445)
(237.373023507829,-86.2419308769923)
(139.803735564960,218.379685271775)
(-188.326395807372,187.143020584657)
(-228.690660272420,-150.174540769536)
(102.833515528793,-264.447929126820)
(290.745572190553,45.8490995749121)
(17.6245437431621,304.246866375745)
(-304.563483232881,84.1827813907032)
(-152.250507990977,-291.436820817580)
(263.267027841953,-219.538896590344)
(282.013005828223,219.583938334415)
(-161.849759385408,336.225691163547)
(-379.873379835900,-91.4418153393246)
(9.49979510616173,-410.099887530139)
(423.749127088682,-81.5576013899952)
(178.521633604881,418.705680575371)
(-393.241836040571,278.369045148333)
(-377.341837932468,-345.534152852082)
(274.882838144801,-470.916908793070)
(555.144531820937,181.273421148579)
(-64.1631289470470,625.529228261940)
(-676.206534817485,75.3964582304844)
(-234.744376937764,-703.608036652184)
(705.296494089051,-415.754836500325)
(622.178742916045,670.551058988969)
(-586.762258472391,846.483169538479)
(-1086.99740864703,-460.933079669708)
(284.344647529079,-1396.73084604698)
(1841.79612544152,-81.9484871697672)
(917.552677624306,2283.80390860890)
(-2210.50484726286,2336.90699150278)
(-3858.89974563320,-1012.78467161496)
(-1324.24210239515,-4446.20734634781)
(3282.28934322102,-3824.54758746950)
(5069.61194282306,644.069869452012)
(2118.97452772881,4344.27883825001)
(-2241.14027330845,3623.99924857672)
(-3500.27132329029,-90.2354965577740)
(-1154.02035271765,-2436.28883375142)
(1356.64328743743,-1449.97130978544)
(1302.09880664344,693.310324765453)
(-356.315430198872,1127.38444016802)
(-1020.02515651019,-128.386535454577)
(-76.7214337089854,-918.433981142562)
(791.199944905978,-245.287392350092)
(367.355183077082,653.565554375057)
(-516.441117709383,454.426756306234)
(-512.631037300994,-378.086211639262)
(241.101347279496,-540.331175333797)
(539.831583236342,112.621408964623)
(3.61655431482301,516.732327295901)
(-474.748023666072,106.204877739238)
(-192.916455376530,-416.977931824461)
(347.557026380463,-262.105425943613)
(313.352655550910,270.229545590003)
(-188.415752494843,346.247239426612)
(-361.136424821966,-106.076057915303)
(26.2816863694250,-359.687367557264)
(342.891240147381,-49.0930193732649)
(116.845198780525,311.077779620978)
(-267.117107516806,172.749228232009)
(-215.516570570106,-216.112421775939)
(160.911927334875,-246.798117173659)
(266.541398028513,101.788298946201)
(-41.0776620472318,272.584957035523)
(-265.397436397853,16.4686386369010)
(-68.6210369514514,-248.452326145241)
(223.145130102996,-116.170923820368)
(157.763977958745,188.169209243620)
(-144.794270529698,189.119637169561)
(-208.384785806413,-97.9673023610233)
(51.1315898321221,-217.677630391183)
(218.384423939315,4.37709325827102)
(41.4202252275214,209.317409912164)
(-190.434084558340,82.9684857901496)
(-117.987115378529,-164.246831305728)
(132.699361168435,-146.391396565564)
(167.466307910846,96.3444968364827)
(-57.0505278089681,179.538111939481)
(-182.799386208888,-17.8945025797305)
(-19.8724861837386,-178.955552598083)
(168.034213729814,-56.3377408067054)
(89.5985100045938,149.008742085347)
(-123.340965967552,116.483012118929)
(-136.336594823757,-94.3146821773801)
(63.1176536354814,-150.542961242290)
(158.612485760161,29.1359583086419)
(6.17042046656712,158.341515551355)
(-149.660850278526,39.2397149131808)
(-68.1102907546757,-134.955471960830)
(115.745713088464,-92.9970423718911)
(113.508681207684,92.0795247862188)
(-64.8241631663228,128.253492025992)
(-136.771043606820,-35.7311441390741)
(5.79113670774954,-139.220299614606)
(134.965546093789,-23.9702868840062)
(51.1399809835409,123.988445038608)
(-108.453122229310,73.9514436593646)
(-93.2860611761910,-90.2092400305868)
(68.2599709865933,-109.917153796982)
(121.401758932585,41.6095728361489)
(-13.0032195028746,124.815357781605)
(-121.085721899904,13.3873596980127)
(-36.6354911836914,-113.391649735761)
(102.560693974621,-58.2500633528212)
(77.9815689826922,87.2577462289693)
(-67.6237477378624,93.6504174184029)
(-104.207727093783,-45.5979029892360)
(22.4288927251868,-110.035832893496)
(110.974920126182,-1.41900852075265)
(24.6485248081062,106.575936918908)
(-97.5581317582579,45.7300782520482)
(-64.2991742952606,-84.9674084614565)
(68.8571528481867,-80.1521238667937)
(92.0303195109185,49.4632397085609)
(-28.3528057643706,98.9774874849365)
(-101.449451882691,-6.94094601936010)
(-14.5164213759316,-99.7634299024252)
(93.2990099221096,-35.2613012424531)
(53.4726229585360,82.3976476631819)
(-68.7486642949326,68.5077443622848)
(-81.1839268343115,-52.7585373089278)
(33.3220952594536,-90.6931225075177)
(94.3003130539730,11.4694125812562)
(9.00330444794745,91.5813973657212)
(-85.6568873514706,26.1888639139013)
(-42.0125160689611,-78.4473811341497)
(68.1281146366899,-57.6970850120912)
(70.8214505905642,53.3000829811563)
(-36.1388843811558,79.0860959254836)
(-83.5064201697493,-19.0281944187453)
(1.47685164202997,-85.3812158744117)
(83.4162814864792,-17.0445270203919)
(34.4119467717244,76.5140044020693)
(-66.3753717970611,48.6455715230805)
(-60.4778665521421,-54.7331224503686)
(40.8379355634297,-70.6529307001596)
(77.4898930780464,24.1117516217093)
(-6.53639678947563,79.5010262243245)
(-77.7568915574449,9.87172988472278)
(-25.3424202909363,-73.5338402597328)
(66.2399628477799,-40.1781304230205)
(52.9729248425236,55.4836582529757)
(-42.5412527745711,62.6450439135527)
(-69.5652159814907,-28.3389128507753)
(12.7474414267167,-73.5176738914636)
(73.5118805792571,-3.24380714131834)
(17.8902263525651,70.2571509169815)
(-65.2588977445429,31.6269085066152)
(-45.6310524245541,-57.2452399488584)
(44.0941063544175,-57.3339553574968)
(62.6155421597862,28.5974205167071)
(-16.4872334037465,63.1289756961941)
(-65.2238320252771,-7.53929516570466)
(-4.91826101916866,-69.8258131136309)
(69.9045135782770,-23.3258872372067)
(41.1919196686773,60.8503598833367)
(-47.0342275125507,52.3057117207884)
(-58.4435214968946,-34.3577469243068)
(22.2858414108463,-63.8087379146905)
(67.5220335356757,7.84791642297170)
(7.65433227561613,66.5975062272335)
(-61.8221464631481,21.0485378560434)
(-32.4290290090124,-55.6596305664494)
(47.7889486858862,-43.1967401370587)
(52.2173392017642,37.0876111247611)
(-24.9477926374144,57.9774179174609)
(-61.5018184807260,-12.8360967316653)
(-0.368754381047632,-63.5515196874624)
(62.0341872293754,-15.1682529110839)
(28.7023389019298,55.5676322765777)
(-46.5565237575383,38.4709014034360)
(-45.7626478635941,-37.6012134232519)
(27.8889241976983,-52.4214876410976)
(57.3096999583323,16.0080882284282)
(-3.20808234925826,58.7802099572054)
(-57.5352151775736,8.86223833562074)
(-20.5414628935685,-54.4267537489713)
(48.5592235849711,-31.8456816557134)
(40.9979718044642,39.8812512995545)
(-30.3566707736632,47.4159775312348)
(-52.7129385705842,-20.5368198391415)
(8.62482267535228,-56.8036099091588)
(56.9076017206144,-5.12684544453809)
(17.1703562251056,52.4444534739248)
(-46.7305554406997,25.9344997367954)
(-34.0899984296185,-41.5533260900503)
(34.3415403609095,-43.2097079921975)
(50.4588752742495,23.2201523494832)
(-10.6695268160193,53.1989166242215)
(-52.7991803203691,0.492826018685897)
(-10.8056347041714,-51.2477435441899)
(47.8480218450509,-21.2992172313308)
(30.7504619063321,41.7768307045990)
(-34.2337178733434,38.1623427584596)
(-44.3505148755401,-25.8652469853970)
(15.6937224827601,-49.1298020163897)
(50.6859022155588,4.31126603079808)
(5.80677677276942,49.2765540331431)
(-47.4023448400076,14.5796181029123)
(-24.5294656030700,-44.9475876778882)
(38.7573095486115,-35.3900867009526)
(43.2992596616004,28.4400746628379)
(-17.6695696222177,46.7956217668179)
(-48.5788567666678,-8.26028726210094)
(-1.85578383813260,-49.8504562404192)
(48.2845824788249,-13.2615310045658)
(23.2163053971038,43.2195551421681)
(-37.2079648194376,30.8413256161484)
(-38.3527882762208,-30.6530557113492)
(20.8493804504472,-45.3068960373572)
(47.7402027907847,8.34375191380668)
(1.98390819073830,45.2404714021240)
(-42.6131996938870,8.59040262591205)
(-15.7708509699191,-41.9230866268933)
(39.1108538347097,-25.7989373173540)
(34.7983280723207,31.4107474004031)
(-21.9680600597543,39.4774940529758)
(-41.9112925794185,-13.8999622538742)
(5.68790601115981,-44.3652304275358)
(45.1440504777757,-4.24580497161616)
(14.0284165620109,42.8098748364944)
(-38.9471056038727,22.4690283730940)
(-31.0464889934899,-33.7997432406919)
(24.9644851841955,-38.9416935549104)
(42.0997367175983,13.3165699106196)
(-4.09714691155665,40.2753225298259)
(-38.8340327102701,1.09467805211412)
(-7.21395076959804,-40.2249192761688)
(39.8498293121763,-17.2901816497638)
(27.2497395436336,33.9755817549505)
(-25.5874714004720,32.8983004295646)
(-35.9785159665211,-18.4822176904131)
(11.4618593928851,-39.2510627263322)
(41.2618519358947,2.53095816726900)
(6.57651260316834,40.1422862613478)
(-37.4434355673447,14.0720921665008)
(-21.3260614279833,-34.3992188236621)
(29.2524422504722,-28.9356706253618)
(34.5011310858998,21.4816075048342)
(-13.6623813181059,37.2113092291658)
(-39.4002123968708,-6.47477009406587)
(-2.58738317020463,-41.0584816651722)
(38.7096393238307,-13.0832287365334)
(20.4335965758904,32.3205638607151)
(-26.9050738584397,23.5979629998203)
(-27.4205421104140,-24.3021616953232)
(19.9065303019522,-34.2546000150951)
(39.8112695429542,10.7458407311743)
(-0.240105681326920,40.5445232740269)
(-38.5574861093755,8.27476730815983)
(-16.0666511553840,-35.9764200696866)
(31.2476456178091,-23.8911729734579)
(29.2867259921352,24.2459985607820)
(-18.0642427752682,32.1610109831246)
(-35.9120242240499,-12.5885865904196)
(3.73131082412694,-39.9278605413582)
(38.8075501840093,-7.84391552587848)
(15.4996027611056,32.3478226333376)
(-27.6653352788058,17.7325275689305)
(-21.5739717391253,-27.3000280222482)
(24.3297789010318,-30.3667064634749)
(37.3919802814429,14.4256115535172)
(-3.52284252203179,37.3203932718663)
(-34.8441552702200,2.72876872347880)
(-8.16964897257565,-35.1237877066026)
(34.3167768467454,-17.4861313904325)
(26.6104335627701,27.4595940121854)
(-18.1754905543139,29.9012564778018)
(-29.9086696801599,-12.2550227617553)
(8.01546966860185,-31.7896504694367)
(34.0653690378009,1.09902383809699)
(6.92009948904101,32.8460605006642)
(-29.7004482292034,12.4974674771637)
(-17.3013048094328,-27.6462877850165)
(24.4827612076152,-23.9102031188926)
(29.4123801142142,17.5296215866303)
(-10.0391546566377,30.6046834963700)
(-30.6714529016510,-5.63466231058849)
(1.17336328273759,-33.4575788208000)
(35.7770176808593,-7.63527232903947)
(18.0243730214898,32.6001165156593)
(-25.5491492120966,24.6280374172741)
(-27.8756827809253,-19.3169510103060)
(13.8104438777378,-31.1850262473889)
(33.9500341266242,6.51388608059791)
(1.42103679964522,33.8753586664021)
(-32.2585875844075,7.83348987729978)
(-14.2336288523040,-30.7669355758471)
(27.1178778080476,-21.8589956087240)
(27.4394649619689,19.8231817944897)
(-12.6365866239456,28.7169817201509)
(-29.3626451391258,-8.39983026937021)
(3.49499091099987,-32.4001397642194)
(33.9605784923822,-5.37245440186736)
(14.2215290118067,30.0795651641764)
(-24.3287947242651,18.4332407337502)
(-20.9991923436472,-21.4895368391102)
(18.7675554421877,-26.6238628148152)
(32.4747259652095,11.1599797178786)
(-1.09420072949024,32.8886933434307)
(-29.2557569231779,5.45601787168004)
(-8.83808719566041,-27.0796045044373)
(26.4647720808672,-13.7089698170647)
(20.1844037449374,23.3912621477227)
(-17.7246348583714,24.6889793249374)
(-27.1116349002278,-12.4460314886608)
(7.21234276416558,-29.8201876414481)
(31.6855988754875,-0.265175372136553)
(8.42489473955785,29.8618946636940)
(-25.6050029106041,13.8833736099380)
(-17.3113917142643,-22.2135186522030)
(19.2190552516368,-21.4962989081652)
(25.7846820213916,14.1906183660901)
(-7.89048537494043,27.8681070885791)
(-28.4718771335800,-2.31999952446892)
(-3.53330966217230,-29.0147092837990)
(27.6477811134288,-10.7600164788308)
(16.6006017786889,22.9213425319820)
(-18.0031587391188,18.8329219580773)
(-20.5692068567976,-15.7474342118461)
(13.1537957172421,-25.0770872881248)
(29.4888070526958,6.46247093713013)
(1.95326116920168,29.5228343133311)
(-26.7085679803680,7.75714715827369)
(-11.8862286652185,-24.7755540552960)
(22.6688383655441,-17.3272090170313)
(22.4915078957940,17.6676489970026)
(-11.7205194716374,24.5059760197809)
(-25.4529983422204,-7.79578762022215)
(3.48372215703355,-28.2882992538362)
(30.0122223883019,-4.52586977097743)
(12.9222571524136,26.3812020705203)
(-20.3105798411259,16.4260016095918)
(-17.1149226177151,-17.6640567138182)
(17.1435755260710,-21.0393178975168)
(27.6245901889961,12.5472475999750)
(-3.44869012215138,30.6397974163383)
(-28.5048979917378,4.49841849639901)
(-9.08113039772984,-25.6498307707451)
(24.0412366191181,-13.5568233254105)
(19.2626241786272,20.9114241690559)
(-15.2215497318437,23.4341350414573)
(-24.9662804619644,-9.58614327780944)
(5.02744934789456,-26.0390099788281)
(27.2664123014847,-0.356077432906766)
(6.85563042747666,26.6524046514327)
(-23.8648813586980,12.3941255608978)
(-16.5862291102989,-20.6936431735325)
(17.1439024244857,-20.8617400157797)
(24.6064873249754,11.6756053819761)
(-5.15571251206388,25.7318153770218)
(-24.8313632779459,-0.0738670278544457)
(-3.84294444191418,-24.3332684683638)
(23.9417130456543,-8.83203047837825)
(14.4370076628194,21.3429994552283)
(-16.9224946819508,18.1197225443956)
(-20.0322417334178,-13.2551695869401)
(10.2740232207271,-22.6505311059898)
(25.9043786923107,5.42021609711482)
(1.52634169044291,27.0282385125158)
(-25.2036921542835,7.95550103429621)
(-12.6970713407224,-22.3351564571659)
(19.2848185346017,-16.9039568159758)
(20.7952720150143,15.1140791709298)
(-9.95856108193914,23.2055510996323)
(-24.2574020171810,-5.09511334085922)
(0.312999619126851,-25.0539541592350)
(24.9702046020190,-5.44833146704204)
(11.1987843708021,22.5554927475000)
(-18.7277639907510,14.9575171759601)
(-17.3015312682886,-15.7125597750328)
(13.1493139453721,-20.4832828751492)
(24.2740254455110,8.62577243590839)
(-1.94886447071486,26.0159494670762)
(-24.7993820557172,4.35581631990087)
(-8.89287429119507,-22.4791225888863)
(20.3458182858589,-12.7801232219520)
(16.9238299589369,17.5920193435036)
(-13.4632642643485,20.5322824036375)
(-22.7846416730661,-8.56565807454909)
(3.57890802394925,-23.8877722551768)
(24.0752451692074,-1.51191817429533)
(6.60640952151702,23.1350416796673)
(-21.1084337633593,11.2842971423160)
(-15.4378071955793,-18.2724230993982)
(14.5567193717122,-19.0644334825198)
(21.7120450395029,9.92516330106238)
(-4.93868112528659,23.0071648207898)
(-23.2500931953532,-0.137674372937950)
(-4.56907938554863,-22.7741394337148)
(21.3665368589861,-9.28076351572249)
(13.6068880165617,18.8666429013582)
(-15.5429168484486,17.2449640651317)
(-20.1972072541843,-11.5240418295434)
(6.78222313661383,-22.1784539422411)
(22.8169568631658,1.80214908443209)
(2.82055579953708,22.4487542462334)
(-21.5440674081248,7.31893455489867)
(-12.0199677559035,-19.6184589318778)
(16.1315357325137,-16.0869990351715)
(18.5673157405716,11.9525102967795)
(-8.21124636889530,20.0948316033355)
(-21.6981516193752,-4.36396647495077)
(-0.614111149817077,-22.6675858366241)
(21.7259256901858,-5.93954617842400)
(10.1619550046303,19.4226568521136)
(-17.0007035101928,13.5999704422913)
(-17.1446303229016,-13.9694465292234)
(9.47377386112120,-19.8339077795966)
(20.4883960023368,4.80579435817315)
(-1.47658083656753,20.4509708455432)
(-21.4267715871571,1.89578657065482)
(-7.33103072059889,-21.8960196906614)
(19.2745264698001,-13.3979155374796)
(17.0786291937193,14.4210650484648)
(-10.2098251967313,18.4963710947434)
(-19.9324939862492,-6.84218642725231)
(2.52337475308920,-21.3994994209362)
(21.2349150071382,-2.47938770550709)
(6.57191695052784,19.8048597730945)
(-18.4525587423066,10.2802045020427)
(-14.7695077758311,-16.1591904851547)
(11.4909202432800,-18.4366716603823)
(19.2672436236834,6.23772106819101)
(-2.77406321573135,18.7908713125272)
(-19.2853686849802,0.187393947007456)
(-4.68722492753697,-19.3395499177387)
(16.9341371375842,-8.98516843548517)
(10.9378968921969,14.0432070186733)
(-12.8177552833781,12.7108744762932)
(-16.3819972960108,-10.6573434868258)
(5.32172433235008,-18.6143839285122)
(16.5769491216362,0.946888428102391)
(-1.34479333783769,15.0519500525575)
(-19.2032739602889,-1.35337138860889)
(-5.91749136996731,-24.0279656558082)
(20.8897274628699,-16.5584182573590)
(20.9366786663336,11.7055948722502)
(-5.82981933004560,18.8533818011529)
(-18.4589876307944,-4.77083597042039)
(1.59973022710106,-21.5560657287690)
(21.9258731432236,-5.31869687585320)
(10.1649191981752,18.0595845077041)
(-15.3622632920601,11.5927135033227)
(-14.7132795779675,-14.7320382005194)
(10.9007461672118,-19.8684529445933)
(21.2716529117953,3.74696203383699)
(0.529605680078841,18.6118588134829)
(-18.1892080438245,1.41374662481086)
(-5.29117003799152,-20.4618669378404)
(18.6664706375785,-12.5109367983069)
(15.7635245800599,12.3029203725350)
(-9.11595525286937,14.1950578480142)
(-15.9250130938584,-10.2782021300356)
(7.09481109630932,-22.4936853978397)
(24.4866478515213,-2.75396633018717)
(9.42041810417197,18.2984962479619)
(-13.6550654903230,7.85104608892443)
(-7.25607776030945,-16.9298241109510)
(19.6737015273459,-15.3034735654025)
(24.8279712467835,12.8735360327706)
(-1.58498104770590,25.9045642190956)
(-21.0383670146786,4.52243550126473)
(-5.94486567062189,-18.3747354508267)
(18.2313441276779,-8.80602442893019)
(13.2855534363933,16.1427593929088)
(-12.3779618978828,16.0273394644848)
(-17.8033913481791,-9.44415319411555)
(5.88347333033591,-20.4538572791555)
(21.7180736444167,0.126822928378957)
(5.01843205647110,19.9347739399118)
(-18.0808244022066,7.88794027401885)
(-11.6813314258820,-17.4383874638558)
(14.0767017294797,-17.2446619579956)
(19.5581024841313,7.07034114815564)
(-2.31640290625888,17.0139631431157)
(-15.9016968033931,-2.28320904467493)
(0.544927762077705,-19.4267083543728)
(21.0735679295631,-6.85342964638071)
(13.5396235735967,15.9720601735773)
(-9.87934603134337,13.8152202477461)
(-12.5374532045139,-8.83782676644455)
(8.71247147927087,-15.5956663075087)
(19.1976409411044,3.90717377479041)
(1.91463309564412,17.9394739527242)
(-15.4410305770252,3.48608732817943)
(-4.55687085345296,-16.9009178641991)
(18.3116315630672,-10.5807035371825)
(17.5819377606261,13.5422529527237)
(-5.87322867086757,18.7685158432933)
(-16.3028038676016,-2.10012486784328)
(0.868852275853526,-16.1952576068981)
(17.0850595922794,-2.80121094056825)
(6.85945990460387,14.6048295790198)
(-11.7036225060293,6.85875499377127)
(-6.44923882379600,-13.5617504325046)
(16.3681066081277,-12.0614555912923)
(20.6282164005998,12.2847670828819)
(-2.67039463837753,23.4683754099816)
(-19.8957189218394,4.16603647460747)
(-6.15734183210171,-16.7415795576837)
(16.2997334808009,-8.42960293934474)
(12.7664388254028,14.5750613087062)
(-10.3060855632307,15.6953407158697)
(-16.2553852385534,-6.59500880487664)
(4.07108105564346,-17.1272105437646)
(18.4552974676609,0.319147455965745)
(4.41032292145386,17.8195253794627)
(-15.5978538946803,7.67883607370092)
(-9.94149879195880,-14.0080871897398)
(12.2684713762503,-13.0972418464618)
(15.8425142916256,8.59179997788780)
(-4.72951749559057,16.2853080177545)
(-16.5331103333377,-2.66918743212422)
(-0.200266088696442,-18.6712442713624)
(19.4314280046865,-6.39432416672033)
(12.2502776804063,15.3922376229047)
(-9.98989288844911,13.3394805697801)
(-12.4251714697742,-8.25524644838892)
