78028717949218948398892829.
0.040000000000000001
(2.69400126046129,9.16265199542173)
(-7.29873023923590,6.05007747184892)
(-8.54547592527110,-4.38586600964779)
(0.512812841768165,-9.76590439568587)
(9.14149033313901,-3.57800564294517)
(6.93516860665095,7.01386399194523)
(-3.86917313802173,9.51764119302901)
(-10.9698868152844,0.773352263246471)
(-6.40901634383655,-9.40143183585345)
(4.24686261209387,-9.82594625228737)
(8.73594647831643,-0.991231091351133)
(2.67560462220597,5.90412913493970)
(-5.50643572144938,2.58363181177632)
(-5.03852743843597,-6.41713040133341)
(4.02129563258228,-9.41814871198838)
(10.7873784240271,-1.92275641084850)
(6.73848167192875,7.70912117498549)
(-3.79424467750106,8.17160413089696)
(-8.57565232132056,-1.13322713356606)
(-2.06334331385879,-9.16566236673055)
(7.83683816547845,-6.33834450692859)
(9.10206509428176,3.95618389684139)
(-0.00411087040783219,9.26887958233129)
(-8.69967499227797,2.95170935698798)
(-6.45737197056243,-7.74995452272681)
(4.34851585181884,-10.1616131284079)
(11.0750587525696,-1.26449402950105)
(5.75342973937077,8.56942742357458)
(-5.37822502985480,7.77858992256188)
(-9.18046518548286,-2.65546117937669)
(-1.19122197092779,-10.3026585726369)
(9.02127858318433,-6.01341133982756)
(9.17495943337598,5.16894442538193)
(-1.11342287286321,9.92964639837381)
(-9.79803816692673,2.48479309796791)
(-6.66518631908171,-8.49178182996730)
(4.50671541465945,-10.1082370075410)
(10.3651635654577,-0.569326747494816)
(3.81033934548143,8.61647255729905)
(-7.51647847406060,6.22026209499335)
(-10.1827906972058,-5.38663893903834)
(-0.799074752483682,-12.9548201715492)
(9.98014324554839,-7.91766239749628)
(9.99383312395801,3.59642684312695)
(-0.198644586825369,8.07776691700959)
(-8.16686356933878,0.535178939285322)
(-4.37905301864110,-9.82531471900002)
(6.68652025025366,-10.6986621613521)
(12.1394222973425,-1.20969596184002)
(6.08747344962812,7.36187899972178)
(-3.58750937649025,5.28424785328362)
(-5.01914281959523,-4.05202384855739)
(3.23452776494076,-8.51174476906728)
(10.5398622337075,-2.12345059030932)
(7.23291456797219,7.54107081632846)
(-3.42812309335851,8.47159452359320)
(-8.91589521284522,-1.12496574510669)
(-2.43707017326823,-10.3275278732602)
(8.70973104600602,-8.34536241354392)
(11.5848281070684,2.56963440333411)
(2.92125368848870,9.64638704715528)
(-6.96124669931386,4.67901976881664)
(-6.38955306368401,-6.25541913740467)
(3.80427074496574,-10.0539653775754)
(11.3124240979658,-2.20560359075316)
(7.05486559994030,7.83764054641228)
(-3.96919831751938,7.94182739913725)
(-8.61790786031516,-2.22958621514478)
(-1.23919397496738,-10.7985060236303)
(9.64385819833005,-7.78321110768665)
(11.5203830054285,3.12098524548052)
(2.72243840083333,9.10710964845729)
(-5.81566172668796,3.60434376438377)
(-3.86512266073068,-6.01700339863451)
(5.78728532299466,-7.56215594026361)
(10.8344327304306,1.10846955546647)
(4.50105042417847,9.41755282643073)
(-6.04854165330644,6.88229417621024)
(-8.18982561244535,-4.03746236361276)
(0.913702381566184,-10.6379748393961)
(10.6872614716421,-5.12970524402034)
(9.67016309869113,5.92409059016740)
(-0.740197827514757,9.35005225831526)
(-7.88258726055145,1.14358218644588)
(-3.00411742070981,-8.64256436555598)
(8.12461788960018,-7.90074390589097)
(11.9840820263877,2.91430257438596)
(3.50559980868276,11.1222643244285)
(-7.68455902030386,6.87049936243587)
(-8.58593024290200,-5.01986309331883)
(1.69475255653139,-10.6533178708636)
(10.8010518588705,-3.54264609109074)
(7.77017027903090,7.66197630798747)
(-3.97234118206046,9.44728166723116)
(-10.7689406316793,-0.550161977407571)
(-5.01635639026486,-10.9307488035810)
(5.97986711261954,-10.3719450019608)
(9.18663289759864,-1.18331245354238)
(1.88849634948466,3.82786361398483)
(-4.95059938782117,-2.60108821864701)
(-0.275170045519228,-12.7922294239211)
(12.9323324541192,-13.1042927305524)
(20.4124540611768,-0.741859088095154)
(13.4821987505788,12.0324502685699)
(-0.143921627616722,11.9287188213982)
(-4.98487333586106,0.483157002319932)
(3.90916891521290,-7.43496461978851)
(14.7995146263938,-1.22727130014155)
(13.0562225823546,12.4578073584035)
(-1.09277837593756,17.1670363735374)
(-12.0971633657613,6.20973694499580)
(-7.03839306148819,-8.73118416796838)
(8.84521414367923,-10.5907966653006)
(17.5703315223568,3.26471945907352)
(8.89259202255604,17.6016851308710)
(-7.87232215012001,16.5746238081772)
(-14.5505760377262,1.75736313455241)
(-4.92862433717601,-9.99863572879500)
(8.54340284162421,-6.27044928614714)
(9.80003644593661,6.78603490330618)
(-1.91822368897064,12.2866273734513)
(-11.5333666100217,2.94505114150535)
(-6.39662142981330,-10.2542882350164)
(8.44367228025768,-11.2132205820288)
(16.0855622276974,2.02303207717722)
(7.73027853134186,14.7954821881854)
(-6.95522053024844,13.0386684820841)
(-11.3080832903686,-0.286152039518640)
(-1.27279263577287,-8.96928592304511)
(10.1233651683132,-2.90622795424056)
(8.57952726544501,10.0559673186332)
(-4.36343525533294,13.7778414006361)
(-13.3045630261188,3.29710349311850)
(-7.56695167572065,-9.21968959417325)
(5.94197785048763,-9.11481082614949)
(11.0112262568474,3.12964379325377)
(1.61088464870529,12.4390675892072)
(-10.8091326098206,7.25273689244851)
(-11.0242412326261,-6.51183966737706)
(1.62770318024787,-12.4451862014355)
(12.2906354665858,-3.31256016106619)
(8.28385025459811,10.1406011576523)
(-5.66222537443704,11.8958192069808)
(-12.9229676117312,-0.204744163793023)
(-4.78241921429598,-11.7865991240401)
(9.10353928813093,-9.04143241027678)
(12.1672626838276,4.75414174150116)
(0.721835998703614,13.0738608746001)
(-11.5540522998097,5.85295774135662)
(-9.88667836948146,-8.42608755076612)
(3.92569353312264,-12.7718543952974)
(13.5754356949111,-1.94782732020282)
(7.66207614309035,11.2261919023957)
(-6.68347380957876,11.1302120460558)
(-12.2840176659548,-2.00399532411855)
(-2.44164058565174,-12.3463279752298)
(11.0183166453041,-7.39435036920439)
(11.8684485360833,7.01957076400364)
(-1.05703480818253,13.6420190459015)
(-12.3669191681124,4.45682179094749)
(-8.48679309460717,-9.61205099612839)
(6.01128359941931,-11.6690586744292)
(13.7329297035269,0.906936170111257)
(5.22297766138415,13.1712310736985)
(-9.60740088831782,10.3628185560343)
(-13.1620509418595,-4.40590289469966)
(-1.14424660255712,-13.7098253416207)
(12.2048285026265,-6.52399765698628)
(10.9948518584948,8.56966553104084)
(-3.34884189786724,13.5266066374725)
(-13.7076669087536,2.34852786389197)
(-7.65698423209656,-11.6943345183657)
(7.65698352693049,-11.8401826889929)
(13.9696839786111,2.13487912658668)
(3.68995697534602,13.5696359275667)
(-10.9711949679106,8.76849254034569)
(-12.5238411827942,-6.60051102835549)
(0.885795305186168,-14.2078479531039)
(13.1789097607448,-4.96722130671465)
(9.52877468423941,10.0077284400811)
(-5.82366208558770,12.5965250465049)
(-14.4863829351993,-0.626062719548733)
(-5.84633559482174,-14.1236804115943)
(10.1259256347649,-11.8178495698844)
(14.6021122438146,3.68192906774392)
(2.30912637603783,14.0419886095740)
(-12.0967318742535,6.97528172654965)
(-11.4146625689205,-9.08115027106065)
(3.59481545404020,-14.9591583499684)
(15.0682093465776,-3.60715738234199)
(9.33487557978216,11.4535780026624)
(-6.71996929226933,12.2400619025907)
(-13.8244894997798,-2.17343263082596)
(-3.36777836536853,-14.4616442070726)
(12.1948716144434,-9.72628536249944)
(14.1287483762057,6.59057009343123)
(-0.142193686454088,15.0456286520241)
(-13.7742400266463,5.37740241897548)
(-10.4808024441447,-11.0998808423255)
(5.97752238570220,-14.8152014125796)
(16.1056521651481,-1.24332570732223)
(7.80865268192376,13.5846825397771)
(-9.15447721716668,12.0582139241560)
(-14.6920853235546,-4.05721789588538)
(-2.25239002922095,-15.6667899223902)
(13.3691950405070,-9.03319779781335)
(13.6310135033984,7.88928888134447)
(-1.69161549065223,14.9534617379745)
(-14.2888354348421,3.83925009750984)
(-9.20572368235048,-12.0664849503504)
(7.30884710480119,-13.7278390071217)
(15.3341118689491,0.747478840623305)
(5.17891552167803,13.8635660994154)
(-10.9813366992886,9.74604971047486)
(-13.7157775633695,-6.76952464132873)
(0.292005655489758,-15.9085832120312)
(14.1934614980280,-6.73333796262271)
(11.2099797238882,9.62177896185759)
(-5.09613624894111,13.2698691550457)
(-14.9739962452641,-0.435644924762169)
(-6.25545684276976,-15.1233110437502)
(10.7932889476515,-13.0149654266252)
(15.6219033140825,3.49660399531922)
(2.21996381014009,14.4067756312849)
(-13.2498105679279,6.09292209379410)
(-11.5751516664200,-11.9213081050668)
(6.22408084312615,-17.8671786661160)
(19.4963378507423,-3.72005214072875)
(12.2324781614455,14.7239136460074)
(-7.67406498400057,16.1230334836918)
(-17.3567476813485,-1.15479142871549)
(-5.87438861130777,-16.8750128333044)
(12.7792401958143,-12.7596196384265)
(16.2171644030510,5.82997343072913)
(0.299457217206857,16.2226086692172)
(-15.8297545911681,5.45712465330824)
(-12.4962445073053,-14.1111327930493)
(6.93015194504989,-19.3675279779235)
(19.8380888128984,-4.00835282562758)
(11.2602882222976,13.7599929501181)
(-8.12824673898322,12.8179884365962)
(-14.5680661819368,-5.53244181977073)
(0.354763974716682,-18.8229954117538)
(19.2789360412501,-10.1120870106777)
(19.3908743367040,11.5056695600117)
(-0.371431211342566,21.2091485204179)
(-17.6366234692636,7.70371686129173)
(-12.7844926231800,-13.2132375501005)
(7.84382952180095,-17.1044099345785)
(19.3261623922976,0.250831857137891)
(7.62122974200383,17.7724365292957)
(-13.6921789655129,13.9664327118045)
(-19.3222690872774,-7.55407060947308)
(-2.11993303098239,-22.1492415544196)
(18.4128946418594,-13.0934430180207)
(19.0411955870753,8.81865502325188)
(0.0157859772998835,18.1485571640536)
(-15.5777371073868,4.82792636601050)
(-9.39623210581129,-14.2819953650247)
(10.5226279204520,-15.8391397498833)
(19.7114781842473,2.04767589134713)
(6.75535543812914,17.7180950092289)
(-12.9952415109596,12.0763926779956)
(-15.8511349266986,-8.40474038196053)
(1.75266161148690,-19.3627712280016)
(18.8906907184467,-7.72777029864682)
(15.1694080829683,12.5661941993659)
(-4.81595994269913,17.2401402047986)
(-16.9643905783807,0.802613219990035)
(-6.62378847453744,-16.8063535913241)
(13.6966457922893,-14.1655952558060)
(19.2590394912718,5.72921688938258)
(2.93956175027801,18.8221567781183)
(-15.8644976485409,8.85157585295557)
(-14.2518116794323,-12.8037218965974)
(6.57501344383386,-20.3285095110610)
(22.2927684452042,-4.27552667329393)
(14.2370606625213,16.8306216565169)
(-8.21631457021128,18.2676288101926)
(-18.5776288008411,-1.44624491249928)
(-4.74179609369095,-18.6321567595826)
(16.4580175222323,-12.6138490840338)
(19.2222145336305,9.48325365000942)
(-0.325676151638104,21.0251224142337)
(-19.2273552531707,7.62099710031329)
(-14.8722152847124,-15.4738167840075)
(7.97805254505867,-21.2590310469235)
(22.6500412003940,-3.06863448742183)
(12.2089491797744,17.4250995100383)
(-10.3800620225124,16.0020946485074)
(-17.7619699478284,-5.18523995282391)
(-0.995563207435409,-20.1807358163274)
(19.5867145967136,-10.3997258682628)
(18.6793703772398,12.8170014995209)
(-3.42052078315299,21.4793150479347)
(-20.6806104325246,4.49438582968316)
(-12.2010202398880,-18.6038602243054)
(12.5798703897623,-20.5141387332517)
(24.6602366505447,1.30606715501409)
(9.79119616190083,21.2780327239664)
(-14.4251542516020,15.8614669617985)
(-19.2456794763655,-8.44504650408758)
(1.09030624553019,-22.6896202104468)
(22.4301384375332,-9.83703986682591)
(19.3923126464427,14.9169958605148)
(-4.38395127287142,22.1948293092984)
(-20.5328789722034,3.47002097008646)
(-9.81693460909421,-18.7036962432070)
(14.8170903124581,-17.6117773041880)
(23.6348252271059,5.59929590288043)
(5.72595577704051,23.1393089162130)
(-17.7480735116456,13.7778236251413)
(-18.7230898886309,-11.5845831675809)
(4.10073757141420,-22.7351555395491)
(23.4545610477542,-6.28678781552293)
(16.0161669597276,18.0641607249208)
(-9.48752739444934,20.8859341337021)
(-22.4011652504470,-1.68022315513955)
(-6.73729693825485,-22.9405181352020)
(19.4110206978725,-17.3136302993913)
(25.1369458520367,8.96474103916391)
(3.59512172464717,24.9500121591757)
(-19.5740216017684,11.7878237802687)
(-16.6647951149132,-14.6108553385772)
(8.90718132759362,-22.3432706775511)
(26.4084987976211,-1.64109526370315)
(14.3859760344971,23.1653374352622)
(-13.4884900804210,22.4430966316990)
(-24.4040024189352,-3.30243140756656)
(-5.46675847582811,-23.7406340375067)
(20.7490034472722,-14.7237512931851)
(22.9718944084993,12.8403389528594)
(-1.41713610330516,25.8892185783634)
(-23.1406729963721,8.72500532733545)
(-16.0283998716861,-18.0541746670320)
(11.4607568871956,-22.1031299562062)
(26.1176673987213,1.77027396080602)
(9.78323264535119,25.0140468931151)
(-18.5180328176723,19.3382862492263)
(-24.9781885917907,-9.14968708418063)
(-1.52984256170410,-26.7929859699668)
(24.0689571575092,-12.5176193877729)
(21.1559408249012,16.6183234940607)
(-6.93573978358433,25.4335857514268)
(-26.3737279108572,2.77207170140640)
(-13.1317521157394,-24.6188496895807)
(17.8270664271540,-23.6415995620307)
(29.7902905168608,5.38110515727605)
(8.01507716555864,28.3986929511291)
(-22.1373827307054,17.8205890516523)
(-24.8175617073050,-14.3453513191083)
(3.69299674384924,-30.1991254295898)
(30.1547313585860,-10.7456453280157)
(23.5514035084405,21.3688471791182)
(-8.06079140180096,28.5519298232959)
(-27.0582505829339,2.93706848617995)
(-11.0993490860473,-24.2140273070262)
(20.0901055068185,-19.8827120153941)
(28.2354375107548,10.9921454938565)
(2.54352133156927,31.1138411151285)
(-26.8625523935903,15.4789656581115)
(-24.6658200890454,-18.1850872510026)
(7.10675351916011,-30.0359427631835)
(30.8419450639007,-5.71899277945696)
(17.9639609403172,25.9078041902230)
(-16.5582520522450,26.7129209017121)
(-31.4389453490160,-5.06787988356468)
(-8.15808690336853,-32.0932731846092)
(26.4887311256442,-22.0012372146061)
(31.7608867136983,13.8461929056518)
(1.40442198407002,33.4103705231390)
(-28.6045689363994,13.8115721776735)
(-22.7012776084929,-21.2776859397519)
(11.7782795257255,-29.6847163192291)
(33.1479376002028,-1.16153775196759)
(15.2004886685011,30.0550828144913)
(-21.0673718870182,26.0079146045161)
(-32.1453845269492,-9.27237327029607)
(-4.11212657515580,-34.0006385989573)
(30.1516202415328,-18.3604289338560)
(29.8028012089514,19.4711553627943)
(-5.01196636687421,34.5004933808789)
(-32.8117163963692,8.61581795500931)
(-20.1245973610592,-27.3149760087996)
(18.1366819304667,-29.9610849069335)
(35.9694016319455,4.44334904599872)
(11.2739113232609,34.9513886030595)
(-27.0897496357967,24.5462576003155)
(-33.2046373237003,-15.1489155619705)
(0.870696504550226,-36.9996509513521)
(34.8510620433951,-14.4881582696610)
(27.8583985169790,25.9986411647556)
(-12.3983158877070,35.9935102887924)
(-38.0536145469662,2.88230767644841)
(-17.9844944624513,-34.2899463620673)
(24.4280950478606,-30.8961499732336)
(38.4417531729294,9.64419168999056)
(6.51988151255011,39.0518871273991)
(-33.8948551674370,21.3893444222139)
(-34.2713124783565,-23.4872593748298)
(6.99258244258244,-42.6558022716120)
(41.8055931302664,-12.9084474282661)
(29.1003907081881,31.0398161339245)
(-16.0200704737986,37.2615600038123)
(-39.7064636664925,-1.52843464608035)
(-13.3952126725665,-38.8060529600501)
(31.6987192196024,-29.4469114150663)
(41.3948528938953,16.0805784457245)
(3.40617844625280,43.6209490124229)
(-37.3202905821321,19.9273335982607)
(-31.9366708026452,-27.0029302234015)
(13.4780799344082,-40.7725881826417)
(44.3824540964350,-4.19311539612043)
(22.8249534722117,39.2692977415022)
(-26.3497588624838,36.8944192749967)
(-44.2497701676950,-9.71379125771862)
(-8.40533392273098,-45.3692699980711)
(39.2459621170998,-26.7760878188984)
(41.5136584910727,24.9219409299670)
(-5.40683238215136,48.1755070933700)
(-46.1524528063891,14.3047724113620)
(-31.5742526637748,-37.2417591255466)
(21.9733715339107,-44.9206444695590)
(50.9585499370940,1.31624516034910)
(20.1509858616406,46.9016539428077)
(-34.4385753848552,37.0297742414627)
(-47.5055307688529,-17.3955160322383)
(-2.49832896646195,-51.6023950715854)
(47.4801894887761,-23.8952366045873)
(42.2492713980623,33.6435542439144)
(-13.0668363317154,52.3076338916424)
(-52.8612865722153,8.82805461030823)
(-28.8782870547171,-45.6171096470414)
(31.2185169648010,-45.5419585744363)
(55.5773429759937,10.1529567637565)
(13.8932625803439,55.4344169657850)
(-45.0789070629584,35.3363167918244)
(-50.5839181735189,-27.4261438743987)
(5.19981394564349,-58.0892465650978)
(56.2325062235070,-18.9272463186731)
(40.6433289926443,44.2714261800594)
(-24.3717215271820,55.5021242035978)
(-61.3421541595527,-0.307292681132598)
(-24.6593442898415,-57.4773067176228)
(43.4028499095076,-46.8708303493713)
(61.4349361866097,20.5755181092847)
(6.27505688186168,64.8792706723535)
(-57.3662569127948,31.8241626919153)
(-52.7043225897527,-40.7519280292966)
(16.5951205499737,-66.1100980251381)
(68.5347028550913,-12.1159642962883)
(39.6737666540688,58.2996789536257)
(-37.6046245863629,60.4376797062387)
(-71.4030525173041,-10.4151665503764)
(-19.6177829396626,-70.9240451725940)
(57.7242933349943,-47.8192950256281)
(68.0275517313323,33.2768386234961)
(-2.89662649228239,75.9552948984020)
(-71.3853173223931,27.5568837460835)
(-54.2868282546892,-55.7876086860028)
(30.2813049708104,-73.8298876067737)
(81.6784369048833,-2.35427328908951)
(36.1107312590069,74.9313983334040)
(-54.6978286940500,64.2909739000508)
(-82.2334172938639,-24.6443591452980)
(-10.8348851938000,-86.8932350783893)
(76.4370442042995,-46.0621482550854)
(74.2778671269303,51.9544916420976)
(-17.9090231778397,90.2138308636005)
(-91.4420743062242,20.0429836550649)
(-56.2490036546096,-77.3103003820260)
(48.9867463287033,-84.4359805208669)
(98.8153026377005,10.9135049871811)
(30.1296402082995,96.6912080244286)
(-78.4501574563225,67.7700127941790)
(-96.2607666656032,-45.7786681632497)
(2.56549666543752,-109.410350789746)
(102.934407170691,-43.3142486410624)
(82.5872806575279,77.8964583649539)
(-39.2918687732964,108.962666439840)
(-118.823071759277,7.67232831699627)
(-56.8696704070082,-108.763019311167)
(77.8702974702406,-98.8943548306993)
(124.328390897364,31.5531379616971)
(21.0297437950084,129.136731875029)
(-113.544600490345,72.4276222287535)
(-116.093727480228,-77.7771329712872)
(24.1918283226824,-142.701995504373)
(143.669590521614,-37.7287849589821)
(94.4831920618311,118.371623476317)
(-73.1373043107503,136.737585181901)
(-160.062047827765,-14.1272669153825)
(-53.2457691896259,-159.335582248232)
(129.333482204136,-118.690953152501)
(167.538641838752,71.8410791625817)
(2.73496855875817,188.533244055570)
(-177.648518886785,81.3394100576215)
(-151.891468228317,-135.277411491625)
(65.1842307331668,-202.085587085935)
(220.575207076424,-23.1153648716740)
(115.133607981319,201.303910756592)
(-144.799335240176,195.517221463804)
(-249.931569142142,-56.6929733897918)
(-51.8546269570349,-265.674145979409)
(234.999335004219,-163.821026427323)
(259.772568254808,158.167650727864)
(-42.7523814423966,321.618568935639)
(-333.950127122901,97.2168071194068)
(-241.001081855032,-286.786589681170)
(179.249221857582,-364.281544942658)
(443.491473242588,18.9861076991452)
(178.520955091060,456.250055549609)
(-385.267013098867,387.117796205941)
(-577.256167917453,-226.143723593287)
(-27.2356950978595,-728.968933521298)
(799.366807039013,-411.901447536032)
(945.297592776219,644.027969874655)
(-46.0237704110716,1454.22564411358)
(-1492.01908815291,1011.89361795051)
(-2047.88731202092,-635.998998626725)
(-957.515028979806,-2236.34155885962)
(1118.96811351180,-2375.04737858456)
(2575.15471772966,-786.463367148608)
(2255.04272112880,1337.78919223133)
(474.675734760698,2374.92289191201)
(-1294.08704305478,1678.36890251649)
(-1754.80564384271,54.7501329782483)
(-859.777411410519,-1078.89858644250)
(333.698856923948,-984.485882729997)
(766.638537868390,-115.183710832615)
(307.529248195765,522.324667299830)
(-330.436205948592,398.505345470458)
(-447.113238056550,-149.091587134255)
(-35.2538812021865,-435.350105553114)
(355.256851857055,-192.552636041941)
(295.812968742243,228.688817384044)
(-83.8901681714911,337.482246245390)
(-320.417174537159,55.4636024518293)
(-169.042676502123,-254.092556954252)
(154.713185411414,-242.179431234150)
(268.420521940183,41.4801411548461)
(66.7537404249571,248.610138862502)
(-190.414028584643,153.215990883671)
(-206.416462768027,-107.337909701919)
(14.7384666201772,-221.921296765353)
(200.480435159438,-72.9355553575134)
(141.921864389823,147.439716384527)
(-74.2467357377858,181.429794404643)
(-188.120806133539,4.35556259564630)
(-76.3484417907657,-165.127107889586)
(117.027001543101,-132.845678638029)
(164.479217473917,50.4670897747341)
(21.4515992575456,164.270031195553)
(-134.877913005456,82.6620792427366)
(-123.718015572600,-87.2094868408662)
(31.0746694706361,-143.348379986095)
(141.177559821092,-27.6304957876405)
(81.0912495287894,115.676343096916)
(-70.3328453692798,118.386410425848)
(-132.488478853404,-15.5505607333471)
(-37.7296430976397,-123.820267906735)
(96.0619712259200,-82.1495001137354)
(111.615108450892,53.4725564335200)
(-3.25808872930579,120.721648324575)
(-108.570701315058,44.6109041088854)
(-82.0855495883113,-79.5326002826059)
(39.3618353935369,-104.859044070610)
(109.968950800717,-6.23074051510975)
(49.5884736297546,95.9211026598176)
(-65.7546749374559,82.2415527131297)
(-99.1449936406603,-26.4705839697985)
(-14.9989335661390,-99.3886529278492)
(83.5814175006945,-52.8336899283892)
(80.7711982609898,53.9338931936983)
(-16.1748388299920,93.5889185531137)
(-90.1669872720857,22.1911396986767)
(-55.3670466036589,-72.5956850490289)
(43.5505559759264,-78.9568821266530)
(88.4489629505895,7.31649078070958)
(28.7010709414346,81.7443320807204)
(-61.8482296660859,57.3752560318945)
(-75.6899614434348,-33.8738867771065)
(1.14576084668538,-82.5864527366657)
(75.7201133887830,-32.6987192897574)
(60.5872367932512,54.4235870936463)
(-23.8213234690146,75.6310643138616)
(-76.5259683761799,8.24444122369128)
(-36.9229399646476,-65.8796534393773)
(45.4138294422427,-59.6356512105956)
(72.3573913845902,16.9570404146579)
(13.9653234003176,71.5220659628904)
(-58.3748155571502,40.3917514262514)
(-58.8740930471816,-37.3164554289088)
(11.2538811261666,-68.6076045146101)
(67.5349284371875,-17.5666459565045)
(43.8570730516748,53.8088694640612)
(-30.1567426223308,61.0577864790349)
(-66.3952328532390,-2.79754056765000)
(-23.3583981251028,-60.9879859251574)
(46.2275237988249,-45.3856969804390)
(59.8112482706727,23.6143096880196)
(2.86062813412411,63.3439183148675)
(-55.7685441045406,27.6986583301988)
(-46.9584230998227,-39.5119756386375)
(17.2800108362285,-58.3435749592982)
(59.8777746953848,-7.73241674192942)
(30.9798452331327,51.0533777499659)
(-33.9755036499269,48.4098861553116)
(-57.8811154794794,-11.5373100844458)
(-13.5366826041053,-57.5143950635590)
(45.6775477144125,-36.4279349369560)
(50.5842554924624,24.8475313010853)
(-2.15427570407797,53.2968097468642)
(-48.0452916836979,16.9607809649995)
(-32.7460070793930,-38.5594095958219)
(23.9261239058547,-46.0852272823434)
(53.2035339227371,2.96385893543728)
(20.0071582750251,49.5136357630065)
(-35.9380872799815,38.1254842128800)
(-48.3449998611289,-17.2894440794226)
(-3.22936373115829,-50.9634851795343)
(45.3980349455841,-23.7777643012191)
(40.4030272936455,31.0761581769128)
(-11.1128842026357,48.5779255637481)
(-47.4941376383552,9.10096156194898)
(-26.3315465426378,-39.4351285660666)
(25.9502290777074,-39.5213961942760)
(46.7433735686952,7.86277249504733)
(11.9640269430637,45.6107444387593)
(-36.2351916086121,29.1113749558254)
(-40.5778716489660,-21.2196723614886)
(3.29508628856510,-45.2790693212738)
(42.6036747134983,-15.0937493506737)
(30.8680528994593,32.6361536209247)
(-17.2016790631731,41.0597496592856)
(-44.1290897902765,0.781361230143026)
(-18.3794065701717,-39.7894841338940)
(28.7299502800728,-32.6287434323130)
(41.0295161083405,13.0925645361233)
(4.27204081174068,42.6960905411127)
(-37.6723675410102,21.2437236623060)
(-35.4653771268616,-25.5914499239809)
(7.53700312294235,-42.8287366373051)
(40.3109045741993,-11.4107109440713)
(25.2376118241831,30.2211726944795)
(-17.9418364655595,32.7903215606494)
(-36.8364181096849,-5.38371816543756)
(-9.19675633208201,-37.4803597479656)
(31.2536272548614,-24.7520581250051)
(35.8683257719398,17.5033711810384)
(-0.817858493738029,38.8999241464387)
(-35.1366621166750,14.3128065562522)
(-26.7515181124194,-26.6179004884922)
(13.5660454644597,-35.3783753092859)
(37.4542660082018,-2.34729615290131)
(16.8634208987080,32.3917849334307)
(-22.9641706369909,27.3529900681255)
(-34.2146265086412,-11.0550017941544)
(-3.61546590442050,-36.7417640988565)
(32.1741210303240,-19.1640121719500)
(30.6331440888934,20.5546142453155)
(-6.10300920315236,35.2295937469265)
(-34.2677839521055,7.83004918604259)
(-20.7928939479452,-28.7159732192702)
(17.6859313764933,-31.1477754835445)
(35.1972883002828,2.76972372526782)
(11.2897232656728,32.1534215588876)
(-25.0579716191809,22.0256766920423)
(-30.4080148373607,-15.2812783101258)
(1.46340914017292,-35.3022899532154)
(32.6235132037870,-14.5052112677124)
(26.4338089385882,22.0955162139389)
(-9.10384710878461,31.1647571283469)
(-31.4167546727940,2.57593974874952)
(-14.2325868281735,-29.0563827019190)
(21.5240645324195,-25.9782466401383)
(33.1398647849189,7.93252786029100)
(6.99311386715146,32.2930445555016)
(-25.6940418347124,18.5086933355338)
(-26.4226620286966,-16.5445368693235)
(4.91535433685358,-31.1546341011041)
(30.4913994701061,-8.54335513550587)
(19.9607511047446,23.6151805010808)
(-13.6075407843888,26.6791204732224)
(-29.8058988602440,-2.87646554488606)
(-9.25833846598302,-29.6359878183208)
(23.5233842499316,-21.7387940720315)
(29.6654693403121,11.2795147016309)
(2.22657827564269,30.1916519713460)
(-25.8829275290377,12.9241247042632)
(-21.3733518302112,-19.4307415799510)
(9.89470840540223,-28.1127535287155)
(30.2575268829386,-2.92848441110256)
(15.3090838822779,25.8688300958887)
(-17.1655381735821,23.8511484773984)
(-28.5937408413702,-6.63476875920127)
(-5.53640082113017,-29.4749337090826)
(24.5424102368039,-17.8223850508394)
(26.0940777094424,14.1869929438246)
(-2.40746981567187,28.5011899899417)
(-26.9937611677787,8.34170352556985)
(-18.6933875921539,-22.2207928372792)
(12.3436925112219,-27.1692447970788)
(29.3503623299669,-1.19399422641376)
(12.7253150724156,24.4881130637467)
(-17.0633941901233,19.5668772821278)
(-24.2826978490238,-9.49761884828760)
(-0.506177042651084,-27.6042031655960)
(25.6565920390299,-12.9927159408273)
(22.8292706023931,17.0033534546816)
(-5.88825091782918,26.7411518066070)
(-26.7697284334792,4.52276151225446)
(-15.3966844321616,-23.8080442334850)
(14.8473385437262,-25.5828215505023)
(29.0714451419888,0.467483599708413)
(12.0133889113911,23.5286974357849)
(-14.8146753003387,17.5853003632262)
(-19.5714825175438,-8.35170888305904)
(2.08889741804170,-22.1079882725974)
(22.7678560631797,-7.25197971402909)
(16.8961982667240,17.6984737090173)
(-8.59492719130120,22.1910670124451)
(-23.0328425988746,0.577762091696453)
(-9.12748315504188,-21.2837778191110)
(16.3123318071318,-17.2932225652887)
(22.7059423382084,7.57121068729405)
(2.39243590394763,23.3626060178738)
(-20.3330136055915,11.1123789857188)
(-18.4457848101961,-14.5811044786495)
(5.51614897661338,-23.2312522566263)
(22.7109224709863,-5.01590316040960)
(12.6932989489051,17.6045472412049)
(-12.0973012481632,16.9661559336333)
(-21.3030693198147,-6.56561494791140)
(-3.05146203912961,-24.9619133233435)
(21.7496579970097,-15.9785995417153)
(24.2385701398457,10.3026675290344)
(1.86199872732033,23.4532259210205)
(-18.7336230423289,8.80769542056621)
(-13.4729069785925,-15.3313268519429)
(10.6584262209290,-19.7219227114429)
(24.2191493171857,0.980901840261532)
(10.5248696542613,22.0526880316745)
(-14.5649625466923,18.3125119141499)
(-21.6835159553423,-5.93400239124531)
(-2.90122799969992,-22.2081143500376)
(19.0746089773332,-11.8405534726617)
(18.1762619877579,11.9993502811835)
(-4.00217318765610,20.3301832914439)
(-20.3857629665453,3.07308990511756)
(-10.9718987052850,-19.0286893715560)
(13.2356064596205,-19.3610431859194)
(23.4241870000063,2.67616068284209)
(7.42905750774074,20.9196877452792)
(-15.7052875434149,13.6503076172400)
(-18.3850872595582,-10.5000187343292)
(2.69093045734862,-22.7890344215584)
(22.5911910902785,-8.51574599537301)
(17.7343604769914,15.5371640690727)
(-6.19573110650191,21.0120863205370)
(-21.0617705943133,1.49610177109298)
(-9.54849928670859,-20.0788494982088)
(14.6250132458841,-18.6934914729517)
(23.2963665535775,3.37779699432037)
(7.22416196427354,19.7923126476461)
(-13.4449143169285,11.7340761353437)
(-13.7050905806694,-9.92959331674991)
(6.34883552461149,-18.1309020630535)
(21.8668393968521,-2.29979669153475)
(13.2535971882071,18.8962364349991)
(-10.1627738463924,19.9081139420874)
(-21.0922356624698,-1.04164664154521)
(-6.77383516602159,-19.6371666911066)
(15.7567617980297,-14.2715015297031)
(19.8229807720572,8.31208932760412)
(0.723359757125914,21.0326145174774)
(-18.7440556628054,8.59969913938979)
(-15.3624010142954,-14.3898611905054)
(6.98679237779071,-20.8047689274317)
(21.9614529630517,-3.13163014399064)
(11.9586765247391,17.6733082545016)
(-11.1197259416196,17.0129705245833)
(-20.0264946699061,-4.32622282801872)
(-4.36026647826524,-21.2424973759599)
(17.2893128120930,-14.0486381914501)
(19.4337291658730,8.35848024437220)
(-0.231045878973065,19.1271972822741)
(-18.1826671781110,5.12686122948082)
(-12.7292108522819,-17.6833183878267)
(10.7357697012728,-22.9943992840435)
(26.3038853566143,-4.63460099783073)
(17.6837139211790,16.8828757489084)
(-3.67287857816680,18.7451820537675)
(-13.1075960795676,1.90444042022310)
(-1.88276583301943,-11.5413295787432)
(13.6839761736871,-5.48260302899687)
(13.0457727137614,11.4033525897535)
(-3.53102325678680,17.1737772835552)
(-15.7465574303954,3.80150862623731)
(-8.36058379904147,-13.0119485514805)
(10.0536317701090,-12.9916639978056)
(17.3374041454379,3.98540400780448)
(4.50790160957262,17.5216384304053)
(-13.2624459348785,11.1471720898531)
(-14.7171268539451,-7.82281937065189)
(2.00450400558473,-16.9091457695235)
(17.0179500845097,-5.31018764991797)
(12.3436974886430,13.1105237438051)
(-6.63303260250362,16.2200067470622)
(-17.4507327712106,-0.115650123536517)
(-7.10269359139847,-17.1049540322469)
(12.6995884456606,-15.2018915473491)
(19.4959073433901,3.02305675141876)
(6.48733170338250,16.3169100957216)
(-9.94856757140223,10.0758650226561)
(-10.2185790833938,-6.69943120911793)
(5.14723239630384,-12.7671019788243)
(16.5659010640034,-0.374442664789827)
(9.27523980178264,15.5215759772494)
(-8.77447920735295,15.4033156571151)
(-16.4086900452456,-1.21713973564271)
(-4.62209055364656,-15.0658571729437)
(12.5699438455850,-10.0718705288981)
(14.7914448044275,7.46262223630221)
(-0.442740963196064,16.3773181538112)
(-14.8110551560019,5.85411552882510)
(-11.0269764757328,-11.7449501167774)
(6.62028662716941,-15.6317785124064)
(17.4297396278830,-1.29254138229560)
(8.89757514249726,14.2431798184067)
(-8.54145924830564,12.7005521484935)
(-14.0490422273519,-3.81971350375329)
(-1.11966467861746,-15.5280565112915)
(14.8947361751894,-8.53119129760646)
(15.2016236456889,8.83561518873248)
(-0.190561322466515,16.1888916236355)
(-12.8127322961697,5.38994879184615)
(-7.95424855146015,-10.0558971021548)
(7.93059099028723,-11.4633984441872)
(15.2910995261967,2.63355461656834)
(5.11193473437285,14.9413696921002)
(-10.2906670809693,10.3807854438005)
(-12.1615547802242,-5.68946479672373)
(2.05643918053956,-13.8412548766701)
(15.4904403262732,-3.87732310175110)
(11.8919339151622,12.8333722584466)
(-4.97109101221789,16.7409301227811)
(-15.7085831087690,3.26575671396135)
(-8.22757219953565,-11.8384444111749)
(8.10379064062941,-11.2110393500757)
(13.7914362653421,3.65351129775503)
(2.40625153163703,14.4834062105936)
(-11.9937418455077,8.17607703861175)
(-11.8803550021127,-7.64537974669181)
(2.74892929579766,-13.9190836095410)
(14.4394335097817,-3.02212414227197)
(9.19757875323254,12.1235806406363)
(-6.79655602296266,13.5047061752971)
(-14.5885087673812,-0.507604436036669)
(-5.03697518607304,-13.2753446823365)
(10.3772248038769,-9.75386453407068)
(13.3221426921876,5.65274699419657)
(0.441818333941383,14.4696953566929)
(-12.7722110667805,6.22031868174260)
(-10.5509972960856,-9.17485188869138)
(4.38527360569821,-13.3537238238014)
(14.1969477021986,-1.42911658381176)
(7.26883725658257,12.2882501630290)
(-8.00401913775630,11.4648468793981)
(-13.3561892237638,-2.78677764001581)
(-2.48602428937562,-13.3511674511562)
(11.5026729328838,-7.61759069634405)
(11.8362556480179,7.49851655352789)
(-1.89848491522664,13.8939328539754)
(-13.3258435940586,3.91512485094799)
(-8.86590498997688,-10.5591569545612)
(6.10341292911283,-12.3488125782178)
(13.7409513379848,0.554676517331171)
(5.03723692319692,12.6867792941554)
(-9.52776927250511,9.61586881998089)
(-12.5861040258607,-4.89904331157974)
(-0.593152271407729,-13.5130460186194)
(12.0593460409950,-6.03410010735741)
(10.3074716847071,8.50667012698918)
(-3.65651045390878,12.7605570259737)
(-13.1479697924682,1.77885534382075)
(-6.98873799726405,-11.2171330408769)
(7.23760457546489,-10.7684156675627)
(12.4279557558548,2.37272976709227)
(2.47512864501576,12.3260587919878)
(-10.5651740905926,7.24483175334029)
(-11.1441146350248,-6.53242156562671)
(1.01662000025583,-12.3069211300052)
(10.6793749570730,-3.32911470654919)
(5.67310310650593,8.93222496019189)
(-8.09607540592155,8.64120848253405)
(-13.4462660890519,-4.99282070824668)
(-2.62783415007643,-16.1843258721919)
(12.8338592297134,-11.1119757257488)
(15.2272120101745,5.37683217033014)
(1.45181948623002,14.9173824182170)
(-13.0767744065921,6.84860566379663)
(-12.1962131179694,-9.40562349361085)
(2.37066803094232,-15.3817983734649)
(13.3587115004810,-5.04024279527600)
(8.36389928243878,8.56371739449235)
(-5.81193400799448,9.03512198154878)
(-11.6219857017025,-3.99347182146671)
(-1.73800837697148,-14.7237008502298)
(12.3964387613385,-10.1548286867965)
(14.3514195215801,4.53831679569353)
(2.20733152211318,12.3640806642197)
(-9.42000071399033,4.77721866074682)
(-6.99313541733664,-8.38711615036555)
(5.89166754677901,-10.9830321365854)
(13.1215753372835,0.0210310268271798)
(5.63239870437422,11.0489677866383)
(-7.62905386643450,8.43125641450597)
(-10.4857092842290,-4.97277067332626)
(0.894572636353904,-13.0350683484814)
(13.1303490336210,-5.66469769706372)
(11.4046623317926,8.91223267951468)
(-2.84579953952128,13.6478257607300)
(-13.4107004370875,2.75796686745897)
(-8.26927450891320,-11.4130643161850)
(6.39630518964554,-12.8675627995651)
(13.6405548352606,-0.598109562919395)
(5.68663738236649,10.5893106135748)
(-7.28473962957001,7.80001177848422)
(-9.66934460257767,-4.88726315548158)
(0.916892954006324,-11.7945195412582)
(11.1507807934681,-4.71219021882829)
(8.40474474160540,7.32542093853357)
(-3.85871970729722,9.20312993421789)
(-10.2722606336759,-1.74067932589972)
(-2.29377021980451,-12.2315009908282)
(11.1110642972777,-8.96122916667360)
(13.8693501821894,5.14901964091113)
(2.03663898342115,13.9671725525012)
(-11.1416853659528,7.12345737715569)
(-10.6183451045109,-7.55644263402965)
(2.72010962529868,-13.0703175631109)
(13.0231274992501,-3.18810361693133)
(8.10359596387211,10.2456586660795)
(-6.27271977852771,11.3160968251019)
(-13.3192168895179,-1.22291046409466)
(-5.12160226278381,-12.6444288714941)
(8.11005732754980,-9.85313401127987)
(10.3646242257820,3.05341881691335)
(-0.969738609865396,9.75956304962288)
(-11.8922921158752,1.31869388463969)
(-8.43625860890231,-12.9542035444270)
(6.56106460241807,-16.3056426056995)
(16.5119786713965,-4.34061443478198)
(10.4493120616448,9.64222083208989)
(-4.13229610311294,10.1537720050200)
(-10.1392725225671,-2.39566609821436)
(-1.00893371232926,-12.3448643052021)
(11.6192023101992,-7.39556508461420)
(11.7240934991912,6.74535731585530)
(-2.04763335469148,12.9348970195972)
(-14.4775397772487,2.67267003872055)
(-11.2372612110402,-13.8084946150861)
(4.67666941381357,-19.1428589737110)
(16.5325139553143,-8.49410536292778)
(12.9946930985693,5.48147245542660)
(0.456086881111374,7.67546017425206)
(-5.32532539919701,-2.34322934831271)
(2.14924296408479,-10.8621431430834)
(13.1637805304026,-6.83681751796468)
(14.0544390992421,5.24558801988866)
(3.55886271069212,11.2950220746849)
(-6.09433420173978,4.62624711703988)
(-4.05698301489436,-6.39952038887307)
(6.44513598106921,-8.77521691244031)
(12.5346395778261,-0.333847717363531)
(7.35665422613533,8.23563572401978)
(-2.06506758827981,6.76510568865444)
(-3.93613383601949,-2.16189723690497)
(3.72248054480045,-6.83810815484342)
(10.8554135299363,-1.13866320810250)
(8.04457959871199,7.85405555494209)
(-1.60752246390988,8.64824075377639)
(-6.06753032412094,-0.235070834541896)
(0.792313290816230,-7.98139356955975)
(11.1971198537756,-4.42757932898933)
(12.3402203903993,7.28077200748101)
(1.77892926110069,13.8043349781949)
(-9.12819232934026,7.17826017245215)
(-8.17760504815065,-5.56675327398736)
(3.45696119438024,-10.3098488100209)
(12.5417997650135,-2.11853334168720)
(9.13003432131287,9.21757652797160)
(-2.12617774297952,10.8164889687592)
(-7.88546712490957,1.65392016850230)
(-1.99351406130397,-6.76004085866808)
(7.58697008953331,-4.46195854045387)
(8.80410673232147,5.13054681856974)
(0.215091068844953,9.70203543184451)
(-7.36038213183256,3.22532485378292)
