10393735374983552009862074721.
0.040000000000000001
(-7.54345923450818,0.531029145775817)
(-2.77187801934042,-7.21877086920768)
(6.01674211365115,-5.11892125954132)
(6.73636553211651,3.86235195795873)
(-1.56872725870202,7.35432713051316)
(-7.48439849855883,0.610330254490247)
(-2.98399608165805,-7.03607648806039)
(5.58147733590165,-5.10801554238903)
(6.35565680196334,3.61978917533067)
(-1.67190495772099,7.11823979551797)
(-7.48639198913575,0.811950339543969)
(-3.54752558011291,-6.27480824390718)
(3.74298346612067,-4.44073367278183)
(3.30735933098805,2.85592063928974)
(-4.54264163229448,3.82655942968170)
(-7.98508865449412,-4.62674585649894)
(-0.242192451648958,-11.5975059528014)
(10.0358083508017,-6.67674939284542)
(9.55826837658727,5.24832712721238)
(-1.70617115659024,9.57346549009891)
(-9.92048301898269,1.04997242779661)
(-5.35069574846871,-9.25681696675354)
(5.09518675819607,-8.64110400990651)
(7.54576909193365,0.681832857680941)
(-0.262729032444601,5.33197689825839)
(-6.71381292362751,-0.731239004566635)
(-2.92955145075731,-8.48132230766833)
(5.05928291530559,-7.17209643925873)
(5.45181098181646,0.255879281117785)
(-1.92032478969384,1.51533586138482)
(-4.75909777137310,-6.87856441851366)
(4.15923401451725,-13.3862515049408)
(15.4280388618794,-6.80318104747696)
(14.4203867218611,7.41684386553559)
(1.06660834625223,12.9142022604206)
(-9.02841779023626,3.57010709144156)
(-4.52646376912051,-8.20811483366719)
(6.98629718372539,-7.66797282428156)
(9.40054435575103,2.99806989894173)
(-0.296444397872625,8.10543511158769)
(-8.25998792828799,-0.0205502406285735)
(-2.88354392951452,-10.5890505655967)
(9.20131778059996,-9.07114748095471)
(11.9622108127282,2.92370598625052)
(1.64043593894134,9.64452483011389)
(-8.17354244782271,2.35745381364705)
(-4.90687994663067,-9.07430545440172)
(6.21305313953184,-9.83877317954576)
(9.74629504586668,-0.340505481630054)
(1.52165491120736,4.64790485069507)
(-5.40981281062219,-3.32616022303634)
(1.38922181745651,-14.1370154622044)
(16.2715295299444,-12.1278564850138)
(22.1422073978607,2.97959983117766)
(12.3920076434209,15.3624583818293)
(-1.10932205324676,13.3240933030545)
(-4.06813631596275,3.32059588395757)
(2.26283592347118,-0.284440253974390)
(4.95858989878907,5.21910182706337)
(-1.48507648891896,8.72772023605972)
(-7.76600747131280,2.43406514338044)
(-3.83515797197984,-6.47872867169245)
(6.01870639686706,-5.99223762693837)
(8.64719247030555,3.30547033615550)
(0.548641741407716,8.39760243294661)
(-6.72379085622666,1.83932379953680)
(-2.34078326767676,-7.47035688126073)
(8.46681908326860,-6.19301900884863)
(11.0661065450523,4.89559178468734)
(1.40112513737751,11.4182304445493)
(-8.10819493476910,4.73573467347105)
(-5.17057144546766,-6.20587972641344)
(5.76138931509713,-6.90420591206815)
(9.62089453995450,3.06822847279216)
(1.29556924441768,9.65652938462176)
(-7.51558211120120,3.70001221577001)
(-4.54629272181040,-6.50595767964386)
(6.04336186037065,-6.73920275141288)
(9.36140739280951,3.38316759662528)
(0.411889642944125,9.67408031941897)
(-8.74295293534692,2.83919410452407)
(-5.29732267026539,-8.55047761236817)
(6.76676363460421,-9.49108397316763)
(11.9776033364250,1.16200816041182)
(4.28355083856927,9.28912571960518)
(-5.04496143513386,4.83960520653834)
(-3.23017885874657,-4.68707441466219)
(6.39139039611951,-5.06256702324319)
(9.26932905581221,4.63980165262846)
(0.230036106203891,10.6238972131689)
(-8.86872401879901,3.65273405248526)
(-5.28983004782867,-7.64617264608994)
(6.74391523250623,-8.14318396743264)
(11.3155406934717,3.07322876971582)
(2.33551381390073,11.1370277531313)
(-8.09349250823275,5.45824704438812)
(-6.11150520073596,-5.91318056299960)
(5.01785332223947,-7.35925627173728)
(9.47229976548778,2.85361021359118)
(0.726555088245736,10.1695504684286)
(-9.28473650719019,3.82482059383191)
(-6.46102141978012,-8.07108094216781)
(5.86972124559817,-9.33962463594831)
(11.0195590714248,2.05215496379821)
(1.50561578416826,10.6890248130189)
(-10.4035053927961,4.15310253625062)
(-8.61228195687118,-10.1897276132568)
(5.65864997332667,-14.6211447801151)
(15.6597746040226,-3.99581466013493)
(10.9677476466099,8.36175914341244)
(-0.0362895377677313,8.86623463435925)
(-2.93357741132331,0.780927232275542)
(3.26280507214807,-2.32660302514228)
(6.54462575423465,3.65348827243503)
(0.388586736840133,8.34036085271577)
(-6.51804562395270,2.95022495787909)
(-3.09089186651150,-6.01701605178702)
(7.26297938621236,-5.43889184086446)
(10.2386522999706,5.34432281697712)
(0.483506074585838,12.2800006090028)
(-9.97190695485788,5.35598457758950)
(-7.28387824093063,-7.15668216298918)
(5.34472463954351,-9.13501478779023)
(11.5133438355009,1.85063540767352)
(3.46150923186278,11.1658915791262)
(-7.63295622250273,6.76911047848919)
(-6.95475165959348,-4.71453219554496)
(3.89119630208414,-7.34404558709444)
(9.40897519534977,2.24395490532996)
(1.70800695718807,10.4060308116883)
(-8.64340129627500,5.48791893707009)
(-7.30014992919899,-6.00709960459977)
(3.95354562991628,-8.39013539494207)
(9.59595354237523,1.48734058614467)
(1.81153937079538,9.78538539648823)
(-8.61332038384703,4.73606337669752)
(-7.06877205850806,-7.04287895741221)
(4.73425450063441,-9.54599626276207)
(11.0561753872888,0.641692067007131)
(3.74706097563160,9.69453154676014)
(-6.63958514451439,5.66353046287249)
(-5.61133424666370,-5.06264160967915)
(5.05270824813977,-6.77816275448632)
(9.73276052327719,3.47892168619776)
(0.836535099318202,11.4922573784355)
(-10.2054917085045,5.48326604772092)
(-8.36592515121505,-7.23345269535800)
(4.15413152241125,-9.84817244655641)
(10.5697194255332,0.944501744210619)
(2.37252998102407,10.2076428984951)
(-8.90702119745111,5.12114423730952)
(-7.42728517375128,-7.34865591703853)
(5.13172822106679,-9.88278102281010)
(11.6810387505447,1.37783271607861)
(3.10848785678074,11.3316113139832)
(-9.08994571468950,6.48130424092405)
(-8.41977568025209,-6.53204453641404)
(4.03392525700859,-9.94472575846376)
(11.0720098235620,0.799369661246150)
(2.99110496413330,10.7927417880031)
(-9.05743203797634,6.16575492880015)
(-8.39744405866525,-6.77925543323329)
(4.15656486349315,-10.1813582307115)
(11.3087994450222,0.757071587164392)
(3.06713784777573,11.0288711215467)
(-9.38035420766583,6.38791429457788)
(-8.92358601398267,-6.97210653593092)
(3.92067774857239,-10.7881961281270)
(11.5923142566048,0.199458681847816)
(3.55997280757358,10.9300331787280)
(-9.15237523211487,6.65449224894816)
(-9.05810141283624,-6.75775860636736)
(3.72345019423589,-10.8270644986232)
(11.5557139511221,0.106248111116455)
(3.53498382732261,11.0065026286093)
(-9.41909439495417,6.78046438466704)
(-9.50614028512668,-6.88788072236223)
(3.42702822379334,-11.2590333794936)
(11.5744237184060,-0.328370974230528)
(3.65549388660408,10.8137992145528)
(-9.46378436441853,6.71303817798328)
(-9.66373535572799,-7.07543282619241)
(3.38078849075301,-11.5229907753952)
(11.5681955337747,-0.402697988633301)
(3.28078145838178,10.8798582034154)
(-10.3503884745050,6.33058054556340)
(-10.4421684231629,-8.44829770366901)
(3.69065085101904,-13.5738245232068)
(13.2841720078154,-1.98618863057610)
(5.57730590292362,10.7368961288635)
(-8.74295802819575,7.49657034081048)
(-10.0812264329952,-7.02481260704455)
(3.31710931421758,-12.7916765295067)
(13.0170560298582,-1.84706697676480)
(5.69905760067138,10.8162513556556)
(-8.56857837421310,7.87125830413748)
(-10.1879013702951,-6.52183015751645)
(2.98610450267421,-12.4334318379644)
(12.6453196600009,-1.62061410074088)
(5.22684738225294,11.0288456616945)
(-9.29652493880880,7.91838313989067)
(-10.9907323642477,-6.94136680178352)
(2.58059898777395,-13.2330897806450)
(12.7463139448484,-2.20035566581716)
(5.16133728943896,11.0724149603921)
(-10.3846750507305,7.97862513918672)
(-12.9445680010143,-8.26419155499869)
(1.38421170027331,-16.7775344323962)
(14.3415763822788,-7.00254634693901)
(10.2086678661608,7.55386573423964)
(-3.49352222692979,8.16376957637504)
(-7.22727131953594,-3.86149681205401)
(3.43379623124664,-9.96714353853719)
(12.2487413831579,-0.720106781011434)
(5.56415854121572,11.0536956023062)
(-8.26367888438561,8.43271718069371)
(-10.3630823729875,-5.62532162573990)
(2.24779778749744,-12.0146722320868)
(12.1593470664863,-1.88950734507122)
(5.43390709074968,10.8994417143619)
(-9.14950539134637,8.73955602466341)
(-12.1950279444796,-5.56540125052665)
(-0.408969171815949,-12.8881304421408)
(9.16614325725848,-4.44754685985862)
(3.30051494438139,6.11774587053408)
(-8.64393376625611,2.24349388031320)
(-7.84774132070943,-11.6764937783195)
(6.93078633407797,-15.8056497753055)
(16.4755370531178,-2.78734794741320)
(7.38835546057041,10.8021299241148)
(-8.47707794429376,6.41264505218318)
(-9.12214002123200,-10.5584379021363)
(7.57892522456400,-16.9852136395385)
(20.0430407053384,-3.02451051321342)
(11.5205431557498,13.9715792915289)
(-7.15207868101857,12.1686435129045)
(-11.6677219363866,-5.56151076522786)
(3.40587407712829,-15.4080262907094)
(17.5815013424887,-4.42334806179892)
(12.1171255155370,12.4998945565950)
(-5.12938106370298,13.1585160711343)
(-11.0559472445458,-2.11382464730872)
(1.12650009452354,-11.7225005945907)
(13.3032994036205,-2.82345830625707)
(8.03555526336879,11.3954086992164)
(-7.37747928938170,10.5705930096886)
(-11.4584290258774,-4.39571643924014)
(1.29829077545564,-12.7966345158961)
(12.7636746474313,-3.24676422539893)
(6.67537628379501,10.2536923321660)
(-8.29830021929186,7.90038875879245)
(-10.3815463113842,-7.83511109282044)
(4.66689193902563,-15.0189633883585)
(16.8230577460614,-2.66780615196652)
(9.03695487139979,13.2866622426246)
(-8.81455632637893,11.2314419441063)
(-12.7726773443794,-6.35238379474258)
(2.52166719814001,-15.7505593572920)
(16.1498342423762,-4.25278244149367)
(9.31684894874361,12.2162493475813)
(-8.73548961615700,10.6199281576364)
(-13.0103749971598,-7.57766762909233)
(3.17156178577931,-18.0288262349574)
(18.8265683037360,-6.46342218867524)
(13.6513635779240,11.9119294258681)
(-4.56731392619719,13.1309339914782)
(-10.9166658672041,-3.03232388265369)
(2.44833044589297,-13.2658234525162)
(15.8889904205454,-3.17076072181409)
(9.87625587969419,12.8615991665966)
(-7.62819381644202,11.8223686983928)
(-12.0385466024764,-5.57986122311654)
(3.54183506175622,-15.3617759112924)
(18.0889822885814,-3.32035699963792)
(11.1758020475594,14.7865804617241)
(-8.66018143104568,14.2023064922415)
(-14.9407397345989,-5.01561256344793)
(0.983611559767906,-17.7117409891536)
(18.2603006894497,-7.53885490601372)
(14.9641627483138,11.2448580201616)
(-2.38724570295526,13.8385130688269)
(-8.69887135391010,-0.989680399655082)
(4.34956240815092,-9.86653580619913)
(16.6410126315332,1.82200222956559)
(8.06086440469772,18.6911658769558)
(-12.4064010586064,16.2748199432692)
(-17.9013554776800,-4.42722066519195)
(-0.584294861833103,-16.9721544123959)
(16.6785167548080,-5.07206771124231)
(10.8167824077077,14.7742704969823)
(-9.95085477683408,15.2623752437188)
(-17.0304912665887,-4.55073129124653)
(-0.414970142049956,-17.7689636701948)
(17.4841472015625,-6.32332244631836)
(12.3667887845898,14.1998984781008)
(-8.63794181048425,15.7634516343356)
(-16.6284647481326,-3.69374074095207)
(-0.567665698151974,-17.3279190005018)
(17.4430842055137,-6.21683066497416)
(12.4399303568465,14.5040641559049)
(-8.97976753624570,16.2738607123555)
(-17.5015435432241,-3.59915564866487)
(-1.32991573276936,-18.0162840123031)
(17.4268721019422,-7.20994809443124)
(12.9920303506442,13.9735817716092)
(-8.57842738838693,16.3248117797931)
(-17.5568641988195,-3.53148811485783)
(-1.42953993048930,-18.3085742042494)
(17.6784407616221,-7.53749589196946)
(13.2964953831881,14.0529883302003)
(-8.79651328634850,16.5390473097251)
(-18.1605002250181,-3.97874717178096)
(-1.42363573112174,-19.6349766460364)
(19.0767942129812,-8.79395652239772)
(15.6201390753655,14.1871170533273)
(-6.99040076484545,18.4374570968333)
(-18.0176149998786,-1.23857273683990)
(-2.95841480584272,-17.3875063904706)
(16.6560703769951,-7.80507366509495)
(13.1406049760174,13.8500246413105)
(-8.94307853424659,17.0127806090194)
(-18.9817666518546,-3.32060185936280)
(-2.76770698614388,-19.3822016549321)
(17.4756694283593,-8.99155370829053)
(13.6063161609152,13.3882524541463)
(-9.19495685979628,16.2391154458872)
(-18.9731259326544,-5.26674832092746)
(-1.02894973734973,-21.8463058878935)
(21.0952750327285,-10.0239105110811)
(17.2626146047780,15.1042550024656)
(-7.80379502907522,19.7741535842719)
(-20.3381615610065,-2.44383690336211)
(-3.30817350653699,-21.5093345714018)
(20.2783572708040,-11.6137555590260)
(18.6759629879330,13.7090368974716)
(-5.33933785063537,20.2093074853069)
(-18.5485317844233,-0.146773355864630)
(-3.13614505788620,-18.3789310876807)
(18.7874188297512,-8.71968425822085)
(15.8887814882338,15.5713891742208)
(-8.72509509403321,20.4087390479082)
(-21.3691626952207,-1.76472439327686)
(-4.27732035361532,-20.9633789699232)
(19.3638184043559,-10.7338364257693)
(16.9121508141624,15.0352545468585)
(-8.62082590912909,20.7226534353538)
(-22.2079961600880,-2.01846874937535)
(-4.82025386864197,-22.3302811552218)
(20.0646011489182,-12.2952403690202)
(18.3937275743180,14.4765839600660)
(-7.56268379294751,21.2164774681180)
(-22.0203146607640,-1.44579091413556)
(-4.83891205382178,-22.2972396225754)
(20.4737617811398,-12.3508308229150)
(18.8743985220123,14.9961331636089)
(-7.79857218305859,22.0631376611378)
(-22.9657304949139,-1.18741584034581)
(-5.60068538994314,-22.9512913534862)
(20.4703692198305,-13.2217551823745)
(19.1471794606531,14.5492755707035)
(-7.89341114577454,21.6063166226480)
(-22.9257178656034,-2.49927599723286)
(-4.08801892865332,-24.7613743128013)
(23.7786511974059,-13.7180482799911)
(22.5329013635298,16.8001425462240)
(-6.79865138455480,25.8280209805299)
(-24.7742256895176,1.22645034075312)
(-7.26711334250252,-23.3046643839641)
(21.2823297696759,-14.1534060580475)
(21.1988665912068,15.9643297770579)
(-7.80368963553455,25.2438063850334)
(-25.9014144783651,0.341400593745838)
(-7.87369909327160,-24.8694905526076)
(21.8215138546260,-15.6640792486485)
(22.3379135154657,15.4892433255822)
(-7.22041323467704,25.6719339854270)
(-26.1406804256889,0.597111272408760)
(-8.04692552588838,-25.2962975699937)
(22.3717086968915,-16.0297389336104)
(22.9785693415496,16.0244263024659)
(-7.57320572417912,26.6754933404291)
(-27.4252144743486,0.796686363761396)
(-9.00529083429608,-26.3090311869041)
(22.5394510415436,-17.2384856990098)
(23.5837659765148,15.6097134939168)
(-7.57044687875015,26.5993214079665)
(-27.6826698388675,-0.0890747276506888)
(-8.08593031888984,-27.8494293611059)
(24.9858540646000,-17.6631106798537)
(25.7466038334407,17.5008499463114)
(-7.79651997366629,29.5116326899342)
(-30.0239478231741,1.19604935023766)
(-9.95936441824661,-29.1028558828193)
(25.4612588424169,-19.4823919886694)
(27.5005096732097,17.5581589407364)
(-7.37056123390162,31.3416041917976)
(-31.7456260241808,2.35380728363884)
(-11.8512388050555,-30.2615180060540)
(25.6541616391493,-21.7564750978225)
(29.5717830770458,16.6453983521638)
(-5.62029962470577,32.5523325385753)
(-31.7156722689965,4.16909903639428)
(-12.7956136729515,-29.3790959907003)
(25.0275646831894,-21.5777339753403)
(29.1547607843224,17.1234795010320)
(-6.81059803947499,33.1238623436022)
(-33.5045838809254,3.56140806979960)
(-13.5624871960375,-31.3826485434873)
(26.1898399004040,-23.2760320827697)
(30.8794670596340,17.3531391798830)
(-6.62951678924565,34.5676125129187)
(-34.9220614538065,3.94857549613756)
(-14.4103550304933,-32.8507031625946)
(27.3879624567723,-24.7410982675137)
(32.7833495757969,17.9550288083500)
(-6.49505648467147,36.6321769137384)
(-36.8339311464528,4.89051295475082)
(-16.0325443863474,-34.1606197367706)
(27.8267029276763,-26.4889148637418)
(34.0749777948370,17.9172448723419)
(-6.72346098543881,37.6490069389190)
(-38.4761173498579,4.35457680099465)
(-16.2326792711490,-36.8919631524786)
(30.7999456486635,-28.5435513817276)
(37.9180759724081,19.5511776521104)
(-6.04476490997767,41.9842214477210)
(-41.8057425265548,7.09824059547306)
(-20.0148015243961,-38.3669433108132)
(30.3306239117652,-32.2022937888340)
(40.4778035063641,17.6604273360607)
(-3.77903577098576,42.9613817050768)
(-41.6273994634192,8.58381091129518)
(-20.3387965178471,-38.2796385734122)
(31.3742275078252,-32.2773011882448)
(41.7664623500578,19.5210627376190)
(-4.90788334300243,45.9485355559781)
(-45.1847371505380,9.45806675485547)
(-22.9443510979831,-40.7756542910245)
(32.2588796068333,-35.2780667107844)
(44.3145024399753,19.4775557045952)
(-4.57321650536120,48.2865438516058)
(-47.7083414381847,10.3185281005146)
(-24.7874702560714,-43.1485326170165)
(33.8606737225653,-37.9140506381853)
(47.2296507172012,20.2342095702064)
(-4.68958354552320,51.4473879757567)
(-51.2981646610316,11.2003761961177)
(-27.3486780557730,-46.5815117696676)
(35.8728167790614,-41.9537253288871)
(51.4305483343194,20.2667276769770)
(-3.56955545624266,54.7756753550493)
(-54.1380520316161,12.4771692124393)
(-29.1366804400568,-49.8635461137447)
(39.2639778821137,-45.5687713772743)
(57.1895699030703,21.9222963341667)
(-1.98089613827146,60.9797157861234)
(-58.4238618484076,16.7184756051324)
(-33.8321336061414,-51.4446574693865)
(39.4524019814560,-49.1753583370029)
(60.2405645173923,22.3018779188066)
(-2.39007266760742,65.0013655637254)
(-63.6838092092123,17.9761576141302)
(-37.8597258781882,-56.3028040586583)
(42.0364576562453,-55.1228035448938)
(66.2903964963520,22.2836264226536)
(-0.740234680194936,70.1847850106419)
(-68.2219763082919,20.5248691673899)
(-41.4843250860575,-60.5061443658679)
(45.5362740971436,-60.2639865769533)
(72.9766369731395,24.2597663726569)
(-0.308053470903763,77.9260067828788)
(-75.9242807798623,24.0864566713930)
(-48.1490144934422,-66.4690299657317)
(48.2862647062317,-68.6955654022660)
(81.1716454447850,23.7497582690996)
(2.15096645732382,84.8051659356378)
(-81.9697651468286,27.3925744555214)
(-52.6300921141610,-72.5667924689778)
(54.1985914733345,-75.6281384287302)
(91.3353571406716,27.7834972702363)
(2.26706142356313,97.4118461279916)
(-94.5343733833804,33.0970556531813)
(-63.2771584024267,-81.9958481609879)
(58.8220992816950,-88.6507687382767)
(104.470510257224,28.3411319442261)
(4.59720321205241,110.710198818911)
(-108.828106310656,39.6048513596609)
(-76.8475979492131,-94.9996192818987)
(64.7440553406816,-108.800203911107)
(124.812379991382,23.4499422976709)
(16.7063214124450,123.919928746511)
(-114.365840577498,50.7951110897877)
(-83.3889991787237,-99.7813288732114)
(74.7937935882949,-115.955893812950)
(140.993001046677,35.9509478704576)
(11.5089738534125,150.896035647914)
(-144.802199424449,60.1430001404739)
(-106.107621340397,-124.278101232071)
(89.2742905587027,-146.065491259707)
(174.670809922368,41.0283873048842)
(16.2095875375415,187.515754017863)
(-182.319195467113,77.6769640803119)
(-138.244183468741,-157.122653181289)
(111.610693647850,-190.775748745855)
(228.490729876545,49.2142773246160)
(25.4716821383765,247.294450287924)
(-243.103699407494,108.315010207021)
(-192.205292843866,-211.458540274350)
(152.112058972501,-267.672791775416)
(328.004438809449,67.3194837602115)
(42.9461515522846,364.853002901812)
(-363.654664545257,170.761771442816)
(-294.124607790515,-324.464842149097)
(275.003117473805,-415.874620876675)
(598.774243869843,204.679432388592)
(23.9380549689740,872.619167872943)
(-1050.32474794900,584.828542226734)
(-1385.59980667830,-742.404603997409)
(-258.254267970628,-1905.45864563618)
(1541.36972017285,-1565.63234266890)
(2336.29429739147,242.527301701901)
(1278.02119067205,1976.68297084377)
(-712.123510445515,2096.04432573052)
(-1855.36710079422,618.061793391602)
(-1308.67010360317,-965.459241865306)
(98.7747286182569,-1278.27369218659)
(898.433978013783,-383.888753703172)
(534.548814549120,524.065759502830)
(-262.601525497862,543.282360759937)
(-511.112766986680,-72.5302901367382)
(-80.8901527558328,-448.053337588225)
(355.408153896843,-194.628415561828)
(265.489839236245,249.508721591860)
(-142.440790199298,300.828586646174)
(-305.355991740932,-38.5632651522740)
(-55.4368410416775,-280.345897564841)
(231.337658363694,-130.971904088312)
(183.731600783508,167.264147236197)
(-95.6581538001449,213.145221368957)
(-219.362368966004,-22.9043204084309)
(-44.2922052821044,-203.955826319709)
(170.821466439472,-100.288315100206)
(141.471776187623,124.796568027207)
(-70.9595478114665,165.511160984686)
(-171.487464916163,-15.0047190658390)
(-37.5361323882492,-160.559922860025)
(135.288222890718,-82.3061531858113)
(115.865591566313,98.9213383240485)
(-55.6912586444605,135.739726513161)
(-141.245417223778,-10.2998992429109)
(-33.2587205573827,-133.030586973936)
(112.111114308840,-71.2177153068103)
(99.3966616058703,80.9917993380194)
(-44.5418210540379,115.338343921702)
(-119.982995570960,-7.12783948292529)
(-29.8814672201250,-114.538771451347)
(97.3703623592484,-64.7623823958614)
(91.4802580610298,67.7855298641084)
(-31.4802608533121,103.628155179472)
(-101.630584135347,2.53530035544943)
(-30.2086731177251,-91.5950766243881)
(77.2490984475304,-53.4714824288940)
(73.3543512703443,57.3656774709455)
(-31.2230628812872,86.6957162000023)
(-90.3049624578123,-2.10458298765989)
(-25.6337604005405,-84.3684644547919)
(70.6803694652205,-49.4551778349361)
(67.6493229459835,50.7080272218857)
(-26.4522754059228,78.4098195088460)
(-80.9759027592978,-0.780632831028611)
(-23.8867232896179,-75.8261968320563)
(63.5198230868745,-45.6611992547109)
(62.2217090747222,44.9933478077860)
(-22.6267901057697,71.5741134011669)
(-73.4118490474026,0.682870354033370)
(-22.9580737479526,-68.3324673248760)
(56.7108178511577,-42.4164804724262)
(56.7429380793596,39.7518355302968)
(-20.1003704497179,64.7165767934744)
(-66.9846370189499,0.262039103848332)
(-20.9660439574966,-63.6568123047685)
(53.2563959348047,-40.4902921446945)
(54.8357845918318,36.0094427141420)
(-15.8397540737793,61.2312966310828)
(-60.9908868916509,3.27267457338173)
(-20.7442674349631,-56.4143059299905)
(47.2266218903535,-36.9103630646711)
(49.6228680775956,32.6941110687067)
(-14.9297981227575,56.2134244029897)
(-56.7955305462728,2.87154399510093)
(-19.6157172208914,-52.7943178523315)
(44.0737422141038,-35.0217585257506)
(47.0402926586862,30.2825703450629)
(-13.3632189125653,53.3249424443428)
(-53.7767588914045,3.85447854953108)
(-20.0485535123389,-49.3694166732514)
(40.1679414744670,-34.3279751056708)
(44.6715182378045,26.6334311102836)
(-11.0347662710687,49.6223824859686)
(-49.7773657081746,4.49609887987490)
(-19.4842974702171,-45.7870975207533)
(36.9689929821647,-33.0230353852815)
(42.4905858549329,23.6872205422321)
(-8.78965249055884,46.2759175070582)
(-45.5683753483832,5.23363109987252)
(-18.3038640477797,-41.6939948696804)
(34.0557366621208,-30.3436779092694)
(39.3549716285395,22.4177889016555)
(-8.72384948954302,43.6629913135906)
(-43.6339649643644,5.03943652980396)
(-18.2819541205051,-39.6833188555375)
(31.3218350927010,-29.7625931657082)
(37.0887550344159,19.6181569423897)
(-7.55383746470426,39.8202541838428)
(-40.0206464608078,3.66493102748646)
(-15.5214207539921,-38.1833765083237)
(31.9107227992885,-27.8721785647558)
(37.1360932447331,20.3647448836337)
(-6.66551705835040,40.6472707239396)
(-39.5443126052600,6.00848738805043)
(-17.4256175887867,-35.5522056388179)
(28.2968948241741,-27.6541933005135)
(34.8912287511457,17.7259738295630)
(-5.85193917573661,37.9304230919538)
(-37.6022785607597,5.82196775129765)
(-17.4126616122689,-34.0858342550537)
(26.1996341421084,-27.6859780515793)
(33.6297776451845,14.9394186533614)
(-3.97499367610138,34.7006281384053)
(-33.7538357987320,5.16407278586059)
(-14.6158442028431,-31.9581201135086)
(26.6788932661287,-25.0770968879789)
(33.1257635536143,16.4363795898713)
(-4.11145047785650,35.8077526298291)
(-34.1910464115852,6.99588316681673)
(-16.6853451606706,-30.2070165236709)
(23.5647778032356,-25.3224891552300)
(31.3452504910058,14.0063346447127)
(-3.30756422355198,33.4941507999554)
(-32.4448714072200,6.95722003812955)
(-16.6317579363568,-28.6071567688571)
(21.4731314070223,-24.6993510437140)
(29.2266364449879,12.2454775331617)
(-3.46784091698022,30.5874670723762)
(-30.9122124053651,4.88805153164212)
(-14.8866285850559,-29.4806296277631)
(23.0497688884482,-25.3138345829533)
(31.5093286613001,11.8296149895031)
(-0.454110879169387,31.7379914533922)
(-29.0535167375149,8.31028429331466)
(-16.0626381132808,-25.5202372713357)
(19.5231002628929,-23.6345584383335)
(28.5365069215691,10.4167369931430)
(-0.852014546176527,29.3407844694854)
(-27.7954735517513,7.43989026178437)
(-15.5062522929017,-24.7417608196630)
(18.5888615985000,-23.1177286514783)
(27.5581714561389,9.51066891801877)
(-0.474187940496503,28.0501610013553)
(-26.6991531281210,7.35765592719628)
(-15.4309414167698,-23.7949398202490)
(17.2663344068982,-22.9203009625946)
(26.4387834476174,7.95419093931918)
(0.170287432926562,25.8612954508528)
(-24.6930677627063,6.37008881738396)
(-13.7806840229504,-23.2587735935201)
(17.7421455167716,-22.1937055783459)
(26.6545320277159,7.81364605854916)
(1.31447841886590,25.4119602768984)
(-22.7860964616995,6.90100118973203)
(-12.3357214159334,-21.4174587737178)
(17.9822012313064,-19.8899153091840)
(25.9966776814983,9.80795291033267)
(0.155136725608590,27.1224193559357)
(-24.7250285146922,8.36332185554726)
(-15.2560909382422,-21.0213485564951)
(15.1034212189875,-21.5261532988598)
(24.9743889877519,6.59645325692033)
(1.69771934042019,24.4011557971568)
(-22.0545369306292,7.95215313483952)
(-13.7223868576749,-19.3766249778612)
(14.6549691958808,-19.7366428659988)
(23.6712697794098,7.12541343893331)
(0.978358398796292,24.0875928828326)
(-22.1843398946126,8.09362904580621)
(-14.5073068645441,-18.4349464476564)
(12.3370018243258,-19.1158627671297)
(20.3420556471854,5.96129313953091)
(-1.87792347649107,20.5466156764049)
(-23.0627335740243,2.65217016264227)
(-12.3131839007004,-24.5528380950549)
(18.0444429852303,-24.0058146997665)
(28.6545684469382,4.62932006891328)
(6.29520953377152,24.2516410606538)
(-18.5237405105312,10.3842351626558)
(-13.1838310164059,-16.3094946646008)
(13.2643089949120,-18.9085302816989)
(23.4828867812633,5.52613609439778)
(3.25521890417511,22.8244534775842)
(-19.5763908114127,9.09065920461919)
(-13.8489993774939,-16.7578514538349)
(12.2355424020604,-19.4077865730794)
(22.7733459252665,4.39172177309949)
(3.49603749994898,21.7686293003461)
(-19.0470367654203,9.00143232050379)
(-14.2056782932292,-16.2977145574094)
(11.0076832553117,-19.7681823962333)
(22.0833092853926,2.70868253345481)
(4.41533825973436,19.9793582739003)
(-17.2644694039955,8.66746679816677)
(-13.3761691859567,-15.2278399498847)
(10.1518781554038,-19.0328536460379)
(20.8445471559868,1.66151812219394)
(4.71971519586204,17.6885754446208)
(-14.9881130028351,7.11986314853539)
(-10.6498209025055,-14.6845220205103)
(11.4222074967273,-17.0039920748614)
(20.1581785229027,3.29632688486270)
(3.29806860578373,17.4892737672171)
(-15.2969502432522,5.16512181286432)
(-8.67742259322558,-16.9595124662762)
(15.4829105680734,-17.6948561924798)
(24.7651647081954,5.54765573124680)
(6.19310747173143,22.6349659013120)
(-15.8722756275511,11.4608923921557)
(-12.7384026615655,-12.1542071528161)
(9.86110566079836,-16.2528390514319)
(20.1483126020067,3.75268239832400)
(4.03399468515928,19.3580201817989)
(-15.8239779553851,8.51908213725045)
(-11.5179874463171,-13.9970203503711)
(11.5349112195526,-17.0086965141303)
(21.8938773149695,4.11006073640294)
(5.17345123312776,20.8733189956800)
(-16.1447164984213,10.4936266273160)
(-13.2227467519545,-13.0379483467053)
(10.0185780420792,-17.9445617337228)
(22.3828224856422,2.34628596530428)
(7.65580948873035,20.6912812234501)
(-13.9859330839843,13.2719064644229)
(-13.9969339423296,-8.61862658128388)
(5.93971051007847,-14.9002800451880)
(17.2218722727349,2.00943667658911)
(4.11677739534344,17.5482391173690)
(-14.9281887506035,9.46605846426504)
(-13.2145054484871,-11.5134742523082)
(7.29755916893276,-16.7476596899140)
(18.8469187954557,0.810071082084563)
(6.10965554154101,17.1097620233372)
(-12.9921920502443,10.2115834934677)
(-12.2331798527383,-9.77209267200089)
(6.90665738004409,-14.9861358385097)
(17.6406816069752,1.71173557336135)
(4.98041118319599,17.1459362942320)
(-13.7200506192564,9.96566381365675)
(-12.8473867062881,-9.97293857769069)
(6.18888176941980,-15.3282622025259)
(17.0243986429622,1.04470732132205)
(4.69212874540981,16.3572056599080)
(-13.8455819380148,9.31001705159835)
(-13.0780906592355,-10.6616324798312)
(6.05300801951084,-16.4133847716631)
(17.5531980239389,-0.305086877264853)
(6.03319119804558,15.4879340897154)
(-12.3858962744868,9.48018394737515)
(-12.3788490890092,-9.82229697651183)
(5.92136646632690,-15.8502229724511)
(17.3747115089855,-0.447381135652013)
(6.43747042866317,15.1769375044791)
(-11.7016861741552,9.72348751593822)
(-12.1883409425019,-9.10646070387317)
(5.45784288156291,-15.4441903658661)
(16.9712256137982,-0.771839568579497)
(6.75801849738803,14.6718013007279)
(-10.9464041637941,9.88982980225414)
(-11.9343754289060,-8.20789682195605)
(4.75798470803405,-14.6582627249964)
(15.8639088616201,-0.857214287993285)
(6.07843899306759,13.8557966358308)
(-11.0367522691839,9.02080890272834)
(-11.9218730636957,-8.89619793115047)
(4.65792306143394,-15.6503145235049)
(16.2709662389336,-2.56157717090087)
(7.89141916457692,11.9571398621268)
(-7.68472611421428,8.22805418875275)
(-8.05085038962488,-7.48101669769451)
(7.43571101433532,-11.9367696702668)
(16.5979250340655,2.45420933159458)
(5.21611002149525,16.5776128413218)
(-12.7930899068836,10.5421211901827)
(-13.7265462885736,-8.87070520837121)
(3.93821462551110,-16.8795433521413)
(17.4780436023801,-3.74863764077093)
(10.3808298284952,12.6592269530971)
(-6.18450966583331,11.4361590457625)
(-9.56574495367042,-3.58316219069298)
(3.40957180327731,-10.3464893861586)
(13.0984408356133,0.470718453270224)
(5.07415506561960,13.0136206202733)
(-9.74473250276081,8.93722025026615)
(-10.5399318696191,-6.74391454888308)
(4.20375266707651,-12.5389274993878)
(14.3838054872413,-0.361831769756933)
(6.02951445420610,13.1216524098422)
(-9.35018521175101,9.42336791271856)
(-10.6044381580125,-6.26632218392151)
(3.89908049243127,-12.2353112358177)
(14.0227699907166,-0.188187130589513)
(5.60274803446034,13.3076329637918)
(-10.0465552002267,9.60644940943621)
(-11.6832646818597,-6.40519571387041)
(2.72156958196324,-13.0811508286592)
(13.3310628020273,-1.75502111125418)
(5.80867652015659,11.4939533938891)
(-9.02353043774151,8.12896176602510)
(-10.2159270574096,-7.27714850699512)
(4.37738037154386,-13.3532527497258)
(15.0725546199939,-1.34999703318049)
(7.31734021506092,12.7985400006562)
(-8.43878283692023,10.2487302691846)
(-11.1277096219932,-5.13074809162672)
(2.23107745459872,-12.3429904318955)
(12.8679208180442,-2.09624936978043)
(6.33343243917299,10.8187783268435)
(-7.80178823009169,8.32917186029629)
(-9.57701377749192,-5.94275474408277)
(3.56173514631745,-11.9714171075449)
(13.3282273897653,-1.30506957650585)
(6.14840617969259,11.1605745987471)
(-7.83453210616774,7.93658998697881)
(-8.75318389405681,-6.56763984388739)
(5.26540034638852,-11.8816693307819)
(15.0914560103050,0.196550296264130)
(6.75964784024417,13.8714008617687)
(-9.08043709721048,10.6769952126984)
(-11.3666479278250,-5.20120971900162)
(2.73682879128240,-12.4103491464468)
(13.9401560444775,-1.40205834036755)
(7.07823266780043,12.6588197999755)
(-8.33821727618561,10.6734032580755)
(-11.3023284262603,-4.37376819549984)
(1.91737699206434,-11.6997880513770)
(12.8024240744172,-1.30476562103416)
(6.09435415482265,12.3582806015584)
(-9.25802423520830,10.2707696377718)
(-12.3773285898822,-5.06121524886809)
(0.961620110309051,-13.0520273304856)
(12.6152033433104,-3.19605844924501)
(6.94015614387124,10.6692035037489)
(-7.89387087143354,9.42162339440872)
(-11.2468828958898,-5.19816812369538)
(1.70203133814265,-13.1156134941453)
(13.4832717795875,-3.46547718875178)
(8.34966333021435,10.6725369940297)
(-6.29724052252233,10.3664443610393)
(-10.3304366227049,-3.28222342509487)
(1.39315192531636,-10.9496193982383)
(12.1578215759925,-1.86506608425657)
(6.61873047172947,11.3897856222096)
(-7.97308521512518,10.3236894626023)
(-11.7404883014650,-3.90878273223729)
(0.450707707425224,-12.0239884572489)
(11.8920992958016,-3.07391684939080)
(6.93663156100664,10.5359011020148)
(-7.57673359790290,10.0745165956559)
(-11.7555893499374,-3.85975559263609)
(0.0730612160012392,-12.2393446202724)
(11.6723124821429,-3.72990369470139)
(7.23252928002725,9.84821668749149)
(-6.99891252547246,9.84048618707149)
(-11.4160690176056,-3.65642321419580)
(-0.00442051010518563,-12.0449356650029)
(11.4862729154606,-3.83535989735908)
(7.25744997644081,9.62121402754758)
(-6.85398544919449,9.80553520436412)
(-11.4667997732323,-3.52617653052435)
(-0.301074059195535,-12.0738227546247)
(11.2519319625910,-4.17302806378696)
(7.33100202419605,9.21977404080285)
(-6.61749434078232,9.64368353452083)
(-11.3779983663078,-3.49116751620241)
(-0.392604458632654,-12.1295828511017)
(11.2470572998731,-4.40300975313312)
(7.55157516115294,9.07464001747242)
(-6.41005274880109,9.80252454257842)
(-11.4901312485494,-3.20105164057681)
(-0.761623788756378,-12.0667848518768)
(10.9767139189697,-4.62048077828676)
(7.52146878247090,8.89715824072277)
(-6.48511530107898,9.87652448182740)
(-11.9031122843664,-3.12360675486638)
(-1.33864814001821,-12.3759720010553)
(10.7000832809083,-5.27669098644446)
(7.67668864679313,8.35968483749388)
(-6.27589719316057,9.73069623347497)
(-11.9538146068118,-3.13342218535491)
(-1.42147502911858,-12.5087632121915)
(10.8622442704385,-5.13358206525466)
(7.44543820080189,9.43236305419730)
(-8.37455158367849,11.2646326651151)
(-16.5476515058455,-3.37585184805426)
(-6.56739887456153,-17.0458323971756)
(9.19979596850180,-14.0410432631077)
(12.4291917022904,-0.232223800895534)
(2.53461933592269,6.18885048112513)
(-4.46793602107353,-0.631762894216496)
(1.01039459355873,-7.82937812460603)
(9.50068580455420,-3.26067136919964)
(7.01290334708830,7.14456600688178)
(-4.45952322778553,8.17025877318290)
(-9.43430264039436,-2.63111880988129)
(-0.821450134067323,-10.8916911137979)
(9.66045891369985,-5.27361774479721)
(7.42545171894018,6.48539140636831)
(-4.65834358607291,7.97451636044662)
(-9.97923489225933,-3.15906898281355)
(-1.15051569710559,-11.7229472068382)
(9.50012649805014,-5.94811374981207)
(6.80995088676707,5.88272373662888)
(-5.90866630718304,6.45044788529923)
(-10.7042906329368,-6.57831001653777)
(0.661491389252670,-16.5133959033589)
(14.9086107122847,-9.70487778140913)
(14.4592398030671,5.92447149946808)
(0.741929571481461,11.1641600219106)
(-7.90550194032531,0.962812807235311)
(-0.941673502090010,-9.27905029746709)
(10.5073608298841,-4.98577917026929)
(9.33319450444472,7.73762960924667)
(-3.79754973481418,10.7048469902157)
(-11.1397624636060,-1.03352557168172)
(-2.29048838561176,-11.8209960473603)
(10.8894019739443,-6.44172838143131)
(9.59656955910328,8.66151105010737)
(-6.45120040060621,13.0014533665794)
(-17.6451516817420,-1.02512554471804)
(-9.62576451975862,-17.5570850045638)
(7.96798870413148,-17.3497808214032)
(13.7872100461185,-2.40971904228204)
(2.06273115264945,6.80787221763577)
(-10.3775824474979,-2.34625070542377)
(-5.74955787951360,-19.0054671442632)
(12.7581060784430,-22.9301503820920)
(25.9893960964033,-9.18911963294825)
(22.4257690415107,7.71144291073392)
(9.76497844769248,13.0167717205503)
(2.18724080122487,7.86562594126592)
(2.82475751699708,3.35596995203591)
(3.98894887856256,4.12129318813982)
(1.22551917759140,4.59304662784196)
(-0.494640734228395,0.558063765535657)
(3.76369822709765,-2.96837661913863)
(9.43224377219317,0.647677406031991)
(7.91111908311713,8.46451305526523)
(-0.683664575823666,10.5511152723154)
(-6.39910543980075,3.52465774962948)
(-2.47718652021442,-4.16745863395088)
(5.39534404122123,-3.25888478851882)
(6.73326579932644,3.98143077013935)
(0.371913106107942,7.16161423395425)
(-4.44781788109831,2.13403980575764)
(-1.28629809345460,-3.71788509299371)
(4.69629727659114,-2.41304246162619)
(4.63995172911507,3.20067872936984)
(-0.877813072992162,3.85131859662441)
(-2.47456959174915,-2.19743602695712)
(4.16111444523053,-5.82264552646175)
(10.9110927469198,0.199833641838046)
(7.63590638947209,9.97273215684515)
(-3.37566842076046,11.1842321049912)
(-9.20323625390480,1.52969262090737)
(-2.86517372505352,-7.47382289440301)
(7.36448300207726,-5.10427442342321)
(8.67768085724657,4.74907047763076)
(0.332105858727252,9.04778526645220)
(-6.00160068364895,2.92534929606741)
(-2.27337991167214,-4.42377103621724)
(5.42274992589314,-2.83186186636196)
(5.82306406084708,4.98652932334491)
(-1.80176349695074,7.63145103950678)
(-6.86109925501751,1.04933402476680)
(-2.33692932549246,-5.90955811264155)
(5.48412576519721,-3.91203533372231)
(5.85656655271881,3.90104647086015)
(-1.47459974795974,6.41334539730639)
(-6.06614702326326,0.0752303772709258)
(-1.49314750008654,-6.26578422317077)
(5.68667716762696,-3.96451174549954)
(5.35468470487634,3.12527176029312)
(-1.54764060740609,4.10117117428196)
(-3.95479225383554,-3.18878106085183)
(3.62842085518902,-8.26575625675302)
(12.4325226306234,-2.16480765040360)
(10.4516573862653,9.51558220187667)
(-1.22380445912864,13.0277351449751)
(-9.10790923192535,4.38271926697188)
(-4.66674654115555,-5.27090489997788)
(4.75917634394425,-4.27036813643203)
(6.09235833843197,4.43882219466680)
(-2.00759897358281,7.88208276030780)
