269789203122327751124050740073.
0.040000000000000001
(0.883756579802473,12.4428420681831)
(-12.4005634701869,4.00647533297343)
(-7.60286693286143,-11.0528793439227)
(8.17970546835401,-10.1683644005566)
(11.2076492459789,5.45488653470686)
(-3.39174435119656,12.4530698474309)
(-14.2412412421418,0.120676979380745)
(-5.53646429915707,-13.6739677370651)
(9.59178045759482,-9.21788440510715)
(9.01024850234282,5.85874694231104)
(-5.39728561944570,8.56298762140878)
(-11.2177309436433,-4.76516588592971)
(0.225255144573300,-13.4951081371320)
(10.9922444288387,-4.64740035955641)
(4.53693538217857,7.15177398230018)
(-8.29258756329162,2.40037394701714)
(-5.52808905963883,-12.3840032819138)
(11.4634395138202,-13.3925303163707)
(18.1801158456721,4.11796779625407)
(3.14236172829223,16.8037993817977)
(-13.7517693159115,6.68188591259710)
(-9.29293278558810,-11.9127287714138)
(9.14173861649977,-12.5772458415421)
(14.2202154001408,4.76055378621483)
(-1.33772569290856,13.9336883227378)
(-14.3255556296265,1.17224406123243)
(-5.55034082871489,-14.7919410071729)
(11.9357453358292,-10.7414996222149)
(12.5697797505781,6.72761886669578)
(-3.75437971417522,11.4995144205337)
(-12.0589661339931,-2.97287378813381)
(0.0158991416878573,-14.3009788916276)
(13.8742224429815,-5.16120441931031)
(8.24985933057240,10.6576076712750)
(-8.70420868916096,9.18670265566080)
(-11.8046783784025,-7.58207120114027)
(3.17547926386863,-14.8733113697887)
(13.3701844268016,-2.69183704288828)
(3.79357698334438,9.16171496504220)
(-9.63924704352107,1.52478953989150)
(-4.30690710303513,-14.3056155840802)
(13.9902606578493,-13.0534825293779)
(18.5572518572318,5.92930550189845)
(1.67164515609178,16.3513506453577)
(-12.9461940802699,3.53861229330339)
(-4.65191712233330,-13.3824180393380)
(13.5121034899354,-9.39053129797863)
(14.0015043391194,9.42110798889721)
(-4.37384656116887,14.8879975698865)
(-14.7142962131164,-1.33227695544995)
(-2.13648153264206,-15.3895042767002)
(14.0787807225362,-6.92372925837297)
(9.45767829074917,10.4734981042941)
(-8.83102385447747,9.68505332221153)
(-12.5347183511802,-9.00821150234735)
(5.20663398278319,-17.8387557567743)
(18.9314595483646,-2.87161979940838)
(8.22839274938595,14.7063389833726)
(-11.8654710025910,9.31352828442903)
(-12.6149165602274,-11.5739237597318)
(6.64978272186613,-18.5483298486989)
(18.3273047367043,-3.20326526016532)
(7.50494494204499,10.6434086239177)
(-7.00894171236167,3.17041328123500)
(-2.01411753089455,-12.4346841743601)
(15.2490633274009,-10.9324612878166)
(18.8196159095568,6.59229674316282)
(3.66244474438675,14.8830401773281)
(-7.06126535748499,3.23474615003689)
(2.25038496930483,-8.38123221946698)
(15.5868677815244,-0.262665662118030)
(9.83247303985787,16.2672532740630)
(-9.29238505195351,15.5086753734658)
(-14.8554891014027,-3.34631565380261)
(0.910187581907212,-14.0450311291282)
(14.4640577987299,-2.27649916398271)
(6.06572903914614,12.7390999305175)
(-10.3910458586285,7.16946858098401)
(-8.21702214508926,-11.0801879344034)
(11.3089630378603,-13.6939061944657)
(19.7968877886712,5.27456958594631)
(3.88180672607362,19.3742134879341)
(-14.1368556640062,8.41238505961729)
(-8.67547322318999,-11.3869229743894)
(11.3784417673173,-11.0459690685830)
(15.8199980923597,8.40771050222171)
(-2.10297550463154,17.6278726011877)
(-15.8314290209492,2.63297232852444)
(-5.14084477241759,-14.5408946491359)
(13.8898900873038,-8.84337822351072)
(13.1434014379766,10.5822006354342)
(-5.60174101283901,14.4676034163434)
(-13.8056871632481,-2.67061387352108)
(0.724625414174078,-14.7271993376191)
(15.7635868944068,-3.70904088246586)
(8.67623324993260,13.1554719995179)
(-9.08480832747142,9.85452423600225)
(-9.38840121046811,-8.46716230164104)
(9.35947419112455,-12.8347008440436)
(18.8128549636075,5.44337570865767)
(3.10674054374615,20.4791093853875)
(-16.4197576848677,9.79332626072688)
(-12.0802378185326,-11.7766148795296)
(9.12450877315816,-13.4483008594966)
(15.7016770625316,6.08194227847308)
(-1.65303642422907,16.8447318676063)
(-16.3863101434575,2.33995246953441)
(-5.91324011988682,-15.8747936036331)
(14.5246447670608,-10.5170416002425)
(14.6373636138508,10.4934254173342)
(-5.53932917083666,15.7999244502315)
(-15.6262914646349,-2.47463277698641)
(-0.342337249074520,-16.9081525152419)
(17.6245699575889,-5.81366597699065)
(11.6017627692073,14.3131047902531)
(-9.13942889414548,13.5565420258378)
(-13.3642893492829,-6.57256670272435)
(5.21436560878682,-15.4734298810699)
(18.4981896525952,0.527263289732919)
(6.23683099245128,17.5543590157595)
(-13.4439411414568,9.96709221449047)
(-11.0821629427270,-11.1111115520951)
(10.0404929420111,-14.3303773838795)
(18.8681945839716,5.11284651417630)
(2.99318709816534,18.6255535066956)
(-13.2603164306869,7.33729719332659)
(-6.05417082362194,-9.89484414002797)
(11.8638805377814,-5.72118111504285)
(10.8638673999337,13.6280225392997)
(-9.81753248541480,17.4254818440902)
(-19.8548726463865,-2.59869553995925)
(-3.30588149327398,-18.5122959881804)
(16.5403188028451,-7.30612526492711)
(11.1004622686227,14.3798810933751)
(-10.9717078203964,14.5100045841174)
(-16.5279120831508,-6.78538842903270)
(2.67112882564034,-17.4929407001146)
(17.7591697444949,-1.68281015554481)
(6.20027406455421,16.6453534269064)
(-14.2561940072843,9.74797519624592)
(-12.2797412791880,-11.9009815658661)
(9.60748139432179,-15.1606959577669)
(18.3715345133572,5.72390645740573)
(0.0766287651705503,19.8744641107523)
(-18.6442017746784,5.81370866391615)
(-10.0269574959818,-15.9981262417571)
(13.1596389839824,-13.3195530893383)
(16.3728479435289,9.70271884018207)
(-5.14787097788174,18.5393500075566)
(-19.1505486221570,-0.153492299118913)
(-4.57454706699957,-18.4826031939386)
(16.8398961870619,-9.01428662180568)
(13.0318897236142,14.0687891936812)
(-10.2954458454539,16.1209667090639)
(-18.1160516267468,-6.01304063608606)
(1.40234733828256,-19.1496960826037)
(19.0250380067035,-3.50277433025193)
(8.23212856966516,17.5073429858576)
(-14.8804893889542,12.2747848351473)
(-15.5968025648736,-11.4861173818165)
(7.28696072763579,-18.1295997452823)
(19.4478388614515,2.45105053936469)
(2.44580665582814,19.4514975404005)
(-18.4442413305457,7.20656649593601)
(-11.9377280099435,-16.2259986545290)
(12.3465484401884,-15.9570550904200)
(18.1888922204423,7.47463904166777)
(-2.96631978439854,18.8616626699203)
(-19.1549541767026,1.13235647461353)
(-5.87841137536225,-18.9806171083751)
(17.0222203308584,-11.0673588801325)
(15.0951884394070,13.1800708863262)
(-8.88800996152407,17.4039873643139)
(-18.9384089768132,-4.76047153860206)
(0.0848973037549111,-19.9512604662765)
(19.5448713200909,-5.15452985876761)
(9.94340288412243,17.5408931055027)
(-14.6205474377270,13.9640032400350)
(-17.4447354362293,-10.7200035864974)
(5.59003569500185,-19.5955638505281)
(19.6525965167387,0.481879435059823)
(3.36328957050061,18.8779956466370)
(-18.6912277083563,7.18785972282153)
(-12.6497870353656,-17.6248581456898)
(13.4053068029595,-18.1795783676887)
(20.8821786643851,7.13348397135649)
(-1.69772508728876,21.0913659013626)
(-21.1010079855929,2.94112506830223)
(-8.66265595487268,-20.4358090889883)
(16.9355544193386,-14.4391368206681)
(17.5143626909029,11.6443553192003)
(-7.55987884696239,18.5684859655516)
(-20.4818936080029,-4.11907118493822)
(-1.67156024272748,-22.4463118569463)
(20.8915165305445,-8.96510145626295)
(13.6706188872389,16.1088312022764)
(-12.1131656090490,15.3192863241119)
(-17.4448881259123,-9.72075892577865)
(5.69601044097091,-20.8045516145553)
(22.1797647189400,-0.765111682062772)
(6.65997760447573,20.4678827883352)
(-18.0256333609990,10.8370612802683)
(-15.0611038779720,-15.4003758104190)
(10.7812180826991,-18.9561956425771)
(20.1130469759153,5.14899651937099)
(-1.53672045043600,19.6937048116189)
(-21.2545890676246,1.36071852155548)
(-7.91367728435745,-23.3391220160438)
(20.3951933347332,-17.0690039555915)
(22.4369120902443,12.1681882219059)
(-4.78356735740560,22.1560797742915)
(-21.1888117938418,-0.973401701245555)
(-3.15213463842570,-22.1094562227940)
(21.3966462612813,-9.65486512010339)
(14.9981744960342,17.2057688133430)
(-12.9560580152115,17.3930062408598)
(-20.1441818787470,-10.1239383698719)
(5.03864086991664,-24.3433727164474)
(25.5917713871598,-3.58196783063609)
(11.0262414673085,21.7226179951536)
(-16.9045318352229,14.2849045434216)
(-16.6384090191054,-14.2534761213329)
(10.9473945355876,-20.7812567097149)
(23.8851183373706,4.53806921290955)
(2.26453074019312,23.4151138647851)
(-21.6242827867371,7.03347211245711)
(-11.7421243079938,-20.3403799199252)
(17.2546435298144,-17.6049097706439)
(21.7167963014339,11.1977038961717)
(-5.27430108148341,22.5562064741534)
(-23.0296496798973,-1.10433560805042)
(-4.23853716409309,-24.4754775782659)
(23.4944970802759,-12.0308893214903)
(18.5326256305676,18.2682631514335)
(-12.1680852989221,21.2834470378225)
(-22.8865773680925,-7.64990601106956)
(2.47906017652759,-25.1928651354608)
(25.7558430064036,-4.70582575338567)
(11.2558306844416,23.3019031246293)
(-20.3597987888158,16.1304038107982)
(-22.0269297423474,-17.1757896557491)
(9.88969888280107,-28.4678627817142)
(29.8317531163249,-1.45785886801343)
(10.1821669662098,24.4173148016751)
(-18.5138884214691,12.6331812712616)
(-13.7975929832105,-16.8191616936323)
(15.5336879647864,-18.4982982884044)
(23.7014768319920,9.96481647503996)
(-2.43712498440108,24.8398992507870)
(-23.4849264400648,2.91023160233702)
(-7.27617679889384,-22.9861883984567)
(21.9531679156323,-13.3884732893094)
(19.6217895170920,17.7443327261411)
(-11.7413822402285,23.3198256711318)
(-25.4670952539953,-6.06512001404780)
(-0.508614385466025,-27.2691094968569)
(26.5403800901950,-8.79064863074187)
(15.7922427702189,21.9158954316146)
(-16.2831482011731,19.3112558016455)
(-21.5421417245217,-12.0622862235339)
(7.50254019054917,-24.4724369598934)
(26.3237144642278,1.05811485339600)
(5.46316705192244,25.7789310304102)
(-24.5322444512172,11.2258663040360)
(-18.2909409886874,-22.4986441112612)
(16.3016589547971,-25.9746329782349)
(29.2795593998035,5.99584662857927)
(2.72766515597079,26.5950182738177)
(-22.9639263906353,6.75709327258737)
(-9.94353528314447,-21.9792183430595)
(20.6023204970199,-15.6172571391281)
(21.1143044640823,15.8245400665216)
(-9.96162190445455,23.7225751903737)
(-25.5028452575841,-5.11614138794005)
(-1.10051267025149,-27.7870187547165)
(27.3030320832999,-9.79325207619459)
(17.0478777962718,22.3603617197527)
(-16.6838153493481,20.4651290247908)
(-23.1790545161077,-12.6991421714838)
(7.40269674734739,-27.0826469092002)
(28.7084900467571,-0.786376259773223)
(7.97423382560319,26.2887816650740)
(-23.7940494439645,12.2231044801084)
(-17.7365295433228,-22.9949542997018)
(18.8710971465430,-26.3530668518910)
(32.2228161080274,8.59229260481019)
(2.14965428497426,30.9575809969092)
(-27.0356200286564,8.00187316549031)
(-12.2163658058344,-25.6537344538412)
(23.9815197008202,-19.4339903367570)
(26.8286305671802,17.4484738292303)
(-8.44479946921806,29.5819238600120)
(-29.2375208397381,-1.51502970056356)
(-4.48793685827605,-29.3804257579604)
(28.3974153956431,-12.3127159442121)
(19.6440381743057,23.6261226628134)
(-17.6131238137187,23.5438282785042)
(-26.5411082892148,-13.2592796991744)
(7.64239182596141,-31.3512681155031)
(34.3634576788140,-2.37066351726196)
(13.0831908053766,31.3649994238191)
(-25.1586597916745,19.4924025241911)
(-23.3389289413336,-20.5268000470342)
(16.0122820781252,-28.6950390604029)
(33.8149958409510,7.73055488519372)
(2.69692799067133,34.4317480708922)
(-31.3689090902022,10.9905296258199)
(-17.3749675657047,-28.0639705600161)
(23.9799553105187,-24.3203179767040)
(30.5734065240054,16.8631838181462)
(-8.14032251523986,33.6207069958992)
(-34.6030945634462,-0.0795569512926673)
(-8.76286281484489,-34.9187753238046)
(31.7956281982584,-19.3888031645951)
(27.6456046895061,23.2909421341678)
(-13.7755150209629,29.8864316618480)
(-29.5599001179692,-8.09805873393244)
(3.88456411433081,-31.8197733256971)
(35.0391574226539,-4.04635275142105)
(14.9472967690457,33.9565356714457)
(-28.0580367943114,24.0070380683321)
(-29.8347855384108,-20.7219282437050)
(12.9760129298459,-34.1124518892725)
(36.6334486576898,3.91920186445003)
(5.36418646715689,36.2613754056429)
(-34.1439871557675,13.5373341220856)
(-21.8254292727008,-31.1456103816379)
(25.2152497876229,-30.6168888546046)
(36.8423301245907,15.6007138769541)
(-5.59425272698680,38.9788255503784)
(-40.0111292235272,3.27781000064043)
(-14.5701611348621,-40.6818233333664)
(35.4462914044379,-29.0455437254805)
(39.2132733361174,21.4145912388734)
(-5.97483677873390,38.7447129730193)
(-32.5846664618980,1.97012584120155)
(-4.17192473755511,-30.0796369807848)
(31.8495392280961,-8.85923162329573)
(17.9736403135881,31.2132267547820)
(-25.5270195760908,26.4528327633175)
(-31.6176344932793,-18.0954550750962)
(10.7138522804409,-35.3524468437052)
(38.1835250417933,1.85677653092504)
(8.43885778643538,38.0953864308850)
(-34.7317680731428,17.9957757993792)
(-26.1450792674876,-29.4495730799075)
(22.2099297615532,-33.2200264708479)
(37.9184340472294,12.7985516631177)
(-3.17966223289349,39.3856661379796)
(-39.5247256545005,5.51517212789916)
(-15.4887917445780,-39.0395817591404)
(34.4652160733173,-27.3735648745990)
(36.4218404958688,23.9279985702891)
(-12.1806241419068,38.8077779088802)
(-38.0981111912137,-4.29409841418903)
(-2.16232733351027,-39.5289061206367)
(41.1708155933885,-12.4455514226258)
(25.2425207123401,37.2877875830156)
(-27.7998167619119,34.6188357951135)
(-39.0451103040125,-17.6531018381339)
(8.65646443691405,-41.7819578915700)
(43.7981333844038,-1.46243222480055)
(13.0229072925862,42.7097431740015)
(-37.9493661232496,23.5070642004204)
(-32.0562105973752,-31.3149323580281)
(22.9711299722550,-39.5712775685013)
(44.9952479648190,11.8759793953585)
(0.527997698405366,46.2308074132038)
(-43.9847723421702,11.5451287056163)
(-21.2407524795030,-40.4356960172294)
(35.1432092448854,-31.1267358521855)
(40.0745231769531,26.3257311794965)
(-14.9125102102854,45.5482779667324)
(-47.5756088190093,-3.38624269154791)
(-8.01669892381705,-47.6570936530844)
(45.1960661628884,-20.1963255429960)
(31.8131289015704,38.7135304446837)
(-29.0904681695327,40.5980103061999)
(-46.4199858246545,-18.2258158232058)
(6.29142585329593,-49.8748520934327)
(49.9666878472131,-6.57410090536532)
(18.2901632003522,46.3748301469649)
(-41.3513474063655,27.8840865132194)
(-37.6620617368815,-35.8292576980088)
(26.6013531270212,-48.5672544168276)
(56.3429068488319,11.4350225100500)
(5.84618928356983,56.6141145501289)
(-51.1149410014597,19.7785511184723)
(-30.1487052104613,-44.4196893693717)
(37.0449090552272,-39.9597205489313)
(49.0351861931252,26.5366175299767)
(-13.1600466721720,54.5865767889428)
(-56.2265228898883,0.506945049702795)
(-14.0493517112016,-55.4732401397999)
(51.5983933307796,-28.4745095715742)
(42.1090009988925,42.6194752705264)
(-29.5645807067140,51.6471197134436)
(-56.5631345534131,-15.6650935641877)
(2.03758722905544,-58.7231991812746)
(58.4408756862709,-12.2869045533224)
(26.9305054825566,54.3516132126913)
(-46.3324407941711,40.0757790106243)
(-50.9088442164773,-35.4225454894688)
(21.7933510263592,-59.2123187969592)
(63.5741259803995,5.63373198638344)
(11.0177281084429,62.7593074183618)
(-57.8015736517028,25.9314503770691)
(-39.0424951960718,-50.3327325221690)
(40.1242597843044,-50.9237334043859)
(60.3784825874524,26.4711760546950)
(-10.4774044249908,65.7211180592902)
(-66.8766120630209,6.13220627806243)
(-22.8176953324709,-64.2312215951949)
(57.1818397717211,-38.9554353820523)
(52.6579649012794,45.6895674711895)
(-31.3497540583162,62.6410909992823)
(-69.2459505693750,-15.2995563764452)
(-2.68212831784225,-72.1470785949095)
(69.6221713440558,-21.5507285721639)
(38.3106323033514,61.6766748408087)
(-50.9215799616816,51.6709110981790)
(-63.3008280197048,-38.4970966374975)
(22.3424084459943,-73.4574041281751)
(78.6705073139837,1.75623706343580)
(19.5613105513671,76.2825305951161)
(-68.2334145000723,37.6654493939495)
(-52.6489448083417,-57.6365868684645)
(44.4076711195666,-66.0680332307744)
(76.8127800165433,27.1144029466766)
(-6.70839126888984,82.4159574733221)
(-82.2923451732751,14.3667895020887)
(-34.7960518986840,-77.1188803275713)
(66.8986728631602,-53.7924701811569)
(69.7256526674454,51.7960118795938)
(-33.1714970005564,81.2633258815099)
(-88.1852455791019,-12.2357235855809)
(-10.4752755715760,-89.8942604729963)
(85.2586207221748,-33.3592227092691)
(53.8776230058036,74.7616695136640)
(-60.2429141217148,71.1375949845136)
(-85.5524651530474,-41.9568042331831)
(19.0561156105121,-95.5094405110359)
(97.9638410974346,-6.49383579367178)
(30.3659211016017,93.0918915394894)
(-84.3242864271176,51.1984039584004)
(-71.3391205635533,-72.5813678208869)
(54.7199020120908,-90.8963577603619)
(105.305797816508,29.4026594821670)
(-0.405619231109831,110.740464563946)
(-108.016549839322,27.9038123313270)
(-54.5086975157383,-99.1403255043050)
(83.8656642905586,-79.1053894453603)
(99.3312812214442,61.9956174018712)
(-35.6492605110411,113.053433449302)
(-120.306328604383,-6.93790511383757)
(-23.6523418215071,-120.934570701986)
(113.298020629941,-54.7390351547582)
(82.9004040101000,97.0898905794408)
(-74.5598625034752,105.710387221421)
(-123.081138103226,-47.4877142414494)
(15.8803439171326,-134.342040143999)
(137.068557143145,-19.1011363839333)
(53.9881774247228,130.100189984633)
(-114.797224608437,85.9842175653230)
(-114.223649850971,-92.2859531687098)
(62.4156154196641,-137.215397565759)
(152.052491996231,26.3134712851288)
(12.8995810489827,157.021609564644)
(-152.330914001291,52.5725481497202)
(-91.0632533398073,-137.976283113179)
(113.667354616234,-125.834737358071)
(153.887120526984,80.7463410205492)
(-41.3805738581602,173.753283102866)
(-184.274510974366,3.38550573943729)
(-51.6956686493675,-182.653435611377)
(167.293944858661,-98.5302104650315)
(139.245196194758,141.036394473510)
(-107.362603799538,173.875185521014)
(-203.412178735838,-65.0928222528903)
(11.8211990783800,-223.527488438721)
(227.345556065585,-48.8303029708480)
(108.799179259109,213.336612497348)
(-185.114871157445,163.342468250056)
(-211.778917409317,-144.519955072514)
(90.6468782086015,-251.528433772777)
(277.275112389995,25.1900907377675)
(46.7762927250636,285.902708885741)
(-277.244417576174,121.191881727862)
(-195.448272978942,-250.303944320311)
(203.353225483655,-264.941195595360)
(323.511197985614,137.351761939158)
(-55.4935189457745,366.712090437201)
(-391.302771590904,39.5538052786893)
(-144.759016373088,-393.037188604414)
(367.984162099065,-254.784568952320)
(363.396554991648,314.267059639618)
(-230.792352652245,464.670514201406)
(-551.786949481842,-116.840525955736)
(-26.8686764213778,-617.416250716210)
(654.273703688819,-199.397149859055)
(399.028077337550,653.371682018156)
(-608.552437440383,622.320258818686)
(-881.940499742069,-518.025004332792)
(338.828654594926,-1224.49188502346)
(1655.85580838444,-87.8269822990810)
(975.956102334543,1956.53677908898)
(-1624.29912152205,2282.48143529574)
(-3403.90594840758,-235.192801792680)
(-1948.20999882476,-3393.83300284154)
(1772.22730269417,-3819.35535760078)
(4162.01748573191,-815.208727240697)
(2924.07855959873,2714.27132274762)
(-452.644068921269,3463.12663335449)
(-2535.17193761711,1259.70230202997)
(-1778.60761386923,-1142.97732095112)
(189.279228338480,-1449.06904949699)
(972.120905523980,-145.162626721108)
(191.190606879365,717.789575473741)
(-627.468461429285,251.418115869926)
(-369.203271141328,-533.303894723135)
(387.092892091049,-464.678319517963)
(501.338998382704,230.005078874868)
(-91.2303137428448,497.231937625617)
(-469.108671425475,30.4998972406844)
(-137.063483256693,-418.421667134478)
(347.737128493045,-222.901103422166)
(284.704416928767,264.475557141237)
(-174.894145100031,322.773962573320)
(-337.498645496160,-83.9953644501458)
(-2.73099331477398,-330.207893966889)
(303.941194942154,-80.8512114073561)
(147.300174121531,261.770940039571)
(-207.009744018251,199.011795197525)
(-233.844837670551,-144.358572318846)
(78.4629140483282,-251.800146315717)
(253.486402454322,12.6993391716722)
(49.2935006464875,239.294951023757)
(-211.228541902716,103.326170882210)
(-146.970914556433,-172.921318310678)
(127.054940618139,-179.561811914343)
(199.609806733668,75.5012646520146)
(-21.9723842900383,205.336785177811)
(-197.627772937682,28.8650825684914)
(-74.6246555245509,-179.039223033774)
(150.560850756584,-114.106810951446)
(144.141583232675,113.158781293706)
(-71.2087667934204,161.865423551417)
(-168.916435114678,-29.6333182371168)
(-11.2555539119135,-168.410345907106)
(158.890865658937,-52.9000657363222)
(91.6042892416043,136.825033950491)
(-104.333752982183,120.361004157273)
(-137.170829896187,-68.4756577921091)
(32.9321107310441,-145.658384105220)
(147.343637256868,-3.69394612568736)
(40.9211073999362,139.325484933553)
(-120.597174759874,73.7112642244019)
(-98.1854556561642,-95.1141568963882)
(66.8822361768936,-115.056688284989)
(125.707905990221,36.4525861615491)
(-3.94772504970518,128.980708740788)
(-123.565800723796,28.1725682730288)
(-57.0138223383648,-110.354737582400)
(91.0142004090522,-81.1502899574319)
(99.5776443685235,66.6807675997920)
(-38.8919329398765,111.048916699663)
(-115.089930625889,-9.80067846089451)
(-18.8641062469451,-111.991236139370)
(101.932314972763,-45.5677512776621)
(68.2873071501758,85.6146372227606)
(-64.9200387130161,85.6401436067252)
(-97.6522132180331,-41.3841078851107)
(15.3587977170912,-103.926466343326)
(102.791020858095,-11.7686428317267)
(36.5715968869736,94.0387476233887)
(-80.3436753128718,56.7874547884787)
(-73.2732582511271,-63.8454827097865)
(43.7424738703609,-86.5900616900344)
(94.2618036911971,19.6706647234017)
(5.20866885335112,94.1237376338728)
(-87.8042137159640,27.4085732569721)
(-46.8987074707256,-77.8514852725999)
(63.8567546555198,-64.6038814961622)
(78.5525109486785,44.6872316618951)
(-22.3417172393376,85.9041814388118)
(-86.8176040529936,-0.211139055926920)
(-20.6443648465732,-83.0797696302119)
(74.7382134345078,-40.3845196508073)
(57.4158848939873,61.1938848659252)
(-43.9305268531959,69.6080176189615)
(-76.9134944404592,-25.2283811216740)
(5.67924500087374,-80.1048468632392)
(78.5131521879727,-14.5465556413804)
(33.6560768570937,71.3922691695258)
(-59.8181910251579,49.7035753185887)
(-62.3299629053696,-45.1814066217890)
(27.7287200848293,-71.1961898113873)
(74.8627094660580,8.36105844710154)
(10.4583559057503,72.9843421640185)
(-67.1955001179206,27.2894901222998)
(-42.6361006146151,-58.2536103358380)
(45.1600382952573,-55.8506394501826)
(64.3254966259770,28.6112366613990)
(-11.8684095196152,67.4205524908323)
(-67.5896329499120,3.62878098924679)
(-19.7657293112149,-65.6496105724277)
(58.8467345266288,-36.7718513032086)
(50.7760448765000,46.0067267007728)
(-30.5824634161184,58.9563623898730)
(-63.1612111798469,-15.7590244498782)
(0.456068712540003,-65.4515860956229)
(63.9497331581357,-16.6523056896664)
(32.9263218027491,56.5098718267678)
(-44.9886213353525,45.0943971999520)
(-53.5163843198294,-32.3192217006431)
(18.4277454981185,-59.6700276364965)
(62.3835083350185,2.47435368032247)
(13.6791426585739,59.9703489601357)
(-53.4907659270211,27.5399820776871)
(-39.0497058265448,-44.8023683373724)
(33.7875115885141,-48.7619498441661)
(55.4380661427364,20.1520712053387)
(-5.48440013134775,57.9353104490875)
(-56.9635357500427,8.75830286698485)
(-22.6743620819482,-52.9209265879162)
(44.8498163795749,-35.4766533595755)
(44.7560833465360,33.3522948203871)
(-21.2325937321757,49.9895403625848)
(-53.3090383849018,-9.43521527848479)
(-3.97117660333907,-54.9912947675962)
(52.1271379253550,-18.8983218202017)
(31.4780996968201,43.8508768298626)
(-33.6732192235472,39.4800528949488)
(-45.2647349471530,-24.1233585886320)
(13.2759052178853,-50.7168786306775)
(53.4206018986645,-0.601675362051241)
(15.0249957140439,50.8226930638867)
(-44.2878779708971,26.9120476373872)
(-36.4263689027932,-36.0233508969424)
(25.7003050648673,-44.2793391157281)
(48.9148803418119,13.0839068881498)
(-0.407708449276096,49.3505025999096)
(-47.3336791996889,10.7822015439404)
(-21.7265217360513,-43.9082625756177)
(37.2996952924124,-32.7923105877938)
(41.2761710768442,26.7765379297797)
(-15.0158675888390,45.3995483944901)
(-46.8711498696086,-4.10823274581273)
(-7.12219733604258,-47.0049714538249)
(44.0356250734561,-19.3566926307326)
(30.1338078263810,36.8109131436085)
(-27.4201471330534,37.4792470278031)
(-42.4840254277163,-17.6784647651283)
(6.70921213699016,-45.9078185162122)
(46.0152757100303,-5.67403421275882)
(17.0419056942614,42.0820423075561)
(-36.1665947740020,26.0444402689223)
(-34.0769263895238,-29.2251533743759)
(19.5506388354147,-41.1716401836095)
(44.4906697638529,7.19329550973687)
(4.43893945557973,43.1036207516348)
(-39.8312000983114,13.6332153128537)
(-22.4943779610499,-36.0622277689671)
(29.4122115326950,-31.7046965280310)
(37.9894563373310,19.0499302214710)
(-8.50495171433006,39.5530741505705)
(-39.2766119901554,-0.205545249225933)
(-8.15499004874541,-39.4011212684013)
(37.5069695532580,-18.6251194916641)
(28.6976742639941,31.0321020768407)
(-21.6730029180911,35.2229336237773)
(-38.6484509681245,-12.1391969914109)
(2.38312245230035,-40.3429834022238)
(39.5078978296518,-8.01948127023462)
(17.4765819282143,35.5885838898254)
(-30.1072822879641,25.0563584779212)
(-31.9200129885395,-23.6026957474870)
(14.4550033894767,-37.7959548492813)
(39.8766849408212,2.94682486168097)
(7.45021656512010,37.3868972945670)
(-33.2738770812983,14.9513622929553)
(-21.5997346067442,-29.3263837083961)
(23.7262354803038,-28.6253398060325)
(33.9092583498401,15.3526359978866)
(-6.21437224473765,35.9689581971984)
(-36.1383439925256,2.28501695367812)
(-11.1524805087851,-34.9682046349124)
(30.8586828317858,-20.1679586464015)
(26.9115461140828,23.9135711951778)
(-16.6359099214304,30.9357910756559)
(-34.2837871753204,-9.42251484547164)
(0.177459304612513,-36.6447930760695)
(35.0447146935085,-10.4645867066873)
(18.7913817337079,29.4574875348632)
(-23.2920983809627,23.9083494214300)
(-28.3198109431655,-17.3822743769207)
(9.53326579795156,-31.8582287520419)
(31.6019942945568,0.854405701421829)
(4.56710538266623,28.8879907277832)
(-28.8735240427715,7.79417183106835)
(-15.0821171710007,-31.0756054333010)
(28.1361846388763,-27.2555207280961)
(36.7131694543537,17.0059214174473)
(-3.84706410243602,38.2807296381053)
(-35.6125623605274,5.64000825968300)
(-13.3025783535143,-33.1296986059103)
(29.0779348836623,-21.9493046108121)
(29.0270285453814,21.1495857046010)
(-12.1426871289054,31.7955367893145)
(-32.5008599865108,-4.95101714396203)
(-2.28089583188693,-33.4644885877490)
(32.5126566821458,-11.3513586330545)
(19.7081863287879,27.6864715991090)
(-21.2314360036415,25.0815073724357)
(-29.1040433316126,-15.0009289568201)
(7.29204280601093,-32.6301164356309)
(33.0474745095414,-2.16796023442379)
(9.88497052629954,29.8163107483688)
(-26.7093078618502,14.8588341927896)
(-21.0436726379865,-24.7819733523668)
(19.3530202659952,-29.6247875926748)
(35.1023690788795,8.19128605141749)
(3.42960286639716,33.5118603895849)
(-28.6010690455058,10.4101629888451)
(-14.7653625556954,-25.2048532070670)
(22.1305420238499,-20.2753469758812)
(25.7672492632803,16.3619385413224)
(-9.01979575242267,28.5279519431975)
(-29.3826793513105,-2.34637242484471)
(-4.53035709119422,-29.7497943219929)
(28.1186654271539,-12.4932338767589)
(19.4671388723936,23.4276761697164)
(-17.5946295999524,24.0879829609117)
(-27.8054767659083,-11.5577315644264)
(3.65354765336307,-30.5372799839516)
(29.5085297063327,-5.42490785998121)
(11.7294289422962,25.0694838186992)
(-21.6877320199257,14.8501235035875)
(-19.3866123337095,-20.2634915652299)
(15.8745303899102,-26.6246802753381)
(31.3244498381913,6.37848476789194)
(3.41341621941016,30.1859965592947)
(-26.7861201678280,9.67682935242336)
(-14.9002774564520,-24.3961549252789)
(20.6789756508104,-21.4559893411127)
(26.6110866089657,13.5537464040121)
(-5.74620281536596,28.0498803192682)
(-27.9418216611442,0.548896205444244)
(-7.19546755404194,-27.6663864093551)
(24.8953277897776,-14.7419827309278)
(20.1338823044506,19.2747060907331)
(-14.1277187955840,22.9087433678109)
(-26.3825786459704,-9.56152818462649)
(1.72206898798580,-29.8457351218548)
(28.1148917263049,-8.21286229629493)
(13.5897281779716,22.0162122682152)
(-19.2939061501136,14.4850098536549)
(-19.7037076360991,-20.6000168444553)
(15.6530967871761,-31.1194597491280)
(37.1938775952579,0.0284796153107262)
(15.1100060504476,29.9148968300518)
(-17.8722600273081,18.7540358320823)
(-15.8265945781095,-13.0335938478870)
(13.5316570745022,-17.3120525486862)
(23.0656409851204,10.1096330395701)
(-2.10479120651945,25.4416205743682)
(-23.4209834540504,4.31872415705815)
(-8.32617226708862,-21.7458666204233)
(20.4726000512230,-13.7088303724894)
(19.7044067609178,15.9412897164704)
(-9.12307502938104,22.3648680677231)
(-22.3653192185839,-3.91337983111185)
(-0.259778364202948,-23.0605562562913)
(23.4932261183541,-6.29623027330357)
(12.8271053919414,20.7616954916168)
(-16.2522920680976,16.8766276096874)
(-19.7866539565765,-12.6047698520676)
(7.99768682937476,-23.7195351871492)
(25.9862151473539,0.170813426217295)
(7.73616986653426,23.5564141618950)
(-19.2137852521733,12.0224177141003)
(-14.8998481701061,-16.5800376793214)
(13.4368244703459,-19.4689392347659)
(22.9348987997967,6.86352835496927)
(-0.159667697375322,22.0029049212891)
(-20.1156018417639,2.90761206633934)
(-5.91303973628927,-21.3660715270028)
(21.8521068235154,-13.5233490221798)
(21.8175558155512,15.7612401090835)
(-6.11910602692838,23.7504453322876)
(-20.7556294328788,-0.427015912913454)
(-1.34263892498563,-19.8227407641168)
(21.6552728189875,-5.34361027922469)
(12.6892774654637,20.7252088050424)
(-15.3935698023939,18.4925007074642)
(-20.7276488524564,-9.47400651179012)
(4.68274542351507,-21.9577958993397)
(22.9823288755726,-0.845179396003132)
(7.15486281091340,21.8840426741446)
(-18.7502629017735,12.1732069874062)
(-15.9387742771607,-15.2968589902671)
(11.0357362270761,-19.5162377517355)
(21.4746992557080,5.19119675145871)
(-0.0884235811155833,20.8149361931215)
(-20.5364378992217,2.94545723778770)
(-7.77271878847174,-22.3032973790628)
(21.0720083767995,-16.9981496740826)
(24.8373355891600,12.2346657206250)
(-0.913073772384729,24.1946849014399)
(-18.1088969900237,4.06617128827344)
(-3.23133236447013,-15.7055971510364)
(18.4681938824669,-4.94884654971833)
(12.0938987397582,19.1923084045359)
(-14.0044521366901,18.8808328790647)
(-20.9925652331231,-6.91765027374353)
(1.77519190795597,-20.6819956225430)
(20.6047472605089,-2.64379557382276)
(7.90995949297031,19.6436432172293)
(-16.6748604736428,12.7020499793839)
(-16.0368333290723,-12.8836363952222)
(8.79811299776205,-18.7502163234608)
(20.6022545412308,3.55607801317759)
(2.09213588083490,20.2009058186961)
(-18.2780597095187,6.22529190318318)
(-9.40958744789371,-16.9219835375956)
(15.5060630687120,-13.8163059188956)
(18.7813657613147,11.4825900029035)
(-5.07068901572563,21.3317074505033)
(-20.9143521635300,0.891772016951569)
(-5.47000637003796,-19.6050979709243)
(17.9810019125811,-10.0293371650077)
(14.5401161308872,14.7693378555461)
(-10.2106395447944,17.4533678058592)
(-18.8798194490313,-5.88469770765178)
(1.59466186737059,-20.1210249650929)
(20.5279092903605,-3.89625949402935)
(9.61998576512585,18.4620399313240)
(-14.7004123648601,13.5178235397003)
(-16.0160205111876,-11.2457757615240)
(7.59696977194180,-18.8007785960616)
(20.9210557116135,2.00458020502186)
(4.39813237308774,20.0425826595587)
(-16.8771870366548,8.73460454767412)
(-11.0984519927240,-14.3276001955399)
(12.6025955725819,-14.1324803428363)
(18.1409959530289,9.12310630559363)
(-3.23092503002446,20.4683526627301)
(-19.8445152064337,2.71065257355384)
(-7.12971673336189,-17.8383360005911)
(15.6780325767090,-10.8449266453463)
(14.5005375171625,12.7360804943372)
(-8.60232633913130,17.3045867584630)
(-18.7641561042281,-4.01898533510270)
(-0.648216059162533,-19.2834720270218)
(18.7282750878324,-5.68785710088318)
(10.5895325737295,16.4154440336694)
(-12.6635072723918,14.1896363449931)
(-16.3156681640413,-8.63159149485545)
(4.67006985935563,-17.7070671745528)
(18.4714017506354,0.307578161738747)
(4.37944937106283,18.0275564859797)
(-16.2794907840114,8.71882882641163)
(-12.4158582308617,-13.6151682572634)
(10.1298082990259,-15.4601255942635)
(17.5133960576880,5.85344188152207)
(-1.25531547602885,18.2799844374215)
(-17.9436530305994,3.23111327666229)
(-7.56857747703460,-16.6361533311305)
(14.1910318924657,-11.5420041611812)
(14.6486171885985,10.7771348935372)
(-6.87270086584456,16.8006775162123)
(-18.1532545290667,-2.50196126430895)
(-2.40956318345783,-18.2735133733437)
(16.7080961900464,-7.09109390834291)
(10.6911655966478,14.0961070443990)
(-11.2474029347525,13.5781768823132)
(-16.2727234993548,-7.66946507850297)
(2.81393573336652,-17.7940127854837)
(17.1118874317398,-2.02044161590394)
(5.30637076093092,15.3994428526195)
(-14.3575203956103,7.95762220961878)
(-11.7341571114584,-13.1304911157659)
(9.69638994046948,-15.8127384632011)
(17.8872162518310,4.51621462666476)
(0.262457966442953,17.8714682491970)
(-17.3174451709119,4.40434582470350)
(-9.04508993088309,-15.9877970977788)
(12.5216941836795,-13.3681892393336)
(15.4508278636507,7.80113629243224)
(-3.99172131839658,15.7853790992191)
(-16.3098497550384,-0.860039588421890)
(-3.29223552452921,-16.6326386568536)
(14.9601586619824,-7.82211171467322)
(10.7219577177844,11.9231696879978)
(-9.51395597345839,12.4919165056105)
(-14.9809365017674,-7.13310297252334)
(2.83218345300335,-17.3224921678369)
(17.2263217748393,-2.49867452729504)
(6.43033074687518,15.2601856162094)
(-13.5474140886602,9.29733667447899)
(-12.8274687280500,-11.5177443066839)
(7.46210520072847,-15.9649414429291)
(16.7216790236106,2.68831819669207)
(0.701996306458236,16.4013088236288)
(-16.9554648218250,4.20765274729089)
(-9.83276999085657,-16.2940221956142)
(11.8153816793009,-14.9451207227273)
(16.1476346285293,6.14674925069558)
(-3.07511385254105,15.6952689333387)
(-17.3498496524435,-0.446447806520090)
(-5.68222914820766,-18.5914349904316)
(14.7032370684025,-12.5152670668392)
(14.3832455615582,8.09196862964446)
(-4.85960569923619,12.8102979197705)
(-13.6885087235195,-4.17629286580290)
(0.496683361707362,-16.3389995445312)
(15.2735030106597,-5.35587920516607)
(7.70653712903609,11.4332907334536)
(-10.7866535677755,7.60357073046699)
(-11.5835475401660,-12.1521480782273)
(7.99197273068096,-18.6761347342417)
(20.3136368867191,-1.76139123020266)
(8.28125247402090,14.6924122569266)
(-9.76295298399241,8.16556613415294)
(-7.84606517087380,-9.61908155382510)
(9.18559120413725,-11.1740941014945)
(13.9070493936664,5.31318602045832)
(-1.84964264467270,13.7567956568109)
(-14.6296535745403,-0.0758546440272744)
(-4.67608868943100,-16.8705501706840)
(14.3896706887918,-12.4882850070654)
(15.8607943267301,6.27356630330979)
(-0.608670076242028,12.2827395131624)
(-9.40256018468788,-1.45204182574973)
(2.16316831801627,-12.2421923525372)
(15.2724785035857,-2.71124533272784)
(8.77940105519653,12.9670878656028)
(-8.54868419755216,10.9042226801541)
(-11.4181379851953,-6.15802421448158)
(3.63777740594950,-13.1114166551204)
(13.2222907466101,-0.651097182463997)
(2.91242917490711,10.7183705437709)
(-10.5435960049577,2.20020943075740)
(-4.64368074218319,-14.0493875058964)
(14.0606747400409,-12.6669135412102)
(18.7202787943706,6.42362802123564)
(2.06938325315877,16.8678287730018)
(-12.2604781835452,4.50759820350008)
(-4.38067317797836,-11.6761187301018)
(12.6538311391840,-7.72830800260305)
(12.5776621842899,9.85949721200710)
(-4.89704222928979,14.1793334310669)
(-13.8460108521001,-1.76780349311106)
(-0.962997268820907,-14.6858996802161)
(14.6544449257381,-5.81801206240402)
(10.1133357210063,11.2209236702820)
(-7.27390177324581,11.0222533391583)
(-11.2937620206138,-5.71745146521763)
(3.85309484814730,-13.6210099737496)
(15.1360777600750,-0.848411845718477)
(5.41928059767685,13.2937022601785)
(-10.9377670554744,7.42835464996229)
(-9.71224645153259,-10.0007646230723)
(7.11599766859939,-13.6096042001869)
(14.7949286737576,1.07536769258604)
(2.97035998856186,11.5807868782727)
(-9.45698128294690,2.65930615510636)
(-3.53591670264138,-11.2278717834187)
(11.1927231415756,-8.63677216899150)
(11.9110246885835,6.00549541312886)
(-2.10325563133360,9.48625773732380)
(-8.13140675311225,-4.08291703745603)
(4.93824352460751,-13.4426216650412)
(18.5379764621397,-2.29426034782662)
(11.6184811090119,15.0021676185608)
(-7.19810572791129,13.7505709747218)
(-11.3357035515114,-4.28041615711469)
(4.67688816713046,-12.7626622040388)
(16.8538942436479,0.632932567768047)
(6.99403394867171,16.0510568109295)
(-10.5486048633566,10.8130022525219)
(-10.2767860465240,-7.14135788907032)
(6.70964519682695,-11.2912408425950)
(14.6597488245718,4.04454185760180)
(1.60800010606660,15.5615893279864)
(-13.0706792709522,5.89429367080860)
(-7.84846023424749,-10.7134830322039)
(8.95608200503578,-10.0814025988980)
(12.1032806237752,5.70242023833362)
(-2.44431758033885,11.7995018915734)
(-11.5117069887587,-1.64829163003704)
(0.206983655018248,-14.3431755952285)
(16.6405611505177,-6.09818021530136)
(13.7823434650494,12.6697469873247)
(-4.73914341001816,15.8572603886735)
(-12.9020797344414,-0.0944483943900385)
(-0.461303814397836,-11.3802884188769)
(12.6351584288470,-2.23456932644609)
(6.50493931416470,12.2726328622882)
(-9.24617598410300,9.49439029320078)
