289286076719325307718380549030.
0.040000000000000001
(13.7078728706791,-11.9280021195802)
(13.1955833503526,8.90907240890418)
(-6.90413394491533,12.7397893569136)
(-14.8447263480876,-6.37580989123925)
(2.68795382824157,-18.8101165550957)
(19.8117715460078,-4.32903726761190)
(10.2122412392579,16.6468533452586)
(-12.7690711207989,13.1427024641302)
(-15.4953216652356,-9.76750323305625)
(5.72427996712432,-18.1267140041963)
(18.9714360826667,0.265699822222465)
(4.43785792442505,17.6488862284374)
(-16.0051091250351,8.00057286949697)
(-11.8558834409641,-13.9590483598105)
(10.0630661214672,-15.1626552860234)
(16.0422027722924,5.72567993436030)
(-3.29820064231221,16.1839866029451)
(-18.3794707639370,-0.825952682987842)
(-5.18048635319193,-20.4350085057182)
(17.9116921778804,-12.7617195655908)
(16.8810135112032,11.8691241355501)
(-7.06352504952875,17.6120044945107)
(-18.8658225407396,-3.68546455244186)
(-1.63646417734085,-20.2953016201545)
(18.3557234210177,-7.91494718135868)
(11.1504607278007,14.2287041777981)
(-12.1151663295934,12.4947047449677)
(-16.2136670107200,-10.6258291266626)
(5.06844876007736,-20.4585871402976)
(19.6759364699408,-2.54208312810666)
(5.81643285854673,15.5305086559647)
(-14.9173475814952,5.88149664833270)
(-10.0315608287250,-17.1616450050797)
(14.4567009040259,-18.2030627524338)
(22.3152520402149,5.80343053500721)
(1.21718563735115,20.2256211625573)
(-18.3973228588309,4.04970236536020)
(-8.32226375404675,-18.8072754952017)
(15.7062445787125,-15.1336915820501)
(17.9372412283564,8.31325377849625)
(-3.89034740770350,15.6042373456206)
(-15.7483189715060,-4.07105519955538)
(0.933114198970636,-20.4096232764426)
(21.2088443026075,-8.16522380173483)
(14.5768174717784,14.4720247900766)
(-8.55776087090452,13.4647110700120)
(-12.4910452270716,-9.15666984616159)
(9.33498571048172,-17.9063114139762)
(23.5665939678447,2.29527973965268)
(7.00242839474406,22.2752962991859)
(-17.5385554635627,11.6701316986717)
(-14.2681857074861,-15.0880804735948)
(12.2335826341526,-19.2850326851547)
(23.2773418800978,4.89432522794868)
(3.13890335449489,21.7334333302545)
(-17.9775951787353,6.96464233008570)
(-9.21428377643218,-16.6161169872026)
(15.2433112705375,-13.7990279427020)
(18.1446128861873,10.4230987420587)
(-4.75753723078499,19.0495886354674)
(-18.9280666361634,-0.923269381362175)
(-3.65881395966167,-19.4195814817617)
(16.9498486232125,-9.55748535205091)
(11.5262718124241,11.4123494066914)
(-9.92665477551982,9.07210617183780)
(-11.0512899758310,-14.2062193138903)
(14.1410708777341,-21.2792281743648)
(29.5218351636876,3.12471410576052)
(10.0958381028715,26.6143052609468)
(-18.7623012237599,15.2507828186535)
(-16.4623756480282,-15.6165720729432)
(13.5904759598230,-22.2346250371862)
(28.4565979718829,4.32100371698691)
(8.00796149915456,25.6123088098181)
(-16.6189365857703,12.5436114536152)
(-10.0868667315536,-12.6992034286362)
(15.0166491993611,-11.1595728585258)
(18.3486360040793,14.2580990949379)
(-6.78291650880903,23.7978996864669)
(-23.2448473098372,1.38904121760710)
(-6.22343784231819,-20.6870275056656)
(19.0438063160928,-10.2114444715481)
(14.9616311892316,16.3786492077510)
(-11.8972350773440,18.5521283333508)
(-20.6154889257692,-7.34313793350136)
(2.43597521613039,-22.4944416153080)
(22.8968524858657,-4.09487108731578)
(10.1049735939845,20.0489239236115)
(-16.4230731673777,13.1935494524283)
(-15.9841203785047,-14.7382485514927)
(11.9327488685616,-21.4894607288340)
(26.1804728103352,4.17411064601508)
(5.22913838193702,25.0352700283882)
(-20.3509923300209,10.5503828788070)
(-13.1064927730710,-17.6175836248942)
(15.7143547740091,-17.8033469951258)
(23.1983609746213,9.77641836739241)
(-1.21352532426806,23.8711067425426)
(-20.5323371874760,4.14862151181976)
(-6.20295150154272,-18.7804045983578)
(19.1244036615996,-10.0077702234193)
(16.2076271917229,16.8904361681446)
(-11.1991838650399,20.4659775219492)
(-21.7416784556451,-5.74247554732217)
(1.15853916741366,-22.9822112031999)
(23.9394413605675,-5.35261692894393)
(12.9762539946026,21.1426151507940)
(-15.0781333046304,17.4472299671963)
(-18.4199632723313,-10.1203940569870)
(7.12404804310517,-19.7254451088666)
(22.1791854393201,2.78715485706016)
(3.58234663595580,22.6811505633470)
(-20.4627065740049,9.10349542463134)
(-13.0694732197799,-17.9068983417366)
(15.1906625831836,-17.4573594907725)
(21.7860457555018,10.1788285989832)
(-3.53476014342857,23.4083807000920)
(-22.7219846970325,1.88963700790586)
(-6.42809373440910,-22.3306414051575)
(21.4650539214240,-12.5940173542721)
(19.2361976856868,17.0888525431174)
(-10.0517483435572,22.6255600379305)
(-22.8760609093292,-4.16186434192577)
(-0.381671741114444,-23.2384160574767)
(23.4785365269282,-6.43971890668851)
(13.2094152789520,20.3803076797498)
(-14.7544160667264,16.6899916433241)
(-17.1694457578643,-11.1902377174946)
(10.0348423190982,-19.5321218877930)
(24.8666418302306,6.14846275008485)
(2.72148295552065,27.9972520462718)
(-25.2942017344360,12.1871366459760)
(-17.9213304560558,-19.4601858563697)
(14.2767488876472,-20.9543735995131)
(23.8638541210698,9.39814097967549)
(-3.01422500707056,26.1005027539797)
(-25.8911431929105,4.17828400858978)
(-10.4158502525278,-23.5323582463747)
(20.2427814337137,-15.5608775940511)
(20.1341491881852,16.0131156689283)
(-10.4939916814134,23.6472566134863)
(-25.4821315832116,-4.26325999599438)
(-2.07234024149606,-25.8321404686328)
(24.7673173829802,-8.53300698683782)
(14.7511511731184,21.8239741792917)
(-17.1411028984161,19.7217330092015)
(-23.0398897390109,-11.6614870387068)
(5.88094402808022,-25.1220637532907)
(26.0324087369281,-0.382803460781601)
(6.93140327031717,25.2875309095305)
(-22.7977693981374,13.0525754513933)
(-18.3312028606111,-18.9276811290965)
(13.8335801720751,-22.6018845308557)
(25.4137252668714,7.67356611728340)
(-1.08294341738623,26.4208730517929)
(-25.8529496497207,5.34990848742948)
(-11.5410927706762,-23.9224747937971)
(20.4256726007238,-17.2722882858868)
(21.8727331348634,15.4436819926012)
(-9.58696437904524,24.9823548710078)
(-26.7094718806006,-3.20317340444417)
(-3.63267454591692,-26.8258909671744)
(24.9722175852897,-10.2581425732126)
(15.8651327357883,21.6474542272643)
(-17.5447776296428,20.6734301850185)
(-25.0457494406562,-12.1562800714237)
(4.88755990836013,-27.7985490641830)
(27.5018179532199,-2.84264809440880)
(8.94973399954838,25.0808452506389)
(-22.6050169932157,13.7798540903730)
(-19.1798951919324,-19.7989400918036)
(14.6162332126255,-24.7553154800440)
(28.0603305483241,7.09034635574994)
(0.490941816048147,28.3947817151044)
(-27.2368314060356,7.16424915548149)
(-13.7789943742908,-24.9690329391472)
(20.5503745349121,-19.9724201579753)
(24.1222050384574,14.4523175892958)
(-8.42464313880169,26.3472350010835)
(-28.0343695140908,-2.34502434460599)
(-5.08560712419173,-28.4837323876929)
(25.8168566262475,-12.6970662581919)
(17.9075821218690,21.0289828902906)
(-16.9157374552500,21.2673870477690)
(-25.5384459888640,-13.0192550280294)
(6.21986427723371,-30.1748501996070)
(31.4102083013030,-3.39721049527879)
(11.9911029817373,28.2464029884841)
(-23.6403366371605,17.7647155305658)
(-22.5917859763390,-19.1731438829724)
(13.3028010588374,-27.2660439090853)
(29.9257041875449,5.61653410257619)
(1.93495685805011,29.9841845993074)
(-28.9520873333096,8.81918769055229)
(-16.2994314971442,-26.6454846089556)
(21.2423718649074,-23.4563911866180)
(27.5836590752999,13.6169853494584)
(-6.76840476485198,28.9692497100814)
(-30.2970605188129,-0.595415525163115)
(-7.56736602285588,-31.0076791211989)
(27.6888394302828,-16.8960874317055)
(23.1785454281177,20.5238090025342)
(-13.6452197144990,25.5213290634783)
(-27.2126965369545,-8.42809446309487)
(2.25867663299413,-29.2703491662222)
(29.1206426570161,-5.36919225477649)
(11.7159572490687,26.4400004425323)
(-23.9639435618767,16.6266661654427)
(-23.0430780876077,-21.3805758142202)
(14.9016035641480,-30.3979845426869)
(33.9323018058945,4.41094971383239)
(5.28755830364980,32.1834266277238)
(-28.8977220856493,11.9206994665887)
(-18.1407203521214,-25.9593723784168)
(20.8515462899861,-24.9454757912846)
(29.2666675145400,12.8765573747517)
(-5.36511237617383,30.0501656679516)
(-30.3412956233121,0.410492591908692)
(-7.31544888152362,-31.1676508711131)
(29.3817213432515,-16.2718002284027)
(24.0008991706888,23.5759862065589)
(-16.3581650501493,28.6090875787450)
(-31.6575424931626,-9.21416450538254)
(0.961677459089715,-33.4376767057866)
(32.2312464233406,-7.70530928122894)
(14.4220543675170,29.0318751285966)
(-26.4113191190251,20.4338511750473)
(-28.6774924072118,-22.3095592313641)
(12.4491757609000,-36.2973805691797)
(37.0832038402334,-0.675138668921129)
(9.67228882731506,31.9353252852259)
(-28.0395284840586,13.8528033530477)
(-19.6518270887341,-26.6455989006772)
(21.4927474262817,-28.2145248764294)
(32.8860005473522,11.2044668723061)
(-2.57712145568142,31.5429781690021)
(-30.6137323125779,1.68440607571063)
(-7.73022369322570,-32.9291330333441)
(32.2078443391377,-18.6383014564711)
(28.1959893480011,24.6151189975133)
(-15.5403106053018,31.9599812621842)
(-34.3702095235767,-9.04595616673976)
(0.580273734438345,-38.5295036225321)
(38.6627917854969,-12.8646909879799)
(24.6051542635818,30.3126988564330)
(-19.5000329246178,28.2201955569970)
(-27.8514540901136,-13.6133178649600)
(10.2932065107400,-30.5685519251190)
(35.1077470450890,3.23768564456290)
(7.15439486386816,35.8964645998913)
(-32.4413604379730,16.4239034052951)
(-23.7964273664148,-27.4492018850406)
(20.8006734663892,-30.3547140382338)
(34.4969429544976,11.9632701306736)
(-3.49140354208072,35.3596151146177)
(-35.7655340072620,3.58964463508973)
(-12.6159418078495,-36.3885900750647)
(32.6352511885490,-24.2851566648335)
(32.8439795166977,22.6452700112958)
(-12.1498079169432,34.7500317428630)
(-34.7364889077891,-5.62822859293424)
(-0.879199765870382,-37.2531532753896)
(38.3927727609311,-11.8178672388495)
(23.4187052936654,33.0574487947920)
(-24.0345915708571,29.9599204177916)
(-32.9351019517375,-16.7086046485678)
(10.1152832897981,-36.7021737820577)
(40.0289039563458,0.516022180590765)
(10.8069746629812,39.1108321083041)
(-34.6080940187065,20.2329155701050)
(-28.0099725573549,-29.0555271558135)
(21.4820892829908,-35.4496141291373)
(40.2139978005130,10.7518061009906)
(0.0879223866039495,40.3958454007261)
(-38.8266673161082,8.65841282495145)
(-17.7712985922507,-37.5098098785076)
(32.6559164395589,-29.2081765238794)
(38.0192457182722,21.4403207226740)
(-8.75242101595155,39.5112047896834)
(-37.1827305436531,-0.497762225826335)
(-5.34214205593527,-36.8807949569030)
(37.3092486765724,-14.1035292619472)
(24.9425189101926,33.2934401923135)
(-24.7987336053344,32.8865953384037)
(-37.0079627838701,-15.8093641716785)
(7.21208412080449,-39.8512234866221)
(41.3968094580852,-2.77859203879437)
(13.5247621337887,39.6477290361358)
(-34.9678043528221,22.8714996733145)
(-30.8503740545804,-28.7823267887873)
(20.4316525399724,-37.8924032196685)
(42.1134929448028,9.56974262744632)
(1.35927377944979,42.3870598233490)
(-40.7526271362249,10.8257777075994)
(-20.6272070729381,-38.1418539366371)
(31.9270556677290,-31.0248597962417)
(38.1294988263133,21.4504127981184)
(-11.0384728600018,40.0954385553225)
(-40.7722822346494,-3.30429836207829)
(-5.25990898553535,-42.7705249962065)
(42.3152169948548,-17.3826521787717)
(29.2397180356264,35.8837397834819)
(-26.4082626041339,36.6600183940132)
(-41.4808054783566,-17.5506313824749)
(7.45151790061766,-46.1631631709345)
(47.7286554406963,-5.94876263843060)
(18.8921066953117,43.2481666246695)
(-36.0551631258058,27.5017031196237)
(-34.3583630972977,-29.9506425148681)
(22.2030780980826,-42.7480699919521)
(49.2017530846714,9.13968590045324)
(5.89785273299775,48.7514136765542)
(-43.3059259936113,17.2150914139286)
(-25.2802007292262,-37.7961520834247)
(31.9191843124197,-33.6601986720149)
(41.3261045065865,22.6828166464903)
(-11.4797501733270,45.0506227332216)
(-46.0149646080474,-1.54251332180502)
(-8.45231594739625,-46.9764112496281)
(45.8081411367676,-21.2850678811394)
(34.4500222905537,38.6797835928406)
(-27.1315929465755,43.1106301247902)
(-47.3119569564491,-15.6174882649402)
(4.49293465784203,-50.0754076006076)
(50.8461867587303,-8.43606294534079)
(21.8567712354898,46.9579785702053)
(-39.3074395085550,32.4891647330356)
(-40.4779071890035,-30.7097887511465)
(20.7606728644412,-47.6252090521836)
(52.4687026552801,7.78767746189320)
(6.34581970943036,52.4539761056578)
(-48.7083220178076,18.5877208839784)
(-29.4424411856937,-43.5846838532913)
(35.9823533320160,-40.3939498576735)
(49.2579705942657,24.1105584409649)
(-10.2162745980409,53.1324419945730)
(-53.2742953135553,2.44832253318595)
(-14.6015977529977,-52.0879470925390)
(48.1415953839941,-27.9360983658745)
(40.1356963555128,39.2249164808780)
(-27.4057959510446,48.0216535569024)
(-52.7394614721528,-15.8485524505255)
(3.50116931462461,-56.5935947799315)
(57.6049858524275,-11.7679449288886)
(27.5466668599369,52.5724334324156)
(-42.8824590322399,39.7242972470512)
(-48.3421967537430,-32.0199406405480)
(19.9137334414918,-55.4356218131793)
(59.7105355527800,4.96615452841861)
(10.8892171231333,58.6511472279175)
(-53.4688927264855,24.4287055935747)
(-36.0619061505774,-46.7886720092746)
(37.7598917173880,-47.4874185742714)
(56.8407370628564,24.4448715676282)
(-8.66882331630679,61.1184366600398)
(-61.0158539729921,6.38670963089893)
(-20.9201757305461,-58.5340255327377)
(52.3939830790182,-35.9956854686017)
(48.9850655883206,40.8315595137699)
(-26.3708833338850,56.6417228956118)
(-60.2546909745447,-12.6664991634871)
(-1.00643136692402,-62.6362954710387)
(62.3851141786561,-17.0024135212202)
(33.4416772728003,56.3466715474710)
(-45.5350138660369,46.3518536623304)
(-55.5359333479520,-33.3359904777088)
(19.8239167585584,-63.0569156398828)
(67.7721406672388,3.13649182401979)
(15.1843649149462,66.6434426002657)
(-60.0302090132562,31.3644750724562)
(-44.5672662356702,-50.7665017864180)
(39.2833278870739,-56.1965188610718)
(65.3937562431421,24.2422304305560)
(-6.72590767543805,69.7506878810045)
(-69.2779174125541,10.5834744774796)
(-27.1682411469365,-65.4705260320844)
(57.7334892913588,-43.5517789168325)
(57.7843679486755,44.7744325684882)
(-28.2479835467275,67.0382542420006)
(-71.4494342819447,-11.1709310046216)
(-5.98905233279793,-72.7158823580623)
(70.2979065097548,-24.0923256509932)
(41.7125818895897,62.5589690378409)
(-50.2042689322252,56.2456401944499)
(-67.1309391012049,-35.2042777437101)
(17.8860883374672,-74.7239173063257)
(77.7024870027734,-1.69099912238905)
(21.2866051914968,74.8494589575395)
(-67.5800558043709,38.6584892485832)
(-54.2913251603041,-57.4784232339526)
(43.3201031495447,-68.7195406383987)
(79.1929738725783,23.9201943044754)
(-1.98653998253766,82.5243104646261)
(-79.4823122793683,18.3878267868555)
(-36.4104019610371,-72.9319017862724)
(63.2376789546740,-53.4375969808681)
(68.7398745653736,48.8679338273560)
(-30.1687370844844,79.7399541834377)
(-85.2670732203157,-9.38075091593075)
(-11.9997747857705,-85.6905143499662)
(80.9199824325041,-33.2360146128189)
(52.8409879664112,70.7173294499122)
(-55.9319558594736,69.2382877274917)
(-81.8041915713802,-37.6038771559552)
(16.1876359958370,-89.7744273094939)
(91.7746014821603,-7.05030788915399)
(29.7657314089342,87.6212426779169)
(-78.4986326456627,50.6936822415272)
(-69.6904561391015,-64.5342850350190)
(45.0349940531412,-84.9587202981344)
(93.5653322345626,21.8756500404618)
(1.06952185169091,95.6707684816538)
(-94.2224652613973,23.0346729603162)
(-46.5622000357572,-89.0371896476523)
(75.8553580075103,-70.8322762679828)
(89.6166796607047,53.6227032733245)
(-27.9972103993840,98.7475501635308)
(-101.154435793817,-4.36980297294186)
(-18.3505965770816,-100.990915687930)
(96.8134656199258,-43.2608538877166)
(68.5502571788319,84.6534879191378)
(-64.6135565962060,89.2602370120292)
(-103.153176793830,-40.2482777633232)
(13.7895468835800,-110.855111378282)
(112.276503881769,-14.2051491623015)
(42.2256472550518,106.496175069040)
(-93.7837762244953,68.0474955542486)
(-90.3086824722455,-75.0897301660343)
(50.9344349825729,-107.725951790347)
(118.406252005498,22.6101366789148)
(7.35543480960584,121.545415132877)
(-117.826372521929,37.2890262371971)
(-66.6686527654636,-107.052809238095)
(88.0407519418155,-93.4027151636674)
(113.804957054493,61.8667519075311)
(-32.0683280703130,126.364060706682)
(-132.243695211720,-0.571744353154308)
(-32.9822105918872,-131.056936507339)
(120.142442790290,-66.7410453872636)
(95.7174222964712,99.5311349546721)
(-73.3990208874501,117.178599828357)
(-132.810472996241,-44.5637759301043)
(11.6878693354499,-143.387832147278)
(145.469903537101,-25.6758635066712)
(63.2868163269542,136.062849544290)
(-116.844271455592,96.2478819787759)
(-123.330973087371,-90.9901863937884)
(59.1995534736430,-144.573556599919)
(157.866938288501,21.6989231836591)
(18.7870386604775,160.851573469038)
(-153.604590143183,58.8249613496800)
(-96.6121951606486,-137.019806816561)
(110.950244403286,-130.373647162077)
(156.878733819364,76.0604289806496)
(-35.2472398793315,173.577892184110)
(-180.116846525325,8.52921762635490)
(-53.6957922902262,-176.332886221831)
(161.053998293773,-98.1332065250841)
(138.141995237062,134.130731322384)
(-97.5025273031934,170.480785505128)
(-193.407718787512,-53.4286406116264)
(3.79584973038140,-205.240461189843)
(204.204901861832,-48.4996805229388)
(99.7820882529255,189.994585226759)
(-163.367546412288,147.223614613745)
(-188.142318195722,-124.681473169374)
(75.2283187229500,-218.622997332850)
(235.570832773865,18.8955305151215)
(40.3582676792851,238.864214447723)
(-228.516194573614,101.013792611107)
(-160.621436252957,-201.884718837473)
(157.812581297008,-212.358305246561)
(249.678226471849,101.303356000066)
(-39.0511967956787,272.404365562446)
(-282.975603137642,27.7236759488741)
(-100.344125689870,-278.609516706609)
(253.379357550911,-174.293239999585)
(240.148597065813,206.988401855015)
(-145.228180638923,292.185204602614)
(-329.938708375524,-72.2567200563009)
(-11.3784636987447,-351.598628780709)
(352.040226774980,-102.943364794007)
(195.461168901274,328.029185225791)
(-280.447334721475,282.071561250896)
(-358.016390909588,-211.052791371544)
(121.266153572313,-418.245364291537)
(456.957348748944,14.2852011861289)
(104.743017261098,469.549753389797)
(-452.666857573061,230.090607205460)
(-354.998013872321,-403.631412438373)
(321.630026504293,-471.558401506413)
(572.230557567308,207.691539773566)
(-63.4259932811105,649.380165411552)
(-694.458262319524,107.545958663820)
(-299.448398494072,-700.598154636343)
(660.984605443926,-508.432965934768)
(727.188619164349,561.865354143738)
(-394.582546456939,931.839639252141)
(-1105.08495434810,-182.306407034565)
(-56.8986044356088,-1295.12934405605)
(1579.46300795372,-435.067033894008)
(1214.50872877400,1840.56178878151)
(-1586.45662129344,2497.60516432270)
(-3783.62502938332,-235.070085632144)
(-2168.36141339711,-4016.87875731334)
(2411.26516448202,-4547.89118322351)
(5401.02253663568,-629.687120413709)
(3559.68199672401,4041.64583781563)
(-1249.51151753048,4847.47634283740)
(-4147.55845736092,1381.00389762123)
(-2717.63981545628,-2357.77514984405)
(666.790930284335,-2737.07254168781)
(2120.60260547350,-335.486401921226)
(746.721240383839,1481.18706979305)
(-1016.24168460835,890.350642338560)
(-952.331706846473,-666.661992431096)
(364.372161721770,-962.818203630327)
(917.122138097586,100.662411044125)
(117.557157658627,827.194884846990)
(-707.100864915260,291.588696892668)
(-422.756647759815,-565.068157028013)
(410.198885596294,-510.170168586615)
(555.776826341184,252.704189850184)
(-100.349109290637,563.589206828140)
(-537.340118340854,40.3597063286437)
(-162.929457950540,-481.924428416538)
(403.953914281831,-262.650140471470)
(336.976926992312,309.978354713151)
(-206.292522952101,384.258569280285)
(-404.117793926228,-99.6895779230856)
(-3.47129094880624,-398.124220414313)
(368.832087929989,-97.9664707679531)
(179.010126150812,319.508668174153)
(-254.860117026173,242.789437357983)
(-287.537729635094,-179.846857381898)
(98.4498571527329,-311.912243383687)
(313.892154820556,16.1034536541569)
(58.9491895850778,294.723804390575)
(-261.608823133573,121.259948697154)
(-173.162882847175,-221.218905843975)
(172.173627845913,-218.604223933663)
(253.454980381113,109.873166614308)
(-37.6988662590477,268.232901472573)
(-259.836199724809,33.0150664997977)
(-93.8712964130354,-234.256913195579)
(197.804818649365,-143.982760929377)
(183.684165767632,152.171666633722)
(-98.9001723306580,210.411267477597)
(-222.328785327782,-42.4143564218641)
(-13.3008346372827,-220.557974552956)
(206.059660089673,-66.3096180330521)
(113.646523567258,178.674785988078)
(-140.515189966905,150.865697245959)
(-175.887070469163,-96.3665544647402)
(49.6886216577863,-189.738044355350)
(192.823278248828,1.58357168856740)
(45.8547677240309,183.897392720196)
(-163.179033276896,88.6269301549513)
(-123.720103807704,-133.265289474738)
(96.6752998540256,-150.003309447554)
(166.310851303357,55.2821415486521)
(-11.9283880659309,171.490095839093)
(-166.055546275829,30.1986462519939)
(-69.3440714849625,-151.201338280057)
(127.007003225758,-103.853102800129)
(130.278774986384,94.3078465964794)
(-57.0584425487023,145.813837194876)
(-151.435135335274,-19.7055813411303)
(-16.6505421546300,-149.568094891476)
(139.905377303146,-52.4292172134246)
(85.2956467187450,120.783340928418)
(-93.4815916518039,111.121783445458)
(-128.185717186202,-61.7679169504834)
(28.1013293043119,-137.202380384330)
(138.167351768273,-6.58527778271582)
(40.2922037114489,130.325012157277)
(-114.472860636464,70.2363426530506)
(-95.0144126264359,-92.4627551003956)
(65.2260057779619,-113.927304611515)
(125.180980841742,33.7634011283082)
(-0.996766803444150,127.270539322532)
(-121.118671947816,29.8140548526712)
(-57.4500474482439,-108.613626241758)
(90.2689968816439,-81.5074341823948)
(100.292215428814,66.3663266105071)
(-38.8597073491513,112.048929801420)
(-116.748614002674,-10.0567749745261)
(-19.0048543555926,-114.711607770987)
(105.221874131287,-47.0043476946048)
(71.0761804860364,88.4364276502119)
(-66.7798524498482,89.0644394457738)
(-101.172467199643,-42.5824579039387)
(16.3163119847727,-107.694497877097)
(107.338103378109,-11.1903066976683)
(37.1792864190754,99.5428395123167)
(-86.0692565889335,59.4163166722525)
(-77.8214357649458,-68.5170593579814)
(46.7721494770145,-91.9907854246791)
(99.7883445962622,21.6162491244561)
(3.88844159912815,100.213133627491)
(-94.9322099656254,27.4621139709524)
(-49.3033796520194,-85.1894224414200)
(70.0652197343775,-69.0282719993388)
(83.9368081169964,49.5831426026776)
(-26.5146141544413,92.1910813119425)
(-94.7272458988410,-3.24395577861461)
(-20.1157048668335,-92.2593684725909)
(83.5940844730257,-42.7653659999573)
(61.7174380809489,68.7587827819973)
(-50.5142130156656,75.1678154499729)
(-84.1497200035663,-30.8756824706302)
(9.38959834934629,-89.1038840918870)
(88.2365017022577,-13.4812973723173)
(34.8501058873835,80.9655981830989)
(-69.3186804553138,52.9677886248464)
(-68.4771333655893,-54.2336172484108)
(34.5133979902419,-80.4359149421239)
(85.3733820168932,11.3394775911006)
(10.5222154314614,82.4734538138832)
(-75.4506920143185,28.3737285804066)
(-44.2837235661684,-66.8658621970730)
(54.7611610312781,-59.7537783237186)
(71.9599278448490,37.4697054249147)
(-17.5356386869715,77.9943475799760)
(-78.7258688447290,1.95219172275175)
(-20.9010009180583,-75.6222918311079)
(67.7221760065073,-39.2676174590829)
(54.5167105974097,54.6747498074883)
(-39.0060836257383,64.9374675800982)
(-71.8247768942226,-22.5399118749199)
(4.24649444788178,-75.6939466321848)
(74.1357522563515,-15.7311707041995)
(33.8075676714289,66.1348014261645)
(-54.6513626281960,47.4788101027886)
(-58.2877919469418,-42.1053839077165)
(27.1177484615235,-67.4894815857925)
(72.6121992485782,8.62049545837871)
(10.5553271046632,71.3307670989796)
(-65.1791401765636,27.2234718654669)
(-41.5394455963520,-56.4433356093954)
(44.6938276839723,-54.3052127436043)
(63.8508336924552,29.2262195849329)
(-11.8567669909747,68.3456528297130)
(-68.3032960391471,5.25463258409732)
(-21.7268862527276,-64.5667468117772)
(56.7175744645091,-37.0030508383591)
(49.3336312970039,45.1808891350693)
(-31.7584482935926,58.1947640193719)
(-64.4272230158970,-16.8434385145344)
(-0.330637023454762,-67.0293173452857)
(63.7794397924843,-17.9047807772344)
(32.2471131474219,55.7906667798354)
(-46.6732610316467,43.3726759529471)
(-54.3529774202329,-36.2535622153552)
(20.7014109909801,-64.1819436930255)
(67.1231707956989,0.487109998004797)
(17.7589551062748,61.2514527167504)
(-51.8225578710123,29.8014714464688)
(-38.5795759907938,-43.4443059333450)
(34.4192212389308,-47.6612216198736)
(55.4139315241338,21.8560785176981)
(-7.07334323131945,58.8847431496089)
(-58.3919650501519,7.42914390225630)
(-21.5589019630049,-54.8958732795711)
(47.4002048728157,-34.9217198024488)
(44.9729014708292,36.1426111217911)
(-24.0792062649832,50.8766882936736)
(-54.9787311537327,-12.4053809098995)
(-1.11382261019434,-57.8700370103557)
(56.4118822861562,-16.9134891436906)
(31.2732294054490,49.0828483171561)
(-38.7091939999891,41.5399720903979)
(-49.0516610868191,-27.5952149896246)
(14.7236160372417,-54.6723392481508)
(56.3815348040046,-0.00492030930218454)
(13.8239817134701,53.5631314285038)
(-48.5586774828935,25.6512732627761)
(-37.3376473218478,-41.7115338429654)
(30.3079962045769,-48.1388060808857)
(53.5990889083427,14.8449103843816)
(-0.596803454152593,52.5628484811864)
(-49.5571894525543,9.87291282930101)
(-20.0465382594385,-47.2633757201722)
(42.3484382715848,-32.2850200148942)
(43.0737687291509,32.0154560582958)
(-19.0626670158551,48.8218105926975)
(-50.9172718588689,-6.87218801697342)
(-5.32965168831616,-51.3972809515039)
(48.7265749999259,-18.5662871798619)
(30.4107447328796,41.5610671963262)
(-32.0530480493499,38.7554603574225)
(-44.8082690360711,-22.0705741408393)
(10.5385252615348,-49.3040622020799)
(50.2349521825782,-2.67440174435579)
(14.8449636693917,46.9734381507535)
(-41.9204120305031,24.8421267790739)
(-34.5961994232192,-35.6984968892778)
(25.7895806002586,-43.8810003864082)
(48.9229646502566,12.2201693604467)
(0.821477313084531,48.5116600353601)
(-45.9760677468405,11.3357136391118)
(-21.8061970010246,-42.8081802988848)
(36.2067651759772,-32.8832809732450)
(40.8799480467247,25.3935711722103)
(-14.1668965299119,44.1725468396169)
(-45.8539856549163,-4.39222294468832)
(-6.78141626996735,-47.1180374242645)
(44.2965299071718,-20.1813974234216)
(31.3478978418223,35.7014408984200)
(-25.3166591305846,37.3149297342558)
(-40.7090619141669,-16.3573274520996)
(6.99469822518849,-43.8777996680792)
(44.7656190490699,-4.37965608752625)
(15.4474977535312,41.7037322181112)
(-36.5441719444544,24.4735859855569)
(-32.7820747074920,-30.2318818507023)
(21.0211872649356,-40.1976364179882)
(43.9146610010984,9.37570190386069)
(1.46166834587394,43.8848967822791)
(-42.8757067168422,11.4317335909585)
(-23.1743337369232,-39.7809996449532)
(30.6330756793194,-34.2895368896994)
(38.6169761021208,17.8166681973991)
(-9.08434376295421,37.2209195440185)
(-38.4154293426270,-4.82855766502287)
(-3.59862301361317,-43.6648609964876)
(43.8181499711328,-19.0261818181918)
(32.4634670073362,33.9909590235530)
(-21.6255108161544,37.2684039238927)
(-38.7820751442023,-13.5906073427751)
(5.59568729203124,-42.9039128577185)
(45.0471836472871,-7.73818794846002)
(21.5863259597203,39.0720426910498)
(-28.7859114001191,28.7837839212093)
(-31.4236412755602,-21.2480264965534)
(15.3689920405579,-35.4019831735307)
(39.5835252415623,6.25209933536241)
(4.79127879059883,39.3424464454190)
(-35.6999966576239,13.3419215047603)
(-20.2229623076848,-32.3715471329503)
(28.0341488832446,-28.5058118779981)
(36.2015411220324,19.4311645956575)
(-8.40132786087604,39.4288902976241)
(-39.1843216760510,1.26132152353833)
(-10.2351011995894,-38.2392225272050)
(35.1068604821430,-20.4811097244400)
(29.5102385065707,27.4702526767240)
(-17.8083577807318,34.0688625978433)
(-35.7797506232452,-9.59353554171527)
(1.69030921104298,-37.3869624708481)
(37.3605972895358,-7.97689610807809)
(17.3777647143426,33.5795180593960)
(-27.9705313245766,24.2440770045943)
(-30.3182294882047,-22.2618223221447)
(14.0238646911553,-36.5107347332724)
(38.9922875791722,2.30540315254704)
(8.14159230912062,35.6863448927743)
(-31.1887227037466,14.0622425581667)
(-19.5628927328245,-29.1668606897159)
(25.4572139559899,-28.4535871354139)
(36.3069599547841,15.4540461467515)
(-3.01788806565530,37.2385912788866)
(-33.5767387435463,5.34091815422478)
(-10.5066793448285,-31.2781948309095)
(30.0005805190311,-17.4645846800795)
(25.9369038960990,25.2760394515245)
(-17.0035894215911,31.7495420176798)
(-34.2920860548333,-8.51737865097808)
(0.176233696322439,-35.6241160264209)
(34.9613318613719,-9.41113529259478)
(18.4618483997646,30.4661155497419)
(-23.9197679041781,24.3921897218263)
(-28.4506891681270,-17.9122311498289)
(11.2050102424469,-32.6273802833678)
(35.0501215244412,2.03862000374835)
(7.31463432844192,33.5167174918682)
(-30.0098799150066,14.3232150168280)
(-20.6827141702420,-26.6641653184383)
(21.2854506151098,-27.9635273840770)
(33.0406039973463,12.0970062955533)
(-2.56842756218729,33.2381291135774)
(-31.5720330134209,4.01996396153575)
(-10.2969250010220,-31.1842186050881)
(29.1518630490829,-19.2345522388868)
(27.4934493432996,21.9555740453774)
(-12.5977407582799,30.6678037478938)
(-30.8059432796140,-5.74739959486750)
(-0.0217194756382484,-32.0833677435151)
(33.0120421297165,-8.47491783226122)
(18.0941437249726,29.6698489941504)
(-22.9801985985891,24.8733630678215)
(-29.0860205684081,-16.1909123208802)
(8.73136804545467,-32.7639809788068)
(34.1227664560071,-0.913878944456199)
(9.92824197910131,31.0727176135394)
(-26.5820087232541,15.3946110368434)
(-20.0841544644997,-23.8456110082517)
(19.8531568211719,-27.2503546166898)
(33.4383568259790,10.7164677854939)
(0.349768921904243,33.6603391670206)
(-30.0855362196859,7.77711558840477)
(-12.8494659543037,-27.9122580538808)
(25.8597767821851,-20.2532987655849)
(28.3940205741663,18.9610494030554)
(-8.37379841317194,31.5016582093940)
(-29.4696204156002,-0.0860069416922758)
(-4.69963202190365,-27.4795894577741)
(26.9577596213153,-10.0522346340573)
(17.1306289403027,24.4883513792612)
(-19.0191331597752,22.8710174325922)
(-26.2895031068311,-13.0332801234672)
(6.92869412953334,-29.2348145818276)
(31.1333840188065,-1.18081765101400)
(10.2517736482561,29.2919272744513)
(-24.2788277490853,16.8986459073286)
(-20.9557031266930,-19.3075868290132)
(14.6293161815368,-24.9822419586390)
(28.7563560695638,7.90148740303524)
(0.479910251544595,29.5818142291620)
(-27.4198083841239,7.67825173345311)
(-13.3094853503606,-24.5439432595757)
(20.9138648006386,-18.9292945486239)
(23.6025283981517,15.0337098491945)
(-8.40395235113177,25.2401495056878)
(-25.3776734889409,-3.72604390251074)
(-0.481617599503711,-27.1272959636927)
(29.0364502632697,-7.93708134488032)
(17.7433862569179,26.5068856280899)
(-19.0690158336992,24.8989308643056)
(-27.5098569277681,-10.9607304586261)
(4.49392957246270,-28.3303837880267)
(29.0432568345188,-2.06255934546711)
(9.72797975445715,28.0109018667310)
(-24.2179613013000,16.7500894582495)
(-21.9314673330636,-18.9778736349232)
(13.0581245898095,-25.8942073070861)
(28.4905136767915,5.92741908115126)
(1.73985117556490,28.5816589694820)
(-26.6507938777313,8.30503444290177)
(-14.0151313813400,-24.2262835686749)
(20.7201080771692,-20.2167819100650)
(25.8119727496142,14.2944561013946)
(-5.84669421172606,28.0142996789476)
(-26.7320187421291,1.37603304737965)
(-6.35270096477687,-24.7865695837503)
(23.4595439841783,-11.1971986631205)
(17.1306156892779,20.9837350680748)
(-15.9421105431619,22.5759281441582)
(-25.8365893282829,-9.32275136740472)
(2.54637785148144,-27.0480695025130)
(26.7846934307882,-4.16422546359199)
(10.7568943057339,24.8627477993138)
(-21.2109864868829,16.5571108764583)
(-21.0923890979471,-16.3769634400217)
(10.7419200514992,-24.4122797173673)
(26.3635493059214,4.35090081804515)
(2.41577756183665,26.5570366888208)
(-24.9975174138775,8.90781534077750)
(-14.7660652976097,-21.9636939565486)
(17.5653183027796,-19.7476367585508)
(23.4155926286693,12.0111518683244)
(-5.81863332736786,25.5147615032859)
(-26.1010580637902,0.630831088771086)
(-7.10087820836038,-25.0747789695923)
(22.3672952045260,-13.0064535002855)
(17.8499022470812,18.5174430996829)
(-13.9652281833683,21.9445969898856)
(-25.4213903481051,-8.11236652903478)
(0.608335351550867,-26.9627567536472)
(25.3085346888362,-6.90567770194104)
(12.3306372898026,21.5859520508987)
(-17.9963848407435,15.9944264266174)
(-19.7449069231085,-14.5488798027850)
(9.50414684031553,-23.5265732225481)
(25.4069100090279,2.76215427803973)
(3.84239757534123,24.7851202321784)
(-22.8759674760719,9.46818117298340)
(-14.7699234103191,-20.1001444094566)
(15.7237699205245,-19.5526565125736)
(22.6400384798794,10.0591505106194)
(-4.36740718210287,24.0373512990968)
(-24.6357577973305,1.31966738545497)
(-7.71989290180257,-23.9915248685791)
(20.9729061867796,-13.9968521299191)
(18.5154549437435,16.1775198883545)
(-11.1476185221791,21.3365265814772)
(-23.4293282706090,-5.90453568007822)
(-0.195183836304298,-24.3420970154648)
(23.2452909608339,-6.31248445489658)
(11.4705737796440,20.9022558813277)
(-17.9105607672315,16.3667424468922)
(-21.0498503107381,-13.0069617731470)
(6.13441568446704,-23.2124943446747)
(22.1364715926796,0.412342748657871)
(2.69536413091929,21.2487036652386)
(-22.5383911652122,6.83728768999840)
(-14.6950470164538,-21.9477414124421)
(15.5984746558645,-22.0721504521096)
(23.8590711200785,6.99865262786882)
(-1.71079961275474,22.3324726777664)
(-22.6620369713431,1.68849545728039)
(-7.93677699586840,-23.4795289940987)
(19.8887882953432,-15.4732361185690)
(18.9398925585364,13.2136198971570)
(-8.94827217749492,19.0921892474315)
(-21.2265172177908,-6.67808725575561)
(1.11964439977592,-24.9811133759965)
(24.7916535434232,-7.66552423229760)
(14.1225030356960,19.9504964962956)
(-15.2900813110933,16.8850450843487)
(-19.7906867804560,-12.0873897531198)
(7.03047917455021,-23.4784164891984)
(24.6842298252278,-0.0423924875882640)
(6.10551231044789,23.4585841218585)
(-22.1941706477495,11.8991298843223)
(-19.6283660003615,-18.4793407787513)
(8.86174075856367,-24.9027288125522)
(21.6763578942012,-1.30691064526668)
(3.17839327078141,14.5821893473720)
(-14.4225571631005,-0.570174889662448)
(-1.69903087125143,-20.9144176365857)
(22.5604167479169,-12.0714503984653)
(20.1115757263221,15.2524307601649)
(-7.65313849979160,20.5596881047527)
(-20.3555625981781,-4.97133657479638)
(1.08611798181155,-23.9560108118696)
(25.1462924146674,-8.04232237229005)
(16.0834141639425,19.5216325492651)
(-12.8657215198582,18.1037941908797)
(-19.0421126775566,-10.0213737823212)
(6.36256216264134,-23.1731279721326)
(25.5581805812366,-2.18546877271784)
(10.5366652760855,21.6046189426225)
(-15.7917698177433,13.4938016918122)
(-14.5524836485420,-13.2665807009751)
(11.1376971520145,-18.2503779896890)
(21.8045837616769,5.38381032495995)
(1.34664348165722,21.4043915011867)
(-19.2876767496374,5.60198216500610)
(-9.36718170653714,-18.0702885220815)
(15.3975475121743,-14.3045986332897)
(17.2461600582573,10.1185540876294)
(-6.13940515465143,17.0888814645990)
(-18.2905655022286,-4.58917600893307)
(0.327320039051584,-22.0014343932966)
(22.2087536073333,-8.18329851016155)
(14.3203124838395,16.4601976627912)
(-11.3838547855403,14.6092767787769)
(-15.3575308120582,-11.1357969684061)
(9.62456101323899,-21.2228922026490)
(26.3914833679641,1.45306381959926)
(8.45833973511266,24.6906584592124)
(-19.5934323488450,13.9387615603040)
(-17.4366118854022,-16.1551283103576)
(11.6847334024163,-22.6085450410147)
(25.6248038734489,3.01748573261580)
(5.18484104748316,22.7094499998435)
(-18.4183345884559,8.35978733607262)
(-10.5597403728740,-17.4482755737399)
(15.8221041211522,-16.1546985788889)
(20.7507548187000,9.24787411739019)
(-2.49248251111357,19.6743998234785)
(-17.7895434949950,-0.712193117391235)
(-1.04964775847926,-20.6918289990857)
(23.2744010222658,-9.13258300830910)
(18.7467850524902,18.0059595526461)
(-8.45860480551719,21.3249797523677)
(-18.7423209429455,-3.30758322870457)
(1.93278830702423,-18.8805123937304)
(21.5779684589228,-2.64374120377258)
(10.4396397709306,20.3316239425501)
(-14.6783499219301,15.2905233301281)
(-16.1961200220714,-10.0651022227859)
(7.60043064865832,-17.5924249787153)
(20.2355727483498,3.63513558881114)
(2.23920210178274,20.9031951123317)
(-19.3446976831420,7.27752409793135)
(-11.6023073537839,-17.5474407285697)
(14.4634588111164,-16.5640843841475)
(19.9511139715412,8.79422372070206)
(-3.64928409172460,20.1115624106212)
(-20.9233712021816,-0.955629519390565)
(-4.40070983538782,-24.7018330488814)
(24.7112864006379,-16.1803505085951)
(26.8926708814197,14.2184685628138)
(0.731434730924884,26.3321437495042)
(-16.9820110471531,7.86313683138509)
(-5.58552397862771,-10.6747676399245)
(11.8473180034854,-3.28490577579362)
(6.37361681967384,14.1822088150673)
(-12.7719993847378,11.1523793903889)
(-14.0547455317982,-9.57528508912612)
(6.52746276395180,-16.2910245943000)
(18.4412500994198,2.26621584119709)
(3.14752895698848,18.5888155784385)
(-16.8639920034523,7.53674933723464)
(-11.2114668225145,-15.2098667687478)
(12.5914083422460,-15.9410156479726)
(19.8067385083330,6.74823801648771)
(0.0744045277542227,19.5547233818358)
