1378580047424597442940433.
0.040000000000000001
(-0.399193490349491,-6.51426420438873)
(5.24500510237605,-3.67018764853484)
(5.42058015416470,2.61109884905841)
(0.0174584111136175,5.74251680852754)
(-5.24322701501475,2.55056680926214)
(-4.92702896858325,-3.40772410631869)
(0.316711327492719,-5.70138500434062)
(4.46303659610876,-1.97100688946061)
(2.62364286914853,3.44722227482811)
(-3.54721991747687,4.10034107445750)
(-7.39049956588914,-1.57704738719450)
(-4.24911140596901,-8.29907154884592)
(3.40628371306353,-9.25725414847513)
(8.25902220833861,-3.27934854238653)
(5.63630931720608,3.72359137373797)
(-1.55261478585396,4.70683373347795)
(-5.67619218440691,-1.22855404878339)
(-2.20762360270729,-7.80806351525899)
(5.55143013102316,-7.97989020350864)
(9.79348442091118,-1.18375844428047)
(6.19763372275316,6.03046259936391)
(-1.65412082919040,6.70053855791901)
(-5.99738451816381,0.546571793770016)
(-2.86585625067107,-5.86568612823783)
(3.95158436767583,-6.00722437358888)
(7.03515627804312,-0.107515211176219)
(3.15301077928206,5.27410926686006)
(-3.44191514978544,4.29487857507410)
(-5.65795875839177,-1.98039389018609)
(-1.18985112769674,-6.78574738112705)
(4.99183942179728,-4.96547316716950)
(5.97428399056670,1.39576589003951)
(0.428524572145585,5.08680717301082)
(-5.72478792726125,1.50202952180778)
(-5.45173621679278,-6.18160702401793)
(1.80262700494163,-10.0177839499682)
(9.13053272465545,-5.55253002205352)
(9.06158306154204,3.25849788637462)
(1.33203261484422,7.77415141023619)
(-6.58279091901510,3.38979582026464)
(-6.89891856221539,-5.68726972222707)
(0.620759939799936,-10.6097207195403)
(8.46014840130551,-6.81123202884472)
(9.03299651317168,1.45739020525570)
(2.36287627811459,5.61990432094497)
(-4.12456937470102,1.62805635600701)
(-3.41521333710427,-5.97464801257138)
(3.81903308939556,-8.93137505444917)
(10.0251786540456,-3.95201089226889)
(8.75635476647469,3.87115505241300)
(1.46137701031279,6.45557578128679)
(-4.03415673489297,1.26254597730654)
(-1.76993223707658,-5.98023407653636)
(6.01596295023348,-7.24919968138626)
(11.1253136431347,-0.669178601410070)
(7.92277875421484,7.41074667635566)
(-0.737354004968470,8.93376571848691)
(-6.39980727506949,2.49271718123505)
(-3.75731389942730,-5.18877317911146)
(3.83087307705697,-6.24338991569066)
(7.82767370669588,0.112992922028132)
(3.44548226629772,6.67584663067959)
(-5.22769489926328,5.66580240297760)
(-9.24209867012904,-3.15973287217378)
(-3.84742012405985,-12.0561655225078)
(6.68166661775669,-12.9661944697049)
(13.3411721241844,-5.44829095463057)
(11.3182597121951,3.18146254895167)
(4.39654797060653,5.44474292229178)
(0.528613757592395,1.08070665967613)
(3.42543220498173,-3.30658889499624)
(8.97339414758201,-1.66776749268087)
(10.0329312921038,4.97749629870304)
(4.33119066535468,9.75352969183076)
(-2.97882519951413,7.42876006145209)
(-4.75849043409362,0.146105617458412)
(0.509330913896605,-4.71764552190356)
(7.04162007618711,-2.28562049768657)
(7.79424952145214,4.68844178912312)
(1.83999068049367,8.71918389762937)
(-4.69488859244214,5.45397921806331)
(-5.10125606252026,-1.78963162056003)
(0.877167481247394,-5.56772272148587)
(6.84458761895471,-2.15323034024391)
(6.54264592083690,4.60835157946888)
(0.411002024918957,7.45272579726494)
(-4.99949188501324,3.39237357895370)
(-4.05954625352941,-3.22543108891354)
(1.99755341146115,-5.49290746930243)
(6.55460109750600,-1.37885705339918)
(4.87407635592724,4.17275517291242)
(-0.711289894901813,4.74786254319558)
(-3.34870700061695,-0.368184386367022)
(0.702854358238703,-5.18207088052472)
(7.60553990459654,-3.42795452087960)
(9.67231216131046,4.34225285531866)
(3.58543913001294,10.7477282784002)
(-5.60696035541099,9.01061557260048)
(-9.22792418768218,0.196995994154674)
(-3.79188617191839,-7.45759820400124)
(5.24056518471090,-6.73479233000027)
(8.86162228609414,1.20497366082555)
(3.65905204087120,7.96864116008214)
(-4.72776721864775,6.52961972491958)
(-7.48229058696143,-1.56483536701859)
(-1.77490128625050,-7.87582838983405)
(6.31436638128177,-5.94003111926530)
(8.20905539607959,1.90417824022504)
(1.94112116796412,6.90702562995940)
(-5.58294001473356,3.11224323402311)
(-5.63261608369276,-6.18591911492189)
(3.21120017561877,-11.5337997376459)
(13.3172338910493,-6.87627283538109)
(15.5348671130260,4.24252152352788)
(8.27915046951980,12.2235042773778)
(-1.14338655314571,11.0206073659231)
(-4.21884826322215,3.89788104844777)
(0.149691071310057,-0.495980858306923)
(5.01506315238648,2.54766844652726)
(3.23661692799143,8.92689200456881)
(-4.61061924166362,10.3831255777441)
(-10.6942495212572,3.66086780230587)
(-8.29282867877289,-5.62404262601497)
(0.803780118946701,-8.62811196575996)
(7.80413703724093,-2.57297770481807)
(5.91485206148106,6.13802794551151)
(-2.55438043859861,8.40807418070257)
(-8.50636356683664,1.86851849397939)
(-5.49694081779556,-6.62326669913579)
(3.51511330367707,-8.11105434134303)
(9.20748363347085,-0.919631789172172)
(5.62560954644639,7.51778276834156)
(-3.52956894693868,8.36136406633787)
(-8.66698731917735,0.610491020057097)
(-4.26230422056894,-7.76407611147084)
(5.35187193325420,-8.03805027506133)
(10.4222137670931,0.220343664401079)
(5.84992044783305,8.69384116083478)
(-3.57146224463703,8.93148606557116)
(-8.19556412740060,1.06352447137515)
(-3.56183320950766,-6.45131176811138)
(5.04797516123280,-5.74016880820766)
(8.26276504648703,2.25791010350714)
(2.52128773794349,8.85756462434484)
(-6.17910860613322,6.83401208806972)
(-8.61251609675211,-1.91815341749792)
(-2.07320047667617,-8.33330142547207)
(6.71560700153387,-5.69467639874010)
(8.61381008958234,3.27659179664061)
(1.64942813529148,9.23122128044299)
(-6.89670712688096,5.97556369394019)
(-8.11839429230515,-3.03760622723585)
(-0.827347939488689,-8.34183564223420)
(7.20886576541586,-4.41305083526960)
(7.45249187015260,4.51408186964535)
(-0.393099382941603,8.90372660992828)
(-8.04121533590401,3.98294500393572)
(-7.34298123587344,-5.18095659138839)
(1.08817976101990,-8.97177055223876)
(8.45336654789793,-3.35776147273787)
(6.99675061311260,5.79925822635291)
(-1.79426020480183,8.84868219198852)
(-8.67845078246511,2.50560272020968)
(-6.34436708129352,-6.62557676750236)
(2.85763323594182,-8.92741392678180)
(9.30071359770950,-1.88252433942256)
(6.15410898494562,7.20421826261391)
(-3.40020746763082,8.80036352852524)
(-9.42263324978439,1.14736419426598)
(-5.59845945072217,-7.82948452069587)
(4.11199957182634,-8.76561206021957)
(9.56168407923325,-0.662714166641488)
(5.01136880387899,8.02598450580976)
(-4.85298065457820,8.20796271132353)
(-9.80606580026849,-0.345432463552835)
(-4.77605034477694,-8.76962698168733)
(4.86499091502831,-8.40901257320736)
(8.97795834510197,0.105081424575760)
(3.34970033775703,7.54909658508131)
(-5.84921188959491,5.86921970816064)
(-8.57189807279718,-3.25090146861574)
(-1.56200012884744,-10.0742852318983)
(8.05729333439879,-7.05116746870281)
(10.1310878498297,3.11387541391516)
(2.12660286434316,10.0944660665277)
(-8.07448426062120,6.61321370062630)
(-10.2345417755768,-3.96719127448828)
(-2.30430958084932,-11.0775317953302)
(7.53106722671489,-7.83199706362579)
(9.40139976907110,1.98217837608956)
(1.91563360585050,8.05530896134744)
(-6.67265603130801,4.38756928619488)
(-7.38976487297195,-4.62750583278594)
(-0.0138158668303496,-9.20288589335896)
(6.96110388621081,-4.79924617847946)
(5.76136222094139,3.02264625127264)
(-2.01102231779979,4.78401533486056)
(-6.93259298179924,-2.29602268928596)
(-2.05922951979534,-10.7589978801684)
(9.00758786369120,-10.5610568440583)
(15.1933955477388,-0.0445443679453042)
(9.36146110363073,11.5167883350078)
(-3.80016435741345,12.9438375023611)
(-11.9673627725925,2.67093763710520)
(-7.50798195597587,-9.27995127187409)
(4.67043385012808,-11.2366315714305)
(12.0074947161628,-1.69375699612655)
(7.06712578931379,9.17919693194487)
(-4.90470209090822,9.99969150730364)
(-11.4709359316905,-0.133568869663043)
(-5.89185430289091,-10.8001643037007)
(5.94164536594258,-11.1420862312231)
(11.7278818074457,-1.15837709158877)
(5.64374586660597,8.35499294440803)
(-5.55284560869043,7.16610338542158)
(-9.61189407262623,-3.59459972065302)
(-1.69939736399906,-12.5213371385873)
(10.3785711415693,-9.84111243748651)
(14.1734436877816,2.25903563109752)
(5.54944675542708,11.7124698833647)
(-6.90105323852240,8.98419616232787)
(-10.6365748996662,-3.05859901913664)
(-2.06011297813900,-12.0879177810098)
(9.84988589872756,-9.02144361951641)
(12.9069612710419,2.70500786150372)
(4.29359869610021,10.8878344591911)
(-6.72898118952085,7.32272986183387)
(-8.69010608097987,-3.78084194880248)
(0.0774350274034582,-10.4615750662599)
(9.87579372837611,-5.71889362521274)
(10.0675177891484,5.15946387580745)
(0.397676480640152,10.3404289388889)
(-8.77781592478218,4.11210480003403)
(-7.57849504545703,-6.99410825565977)
(2.79323695595096,-11.1577469577324)
(11.2549014999822,-3.94001181155101)
(8.67518960045312,6.83865543905012)
(-2.21226049022040,9.34280348858787)
(-9.48212416751399,0.462794653598045)
(-4.66887958532353,-10.5272023836531)
(7.92745554026732,-11.5337854861205)
(15.3253695224616,-0.549638478107859)
(9.35273500359829,11.7690575717261)
(-4.52246872830481,12.8758429456977)
(-12.4790776040037,1.41702477830724)
(-6.51323512252247,-11.0914789669403)
(7.18708737711378,-11.9790439584452)
(14.5111474959773,-0.498399508191141)
(7.98230593365315,11.3597824232462)
(-5.49139217902902,11.2815957862172)
(-11.8001955489945,-0.571308352096630)
(-4.34100925423093,-11.7249840320344)
(9.06779624629453,-10.4083071919780)
(14.3233569624684,2.12580871630537)
(5.77760006559778,12.8623984435937)
(-7.82266584722065,10.6028911802076)
(-12.4521963444541,-2.31427999185752)
(-3.48453330465688,-12.4456051727837)
(9.44658077846493,-9.33676748979189)
(12.5564179671878,3.46732671764487)
(2.44814356515526,12.0909883587700)
(-10.1849272333726,6.91844959180515)
(-11.6794944416988,-7.15857795673235)
(0.217745129575123,-15.6561370051412)
(13.7901392530363,-9.55331144324672)
(15.4011034360976,5.21830441699580)
(3.64213659376915,13.8318757084363)
(-9.20813743503054,7.92078309097373)
(-9.98509037470027,-5.78481190411956)
(1.65575221556342,-12.5825323273499)
(12.9692883987857,-5.24251816132572)
(11.5793166692548,8.40762228875826)
(-1.44663157017913,13.7274689769117)
(-12.6493302787243,4.70241468798238)
(-10.2888902891298,-9.64619187715242)
(3.29441201456270,-14.6569873252936)
(14.0900841137188,-5.39492266628088)
(11.1127163528188,8.17421306454616)
(-2.06031305618782,11.6896222251355)
(-11.0909010200831,1.55731905964554)
(-6.07243628114999,-11.2266923351883)
(7.89554537262847,-12.6978611143805)
(15.9816945806456,-0.788070619182087)
(9.28921738857526,12.2943447482575)
(-5.59567850967463,12.8130242552061)
(-13.3590848856612,0.0216070924923136)
(-6.03001984811528,-12.9189662582114)
(8.57341998661289,-12.7404124791591)
(15.0678256023591,-0.100238653359294)
(6.85482040223023,11.0647904646031)
(-6.70504744150244,8.38038583580562)
(-10.1095098076673,-5.52949070739191)
(1.61636040191408,-15.4060652831117)
(17.0518042382620,-9.38457309159938)
(19.8804611692427,8.04045685045794)
(6.03646649012968,20.0015132368641)
(-11.5028657426375,14.4721375013190)
(-15.6699980107343,-3.07646713963643)
(-2.84118096764381,-14.9684311356603)
(13.2883076087446,-9.39385697272420)
(15.7507795064188,7.38233704311049)
(1.87220551159389,17.4665095689850)
(-13.9019930302132,9.91601567478526)
(-14.9953691151350,-7.80351472014502)
(-0.0126073468664676,-17.4897144454408)
(15.6763299915018,-9.14384107241293)
(15.8545717429195,8.51245237751095)
(0.387011365082491,16.9913729222669)
(-14.5093179720774,7.25751187171778)
(-13.0483745043525,-10.7759906867544)
(3.68987637024107,-18.4333714479786)
(18.7984797325299,-7.62036412091761)
(17.0240502481415,10.7883483473831)
(0.509464274594436,18.2571192814125)
(-13.5876252029783,7.79840332343367)
(-11.0672482389077,-8.95751749338078)
(4.57604896736818,-14.1676432259697)
(16.0715387073454,-2.59117589246546)
(10.7792088711224,12.9726366228804)
(-5.82911028389692,15.3538001425328)
(-15.8894056621432,1.38386528352283)
(-8.12703260585828,-14.4776147148761)
(9.91557073495251,-15.2598514991109)
(19.4708064748378,0.462239299817504)
(10.2029072706360,16.6704439772751)
(-8.67878422210975,16.4257569426137)
(-17.7110542691432,-0.343161134246236)
(-7.38291242607110,-16.4929537285236)
(11.8268280048700,-15.3411241845716)
(20.2036115026275,1.97708895983670)
(9.24922586511494,17.6381413385312)
(-9.50520000919317,15.6651743056299)
(-16.5830695219132,-1.45765817827698)
(-4.93554960050472,-15.4863065412604)
(12.7415525543141,-11.6243903152187)
(17.4442050138702,5.91559122678658)
(3.94431686966175,18.3765041278803)
(-13.6350337807893,12.2913288320814)
(-16.6977166404872,-6.19859257227666)
(-1.88091945756891,-17.7132916000797)
(15.2392717392188,-10.0875114205508)
(16.4951115870928,8.64804490102538)
(0.380851257455205,18.5816969908371)
(-16.1698614669573,8.92363858986269)
(-15.5475194902635,-10.4420971656645)
(1.85607684125201,-19.2092417510971)
(17.8576530837259,-8.07412620916927)
(15.5736565295961,11.2691421411529)
(-2.64768594508775,18.3065953304467)
(-17.5110775624108,5.39155730126324)
(-13.1021838172392,-13.9895606580017)
(6.13066248574826,-19.3478035998153)
(19.8871413882751,-4.98631495647250)
(13.5550732089219,13.6831547417706)
(-5.93707935376872,16.3514053568620)
(-17.0656741010412,-0.319079873993699)
(-6.59370374054174,-18.4757858643695)
(15.6830525959399,-17.5506337656327)
(26.3813903539124,3.62455332739536)
(12.9069251271574,24.5564367506394)
(-12.6545329490891,23.7736225422901)
(-25.1878637170730,1.31743703656150)
(-12.2448425096164,-20.6055161334916)
(12.7980597280483,-20.0814792142002)
(24.1646601335788,1.89726108203170)
(10.1818957273954,22.2505208588354)
(-14.5520844760395,19.5638439498770)
(-24.1833077425560,-3.67884392340701)
(-8.43160127633892,-23.5601544320838)
(16.6366270116495,-19.5298136206093)
(25.2504617016250,4.17792114279824)
(8.78030164378815,22.9075591659432)
(-15.2372538430788,17.3138129945625)
(-21.4537473213210,-6.37703325906602)
(-3.34135402641445,-22.8749726243687)
(19.8470350532820,-14.4384867064624)
(23.2757841014279,10.2886353009470)
(2.81855586037014,25.1654331136350)
(-20.2720335245825,14.0744768977609)
(-21.5232871933185,-11.8018875523517)
(0.849714329121676,-25.3716246573653)
(23.6500978206134,-12.0599115844116)
(22.8145870032407,14.5417737116258)
(-1.14752491165293,26.5646564110814)
(-23.2723020388902,11.0861744366494)
(-20.1147248732817,-15.9524256924173)
(5.44192925695831,-26.0984876089252)
(26.7734870913332,-8.23839096786551)
(21.2236621745851,19.3598652221632)
(-5.90938422334401,27.8262746655325)
(-26.4961453267118,7.97313829314335)
(-18.8790598084212,-19.6964960367968)
(9.18022684894180,-26.1516980282189)
(28.2339803612631,-4.33630805662836)
(17.8962462918642,23.0340025656478)
(-11.4786172510232,26.9786130283830)
(-29.2182415531033,2.75633602081103)
(-16.3743303386956,-24.7203233140520)
(14.0892316084346,-26.6822080223427)
(30.4624750187707,-0.782359506245919)
(15.4409226273715,26.0344072457308)
(-15.4235963162591,25.5302756379469)
(-29.6862196769821,-2.04759102695008)
(-12.0533921137646,-27.8451318101372)
(19.2037729408428,-24.5294132110664)
(31.1201546484154,4.72817725073369)
(10.7965118200523,29.1330233768647)
(-20.5231277161072,22.5258355067908)
(-29.3892480791541,-8.65440130176774)
(-5.53909702150131,-31.4837583255135)
(26.5577631370097,-20.9899629156051)
(32.8093480039133,13.0138416669435)
(5.48243209095459,35.3643779261840)
(-27.8447338409152,22.1234591362620)
(-32.4976384911566,-13.8005624954143)
(-3.11376547117943,-35.3593217867855)
(30.0549844398061,-19.8494367128233)
(32.2682276896145,16.9026845658775)
(0.785451404264815,36.4903447086647)
(-31.6868708199635,17.9933996969030)
(-30.8813072677060,-19.6567165530607)
(2.87190135052150,-36.9757722889583)
(34.3762412855092,-15.3014554377337)
(30.1702003194089,23.0747668047620)
(-6.00457643809733,37.7370845906751)
(-36.4471624852993,12.6228229110300)
(-28.8101097878795,-26.4624854573802)
(9.45105755054741,-38.3971874606516)
(38.1692284112410,-10.1441573377298)
(26.5187085217581,28.7292445808525)
(-13.8475633221049,36.5559315351896)
(-40.0769703052150,3.78771057935032)
(-23.0114393227854,-35.7884972889985)
(21.1538145532333,-39.7304679934706)
(46.5520462623563,-1.96429512752239)
(25.4377223027678,39.4354735465026)
(-21.7105612002521,41.1379578084980)
(-46.2857509807030,0.277280399774136)
(-22.0699935141880,-41.2746093942329)
(26.4385686588910,-39.8489786595284)
(48.5277986376145,3.95406601286395)
(20.1727850560603,44.7434360985346)
(-29.8600736874691,39.1863081812218)
(-49.0863796437508,-8.05345015973777)
(-16.2970582896269,-47.9670940380102)
(35.0740453961022,-37.9649750497652)
(50.8823783257066,12.7245167718588)
(13.1749101687585,51.3293428226474)
(-39.6364450425340,36.2873472472168)
(-51.8478693259754,-18.2376875396357)
(-9.11543254262648,-55.6522078897394)
(44.9862555662392,-35.7217611640619)
(53.4148942381403,22.1491371823564)
(5.85526646575074,57.6193731579489)
(-48.7907986975704,32.2380786135766)
(-52.4687872586287,-28.9238393825946)
(0.538958865245970,-61.8113647787675)
(55.7060925585558,-30.2559283166787)
(54.2165365535017,34.4922451123162)
(-4.50245808254516,64.6150328956483)
(-60.0044983753920,26.6665107004647)
(-52.9702476213442,-41.4641670423364)
(11.4811884751810,-68.2237170154225)
(66.7379850735815,-23.4241354954463)
(53.3560271440783,47.8880698480824)
(-17.1586020405815,70.4911439610084)
(-71.6974804454290,18.1315977357608)
(-51.1164479866671,-56.3025560718823)
(25.8373904967522,-73.9121497436791)
(79.0651496400182,-13.1293682213863)
(50.0995219612533,64.4579200880197)
(-34.1184714291531,76.1158885704263)
(-85.8400568954990,5.68793495437415)
(-47.5359370805146,-75.5933702190305)
(44.7262714558154,-80.8976564528328)
(94.8702222199972,-0.153006395249686)
(46.5862167034817,84.8500324223419)
(-53.9572718093073,83.0260747469022)
(-101.740540408307,-8.74703687768632)
(-42.2169816382649,-97.0710595473756)
(67.0033731712997,-86.5745296645418)
(111.158685035629,17.6108533189522)
(38.2603177115401,108.933235268470)
(-80.6856931626917,87.5682130661705)
(-119.841344213510,-31.3571691451784)
(-30.5982129829721,-125.850223924897)
(100.039083778977,-91.0362412861942)
(133.083161902553,45.9110927567080)
(24.0112492602989,144.456736249621)
(-120.871923203052,93.5686742687114)
(-146.507397783657,-65.0342781429495)
(-13.1894844184357,-168.045083654475)
(148.947158774512,-96.5455872860263)
(164.425066321689,89.7686303831689)
(-0.838165871630258,198.477184808898)
(-186.080661479479,99.7354399724745)
(-188.185386767358,-123.866832079447)
(20.8664749886802,-240.494864143826)
(238.981253649433,-103.381437639425)
(222.451618030682,174.722773738271)
(-51.3985819883546,304.073072863878)
(-319.496535146113,107.322299060533)
(-267.682781505546,-261.476903467354)
(133.997615667264,-413.549731569092)
(530.308545794410,-92.2945052748697)
(461.359352455949,520.245680825152)
(-190.668718800281,879.037686268058)
(-1001.52563728356,525.818629507562)
(-1284.45750645920,-459.022200878075)
(-658.069687149329,-1424.95897876217)
(577.528940008095,-1621.86378276372)
(1608.67964048584,-807.720813532115)
(1717.08907190489,520.075358690296)
(838.173410245050,1483.58616192950)
(-394.229810601913,1489.61867889148)
(-1150.68354742138,657.758162189250)
(-1033.93714377062,-326.465309815815)
(-321.669250817863,-783.062153548744)
(339.078953486263,-542.592681773293)
(484.998584414389,13.6992812468481)
(160.295242509347,355.285323449812)
(-222.727426266223,257.149926731971)
(-302.420990117282,-77.8481944818243)
(-68.2190421583264,-281.413725827476)
(198.314116394583,-179.688471445314)
(233.569440003272,82.3238481166357)
(35.6454209774525,228.032996018985)
(-172.157824040576,131.173981727823)
(-185.629662006689,-83.2542160744623)
(-14.4482830737399,-190.936629712955)
(152.209850253172,-97.6460956893767)
(150.103899985348,83.1807796121288)
(-1.67689981726884,163.408363159683)
(-137.762477637745,72.8410239843595)
(-123.769873759518,-82.6058780154867)
(13.2817850887243,-141.844981520042)
(125.802056270772,-53.5684504452692)
(102.774750578643,81.6771288691967)
(-22.1621418586826,124.026970146738)
(-115.383135170568,37.3983942509508)
(-84.6511148911153,-81.8442421916686)
(31.0911465581909,-111.000635769365)
(109.788818133308,-26.2363541441506)
(74.6266104928758,79.9721030204338)
(-31.5448542982063,99.5454958602832)
(-97.0881993270396,18.7655790892065)
(-58.6408852478695,-73.8452099091861)
(37.7883925592905,-83.4137930615530)
(90.0709295093821,-5.28360386171691)
(47.0077096782512,75.5100688194411)
(-42.3781385365124,75.8365865463374)
(-84.1871118165050,-0.843224828731137)
(-37.8128405970665,-72.4327134581393)
(45.1887027917592,-65.9487908645742)
(78.1918297275858,8.31057442027297)
(29.7077472667746,71.1654343484710)
(-46.9087836467183,58.6768379625098)
(-71.8306292221529,-13.0957195007039)
(-21.6422528551358,-68.0109557808368)
(49.0672764509193,-50.3918198040355)
(66.8811744784445,18.7671798479292)
(15.5772894661790,66.4364140361689)
(-49.5227576969434,44.5050963385384)
(-61.0990708372894,-21.8619448823624)
(-9.34951066089281,-62.8816098484304)
(50.1615684537918,-37.4607274213381)
(56.0095554166738,25.7188166649908)
(4.19191459988631,60.2638241819187)
(-49.8898674070678,31.6564793593873)
(-50.5291661215591,-28.4505730972074)
(1.01976642195220,-57.1705892793977)
(49.8840695597961,-26.1695841268534)
(45.9393654479993,30.4212165785414)
(-4.76179020013117,53.3546564566137)
(-48.1972184572295,20.1838934271376)
(-39.7407983388987,-32.8670711976948)
(10.0904393601717,-50.2939815641166)
(48.3381178960185,-15.3268074728573)
(35.7918036283935,33.9454268840100)
(-12.7543251190555,45.7427095936029)
(-45.3828171533275,8.78530341414602)
(-28.0161368888180,-36.9840917678875)
(20.4896996078916,-43.1325359223647)
(49.0108736283691,-3.31993311621282)
(27.8662388129061,40.8679262575424)
(-20.7924571041566,43.8706557158130)
(-46.8360462449185,3.31569766289938)
(-24.4005578076417,-38.4192381659148)
(22.0585286024974,-38.8223401441954)
(44.1605165470413,1.05499324445486)
(19.9674766979282,38.8404393982886)
(-24.1765128499879,35.5685903833799)
(-42.1169551738548,-4.28261061408659)
(-16.0238533754503,-38.6007910524841)
(25.9655897168591,-32.1173993054667)
(40.0185985963419,7.34166295928675)
(12.3117475862847,38.0547921547644)
(-27.4406122084845,28.4025907689908)
(-37.8190361137930,-10.6823601390913)
(-8.85888365600823,-38.0947411504691)
(28.4008030908778,-25.8800108218448)
(35.0840613287624,12.0825281965791)
(5.03186053122918,35.4259247463003)
(-29.4544439647590,19.8074375320606)
(-31.9087108180187,-18.0567950024103)
(0.325492767741632,-38.4362646273599)
(33.8660161459159,-20.1646710514763)
(34.4195720086459,17.7642728438766)
(2.17952166250359,36.5340637510725)
(-29.1094014115826,17.8938732444125)
(-27.6828139244402,-17.5610020437567)
(3.58483092110219,-32.6157625328869)
(31.0766723912548,-12.2851990749627)
(26.0167625016573,21.2630579804181)
(-5.80576281794587,32.6047747716129)
(-30.8242097796751,10.1513219889118)
(-23.1573970589492,-22.2983773969064)
(8.64237456030795,-30.9851925193347)
(31.1312342382452,-7.45168275545847)
(21.1756907334520,23.1547179880849)
(-10.2256844533263,28.8261372095379)
(-30.0050917223770,4.04945463578069)
(-17.7636679374515,-24.9729792507759)
(13.3019868163364,-28.1166804804917)
(30.7399149321686,-2.66519933449637)
(16.8911997461268,24.4104411649462)
(-13.0768341716928,25.0359950220209)
(-27.5758584299077,-0.785960544618255)
(-11.7529710128991,-25.5236476321286)
(17.3666302102526,-23.2738097752149)
(29.1669494175612,3.29935965349988)
(11.5507583849585,26.2188431063831)
(-16.7662422554350,21.7367243919794)
(-26.2325094159496,-5.01376853754567)
(-7.38989227883575,-25.8246912123492)
(19.6063389000995,-19.1412771389792)
(26.4409046148387,7.60726333998565)
(6.25029691862179,26.1978157995114)
(-19.5544970196212,17.3271439692097)
(-24.0101837266248,-9.40809314760730)
(-2.77412851704233,-25.9199674913321)
(21.6609704426094,-15.1477327650403)
(23.7558794247491,11.3160413570151)
(1.56195563005069,25.6712483043349)
(-21.5536461346374,13.0576196667231)
(-21.5442957901688,-13.1525654464664)
(1.30864967799062,-25.6289026715963)
(23.0231010746406,-11.6661149830948)
(21.1575235535034,13.8388681014130)
(-1.92581153054424,24.2709849963103)
(-21.9164390930509,9.10188833189652)
(-18.1582425385946,-15.4595493395609)
(4.96785240263350,-23.7688183180476)
(23.0446621852039,-7.56602707582880)
(17.3815251853480,15.7363141310054)
(-5.60352990061217,21.6355484270256)
(-21.4763152079561,4.22678103516227)
(-13.5770930646228,-17.8839622868878)
(9.64565768521467,-21.3375619770071)
(23.7327613875330,-2.50568037652894)
(13.9266519800941,18.9015987201656)
(-9.51896716847112,20.6195421496196)
(-22.2735344451343,1.04690198929468)
(-11.4015455200677,-19.3299340698098)
(11.3437474396091,-19.5278931056767)
(22.1046720967514,0.104859859444703)
(9.94558384485554,18.5717949582424)
(-11.9206103022832,16.4305925557979)
(-20.2479793950084,-3.90001592191323)
(-6.19519853819760,-20.8966675787743)
(15.5343196226450,-16.6251545076426)
(22.2365605122353,4.52001887241290)
(6.97512281824704,20.5507451043146)
(-14.2993313045512,14.9360133948157)
(-19.5457991541656,-6.23722364366079)
(-3.61269363200971,-20.8195175606156)
(16.5974195594123,-13.8060099455686)
(19.9725170216079,7.14447887727332)
(3.21859638809909,19.9580290594727)
(-15.9172447899702,11.3169980421254)
(-17.3877476282223,-9.54366508775905)
(0.204546373916982,-20.6965436911546)
(18.3061691171216,-10.5289481549681)
(17.9323742460161,10.2064474858326)
(-0.520956983178436,19.7558903163307)
(-17.8107195917929,8.09913588554400)
(-15.9864812644297,-12.7111904527772)
(2.99440175039837,-21.2413068790417)
(19.5063581444130,-8.97554449692607)
(16.7940132615010,11.0432131167658)
(-1.73369636417669,18.0407978071369)
(-16.3701987262849,5.16449345740731)
(-11.8435490745953,-13.6338612348038)
(6.86061337600909,-18.4417079646953)
(19.9801422026250,-4.22830323224928)
(13.7821389227538,14.0891634902192)
(-5.16978478505457,17.4399312123167)
(-17.0822801326672,2.54772793031550)
(-9.72857674920605,-14.8156018119142)
(8.86204668347528,-16.4918511729940)
(18.9830509451231,-0.935614764673245)
(9.95411592394643,15.2951267522525)
(-8.75227899425527,14.9653036792158)
(-17.4885278784780,-1.81589578394883)
(-6.95478725050526,-17.7609285332174)
(12.1768511146569,-16.4399825950886)
(20.4462268854893,0.715146516115706)
(9.78184244666453,16.0814192140432)
(-8.35670285383482,14.2454115894386)
(-15.1563163430431,-2.15437460320638)
(-4.03585934042608,-15.5312650235063)
(12.7903642801079,-11.8957708506485)
(17.3889869300012,4.65554601861947)
(4.92900817937170,16.5165717613432)
(-11.4358935420514,11.1763461021218)
(-14.5314712441291,-5.73090816105688)
(-1.17561184209947,-16.4800062735595)
(14.6061480443178,-9.88113984350648)
(16.3627389483379,7.09464888704744)
(2.38892079470988,16.7508511047873)
(-12.6521528002644,9.21320310233962)
(-13.1919454033214,-7.36812949133452)
(0.992710538491916,-15.5197975264547)
(14.6979892262704,-6.78975619530249)
(13.3109350127640,9.48828591784703)
(-1.92446774813424,16.0576076512634)
(-15.2925006949706,5.77449286066012)
(-13.0334120007265,-11.0421921449016)
(2.44007996215984,-17.4767277630881)
(15.2911998961306,-7.57915235155114)
(12.8868833473050,7.72424400801126)
(-1.19454285421701,12.3537080875414)
(-11.2752582297329,1.95846344787600)
(-6.27462016709524,-11.7391737798021)
(8.63725479681227,-13.5237508925413)
(17.5891659302730,-0.825818451250089)
(10.7936866326512,13.5427475883851)
(-5.12009168083211,14.8389217121499)
(-14.0259987449352,1.83116639405923)
(-7.13563253653942,-11.9508204162763)
(7.91807783029675,-12.3876107380784)
(15.1930597771105,0.546847468066571)
(7.14728130683194,12.9347318231845)
(-7.58262678338411,11.6265304482339)
(-13.4002248720671,-1.98164099653162)
(-4.19471128114833,-13.5228574809465)
(10.2659306504517,-10.8449441633675)
(14.6560707426143,3.18459888310128)
(4.24621898009836,13.6895174856177)
(-10.0792267789823,9.43244084409949)
(-13.2150632302159,-5.32230620897912)
(-1.72014418372945,-15.1871910747539)
(12.4394653160946,-9.74142693321150)
(14.2634922628430,5.44518745821177)
(1.38294616953965,14.3831005403070)
(-13.2486383732297,7.11837171764974)
(-14.4606119904754,-9.91752283742504)
(-0.274852515467566,-20.3084021041439)
(16.1605578368027,-14.1586885741827)
(19.9156218344110,2.22850239113148)
(9.05514200200590,13.1883013196693)
(-4.17459037419415,9.66796169840714)
(-6.50708766990121,-2.19223527577624)
(2.79650608961758,-8.35972147587019)
(11.9559260753659,-1.99293038585645)
(9.75595622464611,9.59984785602080)
(-2.35245341799423,13.1585207419727)
(-11.8382028085482,3.86258205104082)
(-8.47601825452401,-9.37122320889786)
(4.72550380264762,-13.1909590697627)
(14.5641659192697,-3.80438137329135)
(11.3782550764400,9.07889921057709)
(-0.995679208171353,12.4293096231594)
(-9.43234303394447,3.43615306571171)
(-5.35826808971413,-7.78526771253566)
(6.35451279189432,-9.03861878073516)
(12.7081237524436,1.05111502932622)
(6.40942266175095,11.6300375677496)
(-6.36719050172043,11.1042341613984)
(-12.4070953646186,-0.599372882092300)
(-5.28197045143886,-11.8629525622908)
(7.92234797644243,-11.4367854823682)
(13.9726197768191,-0.0834788546775369)
(7.19100806550480,10.3211128035496)
(-4.80692528172894,9.19256874424898)
(-9.21524866585908,-1.85682433063231)
(-1.39523406497455,-10.9155099794575)
(10.4578905936818,-8.32047861146587)
(14.0531156618660,3.34736966911801)
(5.83765132670700,12.1730261902624)
(-5.50752446963162,9.46868607864713)
(-8.38911385168738,-1.28709227300500)
(-0.465492222370768,-8.41134782104017)
(9.14862364098138,-4.50234880307949)
(9.80043815556280,5.82090060149143)
(0.709716252117137,11.0388678184093)
(-8.23745216984214,5.16994618056649)
(-7.11143747413288,-5.72776655694086)
(3.32759778781282,-9.91987457122521)
(12.2195251326061,-2.50992603285863)
(9.98464897708414,9.15950236634632)
(-1.47282201629429,13.0267418930591)
(-10.5489813966517,4.93953652909356)
(-7.96108296994352,-6.87061022959934)
(3.53087199195912,-10.2510995001809)
(11.9094795360280,-1.76433086611823)
(8.36088699727645,9.68605426550854)
(-3.54245842129692,12.0641974158252)
(-11.5091748615622,2.69617993878580)
(-7.25210132558645,-8.93427028638915)
(4.94074722694536,-10.9872790971611)
(12.6611770647098,-1.48095783664765)
(8.19783458828437,9.73335130494767)
(-3.58772151896530,11.2149775655613)
(-10.4249800373454,1.71431761821892)
(-5.37750652197630,-8.69576180655461)
(6.08626386202978,-9.18965860856287)
(11.9372933330911,0.607165391490430)
(6.13868117895105,10.3788408227809)
(-5.17165367115442,9.95288557722661)
(-10.1884179972585,-0.152899049471572)
(-3.73202097243574,-9.38749102247528)
(7.47662204853895,-8.19429710135395)
(11.9136714817110,2.15148473867130)
(5.18420155150536,11.0483575157244)
(-5.63218194171402,9.65790484561126)
(-9.56580762901874,-0.0775913291045869)
(-3.16607801523834,-7.77984892926968)
(6.18400454435042,-5.65643085348330)
(8.31506641039870,3.45865735523044)
(1.04000486706082,9.37439908927247)
(-7.68691902851315,5.48171917257115)
(-8.34972937031483,-4.25582890123523)
(-0.0141986798661845,-9.57148211222169)
(8.67835882510527,-4.81209061832810)
(8.65014423623072,5.06305986186064)
(-0.0326570238805557,9.70105112485794)
(-8.23191931326390,4.24484481592439)
(-7.34537705474435,-5.58679375141305)
(1.68983149547280,-9.54022338420520)
(9.44810417682759,-3.58771586222328)
(7.95906254694388,5.91430061777706)
(-0.950164055175377,8.99448275573671)
(-7.66840558754893,2.58604679883618)
(-4.99681683964924,-6.28525607926266)
(4.23877925730086,-7.96909128935005)
(10.1707054795747,-0.418409826448212)
(6.31107717739857,8.60287028938231)
(-3.56523239409509,9.65827144811683)
(-9.32408251920278,1.56728344305150)
(-5.07273880031473,-7.31060787803712)
(4.66191707011702,-7.79396730863696)
(9.65544713864576,0.532834035231153)
(4.66148210702762,8.89831142032950)
(-5.12976067119061,8.51711098657393)
(-9.54091096155585,-0.248656107907720)
(-4.03933765419370,-8.30649511352507)
(5.56761945823147,-7.35564688248051)
(9.24742599790745,1.46607034810993)
(3.23023846464875,8.83110374997186)
(-6.10113834651467,7.00951408553133)
(-8.94305996771997,-2.07105446011251)
(-2.33448515772167,-8.89893500076535)
(6.78710923794192,-6.36174006677112)
(8.88817046329026,2.83353091284013)
(1.81296146346127,9.04015279962124)
(-7.00531467011189,5.78462640460682)
(-8.36183859126448,-3.49260699635255)
(-0.901960641232488,-9.09104244442377)
(7.51505849734393,-5.22112492242967)
(8.08746713332559,3.97254729034830)
(0.278566708439053,8.80680337538451)
(-7.66951685102318,4.22222673337927)
(-7.40792483790692,-4.94305689232421)
(0.773931920158892,-9.05992786052965)
(8.27702555792572,-3.80947405689895)
(7.21651109634469,5.30480354813239)
(-1.32465303241815,8.73341649389842)
(-8.43790944517008,2.87762719639565)
(-6.71002171332793,-6.14852131770329)
(2.02606159629099,-8.90399767172639)
(8.58850074870086,-2.47351476736293)
(5.99213101590363,6.47804855350151)
(-3.30016804430000,8.59844697936992)
(-9.92191346880309,1.49407054608057)
(-7.23752122838227,-7.86044405604219)
(1.94386377808979,-10.3520872534156)
(8.43911550899510,-4.01420392828323)
(6.20145225565486,4.21924599851408)
(-1.66132644573559,5.92201602203334)
(-6.47602077171659,-0.127557852883441)
(-3.22586867754470,-6.99619389941514)
(4.33548213508903,-7.17256870450775)
(7.92332157406458,-0.538806893460304)
(3.66111286992476,5.65137330085271)
(-3.79830895776743,4.63420016190002)
(-6.28384001534625,-2.58210760372354)
(-0.872635810215218,-8.24449355635014)
(6.90789297410916,-6.08595535610883)
(8.84941966641319,1.96452318968349)
(2.72405129235697,7.70448500795646)
(-5.29755077754570,5.21744148833226)
(-7.03859058092658,-2.91870853863847)
(-0.827690519682944,-8.29507091183190)
(6.78012624696891,-5.41900458909924)
(7.85556061883709,2.60617531475076)
(1.33375760492587,7.38058445176768)
(-5.95837644615159,3.98907127769068)
(-6.50000647934768,-3.93336340605469)
(0.0813635053582654,-8.10157011161808)
(6.71460639260159,-4.28976486042358)
(6.37275559949274,3.29443135527432)
(-0.557969703746392,6.50457922062879)
(-6.73672644024840,1.83743573019645)
(-5.60757694886357,-5.91320804778312)
(1.73922648276279,-8.71112722572545)
(7.74933102290113,-3.67556113787323)
(6.30851329827893,3.98706356567615)
(-0.973324401961045,6.51011819042794)
(-6.64540087826943,1.64690146888659)
(-5.35914196763733,-5.21221151418739)
(0.597914308880649,-7.02565860307045)
(4.02691001128474,-2.73739886188013)
(0.849117092299244,1.61957213047200)
(-5.18109937638784,-0.414280711761061)
(-6.24395982055494,-8.35987881269227)
(1.11496078048889,-14.6665693757107)
(11.7582550222841,-12.2184763753065)
(16.5667614496429,-1.81904723840042)
(11.3623395164533,8.15159141709332)
(1.07325145438859,9.72294186524923)
(-5.11637684386828,2.92847875920455)
(-2.69726901226656,-4.61673406472128)
(4.17098795275869,-5.56558217331530)
(7.44213968781462,-0.0236263508941639)
(3.59050133527333,5.12769986306884)
(-3.02156066092639,3.75049373504201)
(-5.03685388609903,-3.14771707040231)
(0.100569280802339,-8.65668495976604)
(7.59731895429795,-7.27686695906782)
(10.4509501757559,-0.516752734845435)
(6.66768009544612,4.95954531223464)
(0.985270719953829,4.42451999271323)
(-0.476522960150001,-0.177465645025361)
(3.24407102529204,-2.72156236457384)
(7.16558688692742,0.270223578800103)
(5.99081209327949,5.85731072299761)
(-0.0231022212199162,7.92561037220639)
(-5.25375422373642,3.85055965056278)
(-4.68909922103067,-2.61036763758175)
(0.759691917161790,-5.25674302467250)
(5.26681257759382,-1.94656219907090)
(4.26523047124229,3.28343126767065)
(-0.857172145569939,4.64838122946196)
(-4.49036536896578,0.743867404961919)
(-2.94783230332304,-4.20309390491087)
(1.69100477558134,-5.16771003568886)
(4.14378439831612,-1.85133093024702)
(1.95083197228643,1.17212280363639)
(-1.76696155474111,-0.216424644059220)
(-1.91786657046844,-4.87206812961155)
(2.60078773262777,-7.57803248051908)
(7.38108261968288,-5.05779343356404)
(7.42026304668274,-0.0645469510494459)
(3.18834016843079,1.38364914461490)
(0.828134549231095,-2.96680919388880)
(5.56356513205032,-8.04735414577264)
(15.0493375800469,-5.97471122346014)
(20.2316509014954,5.35325086926431)
(13.8426344137764,18.5474705055818)
(-1.63351375061983,22.5757726048782)
(-14.9615061304055,13.1491769434098)
(-15.9633226322247,-2.54981504945481)
(-4.95244851761770,-11.9375163865303)
(7.50266269073010,-8.43833342352027)
(10.4851123617808,2.73300127375613)
(2.75357603481880,10.0220504407524)
(-6.81174857353916,6.78157462895871)
(-8.50845673078574,-2.77994059005970)
(-1.38040137429054,-8.59375752391154)
(6.45828803091656,-5.27821947466316)
(6.71939848727729,2.58940182499485)
(-0.314826594790349,5.68284998821538)
(-6.21557115872282,-0.00617383760505802)
(-3.42897364783101,-8.78237927778541)
(6.56946837406381,-11.0944759702198)
(14.5078537594156,-3.52837278051395)
(12.7100013491153,7.43759040717107)
(2.96616051563442,11.8480539456166)
(-5.23681444695371,6.28822073658949)
(-4.31392813879773,-2.77148532221725)
(3.83835052372636,-5.69632722949338)
(10.0050718555887,0.471693674519132)
(7.24137003721527,9.13869683525155)
(-2.01210414622887,11.1014311653509)
(-8.53945325991685,4.06920182948934)
(-5.88073287433698,-5.02698765431232)
(3.07881834394046,-7.20654231518278)
(9.16882543499008,-0.608356304938163)
(6.35571763225774,7.76016048676846)
