2577265475314397560786796768.
0.040000000000000001
(4.87714928913033,-7.27996896665841)
(8.46491537790923,1.95774000619778)
(0.951758404263164,8.49826393962326)
(-7.76416414658626,3.68851548969058)
(-6.20301112500872,-6.03413986195201)
(3.38406135505607,-7.66097749164925)
(7.89274343524688,1.02947962249893)
(0.770057865546169,8.30453196635842)
(-9.05012402078185,3.87386869400794)
(-8.64803897236724,-7.37214713063953)
(1.93679079438002,-11.4867216909498)
(9.61194920433291,-3.55285480969910)
(5.19242933082626,5.96970320730469)
(-4.80246380924961,4.94694526435801)
(-6.91808333180898,-4.70013969398271)
(1.55719160733245,-9.83571091833597)
(9.27651180146511,-3.58632989952883)
(6.07096084538554,5.69493583323447)
(-3.56284547131017,5.71249772556070)
(-6.56382247128126,-3.34841635893036)
(1.21137755638277,-9.08935501079647)
(9.40576524579230,-3.45872382697011)
(6.91078737177455,6.44067066440022)
(-3.32115356035098,7.69350886025291)
(-8.10056656964802,-1.31087240644791)
(-1.42605476246798,-8.70847881997119)
(7.58980365824682,-4.83896418260481)
(6.79768484774760,5.00874848952094)
(-2.94379778959133,7.65844819198585)
(-9.02206869025506,-0.516539064525586)
(-3.86159782625051,-8.95889038351611)
(5.16452739517197,-7.17119212774371)
(5.88965224404532,1.27201866177956)
(-2.08814490110407,3.73915447166786)
(-6.75583890516470,-4.10450895246237)
(-0.0172242843632186,-11.9733001904987)
(10.8266437555890,-8.48053072609013)
(12.1481839859649,3.30402653980827)
(1.97600560845547,9.20195840404073)
(-6.97757391321053,2.22340527923246)
(-3.63145527925976,-8.20547160016289)
(7.08267710236094,-8.46621900071980)
(10.7827276696807,1.47795142127881)
(2.61643810786028,8.17303214921780)
(-6.36822037498771,2.57474438927742)
(-3.93755679878082,-7.88879608557812)
(6.97437758184123,-9.13243017866277)
(12.0231282317819,0.816324517739080)
(4.48359143023738,9.03081828588239)
(-5.67136867597762,4.76346656740930)
(-4.87647453274302,-6.16106860574411)
(5.92603624759434,-8.88141750609025)
(12.2676003292576,0.763457775932159)
(5.21603303867354,10.4172248146902)
(-6.56235503854573,7.29486534942849)
(-7.90089896813565,-4.83541407381373)
(2.94323329294723,-10.2912255764155)
(11.7675733162538,-1.93191162748386)
(6.86833579352521,9.35394624009736)
(-5.60193891203619,8.74169930260245)
(-9.56355674476012,-3.17334687759443)
(0.0442346565835144,-11.1063187390151)
(10.6850949211251,-4.99181813843482)
(8.60267142192027,6.96385578874895)
(-3.31934905339494,9.09997080727309)
(-9.52366327368051,-1.29879500789893)
(-2.16400571304385,-10.7269237373168)
(8.91705978617991,-7.33711624049782)
(9.46769425003948,3.74334201904393)
(-0.483889149594079,7.65406088413607)
(-7.19532580771082,-0.406179768263888)
(-1.84848065988535,-9.24666870199621)
(7.89753271448063,-7.20328682232689)
(8.81317411303579,2.06477861135659)
(0.491522429820557,4.91094607851733)
(-3.94289753697290,-3.05605212017888)
(3.85438674770889,-10.1544416950285)
(14.8636704957745,-4.18042781015613)
(13.6313695366011,10.1095021243079)
(-0.917800523389939,15.5932787430677)
(-12.5405261535406,4.59465057061461)
(-7.60149827306740,-10.4006159010903)
(7.44326690192572,-11.8507342488242)
(13.9790551783811,0.804260108987989)
(4.80942601834968,10.6488207129590)
(-6.98140541705296,5.18613877740869)
(-5.37577805224005,-7.68158007584495)
(7.60170743314050,-10.3217758598767)
(14.6417889761636,1.28742331073329)
(6.03005384663125,12.1045964877335)
(-7.31249534792399,7.67669778336701)
(-7.80308411518944,-6.74494567317563)
(5.92513981516177,-12.6568231881608)
(17.0202752572770,-2.03972901183157)
(11.8850540832338,12.3913428623534)
(-2.72805836981738,13.5480406467751)
(-8.88606509104357,1.51166753065524)
(-0.505173802745486,-7.48777412183013)
(9.77767710713522,-2.60940417898315)
(8.14462478469774,8.11420782597694)
(-2.23996653401967,9.57777498780692)
(-6.36885933882560,0.249064280139775)
(1.65826991809204,-6.09075431114808)
(10.3476115490723,0.435869605971348)
(6.42759296090238,11.7706542036979)
(-6.65728245265348,12.2766595675934)
(-12.5329538554493,-0.109073403821760)
(-3.43184561421829,-10.3601477039873)
(9.07810352718137,-5.73766008753023)
(8.84981319959752,7.30053822747575)
(-3.66871469512582,11.2521126172001)
(-11.8048501856696,0.457117067180814)
(-4.42606000699030,-11.3039982465026)
(9.32700596708185,-8.71588936201768)
(11.7965467761734,4.95581155403042)
(-0.163392188367050,11.9208937451459)
(-10.9571820778591,2.90728960950372)
(-6.34278347308334,-10.8279850035142)
(8.35834189934072,-12.0501816083370)
(15.4604069621341,0.499475559273448)
(7.68506172840126,11.2393188301781)
(-3.37260576227946,8.46416763700390)
(-3.56918224899160,-1.01827834896794)
(4.97672671098209,-2.29167141225146)
(7.64129018872693,6.83342754152102)
(-1.90171938788661,12.8184283546436)
(-12.2546986026979,5.23351608911230)
(-9.30938382020608,-8.15037602141085)
(4.29931614318334,-10.8200827918039)
(11.7280844415044,0.604673866932266)
(3.74077198290397,11.3142865643005)
(-8.94248783500841,7.36697773729254)
(-9.47477893180515,-5.99220617440543)
(2.99701911782863,-11.1013348803038)
(12.1179961449776,-1.11744662175270)
(5.84846665219605,10.8672259174947)
(-7.56787399458115,9.02272211596482)
(-10.3834693228382,-4.27287866258756)
(1.20141189186419,-11.4637639413351)
(11.9021968901390,-2.99539235793439)
(7.49348028042046,9.92571314176704)
(-6.25205006216755,10.0082853363639)
(-10.9489401353730,-3.19777754293565)
(0.201551027763732,-12.4010447963855)
(13.2144628398714,-5.09945802623142)
(11.3670673186706,9.96075613323184)
(-3.08585425776499,14.0463988794353)
(-11.9652697299213,2.67843794011575)
(-4.87979739736999,-8.89611922139630)
(7.58986357238139,-5.97530445767333)
(8.36408020495519,6.45498844356138)
(-3.40858885908356,10.8506523049509)
(-11.4887822034344,0.769832954370113)
(-4.49884057153436,-10.4882928442505)
(8.66519083994018,-7.71757813089306)
(10.5624073912452,5.70701813563463)
(-1.49281834946509,12.0837551973635)
(-11.6388282781529,2.86451456593609)
(-6.40854785068349,-9.84850198455345)
(7.32659815395502,-9.22893900290427)
(11.3476621324376,3.92704488588482)
(0.246642827337435,12.1408204035507)
(-11.2913733185983,4.39488055635786)
(-7.89028478511294,-9.15958387990588)
(6.05874191378965,-10.5574540396177)
(12.0917750149931,2.13333322056932)
(2.12930869869446,12.1198321285891)
(-10.6990136087770,6.07841639151755)
(-9.35493379561225,-8.10080206114723)
(4.48333868976577,-11.6440230371058)
(12.5088369678387,0.233422682752657)
(3.98468617573341,11.8646185698452)
(-9.94678372202250,7.78975445418935)
(-10.9154540059459,-6.72916196873389)
(2.34513847566400,-12.5840831881321)
(12.2439378774337,-2.11607311908468)
(5.61424423396600,10.6644029493912)
(-8.75949930651240,8.59700265461072)
(-11.6986837400599,-5.81510781370520)
(0.915530754059385,-13.6039549422066)
(12.5552688161206,-4.46362781259014)
(7.89899701166166,9.47160118200545)
(-6.75106822980143,9.62140061542573)
(-11.6790557491148,-4.31947853852705)
(0.0792493617094649,-13.7660039800524)
(13.2689894093239,-5.78518596865207)
(10.4072127933368,9.59870709607361)
(-5.04342122672890,12.4037004188353)
(-13.0464089141938,-0.983850127805668)
(-3.32844900246311,-12.9514853344526)
(11.0624183220132,-7.83953199498683)
(10.9884672817048,7.39642462217848)
(-3.46189839094313,12.4092403689153)
(-13.0955038307518,0.438890163867905)
(-5.08976487959548,-12.6862526028862)
(9.91912301107187,-9.54383570830035)
(11.8908536944232,5.67080046499697)
(-1.95403335313893,12.5907882095108)
(-13.2835080871604,1.71399509172729)
(-6.91340158343387,-12.8299139621831)
(8.92681391984910,-11.9099229271991)
(13.3745535558005,3.14100575155421)
(0.681407417206963,12.1264287798429)
(-11.9196327270728,2.81081103425702)
(-6.97649464163643,-12.5351141965306)
(9.75510637064751,-13.1016299132594)
(16.4681229624396,2.79149478408705)
(3.98976874137199,15.0071742659307)
(-11.8186978221585,7.84144805835896)
(-10.6288508018365,-9.21099979767045)
(5.65497802735455,-13.7375984813247)
(15.2983313647648,0.172378248159677)
(5.29853204367135,14.0869368012832)
(-11.4323900775619,9.45466574437384)
(-12.9990963486592,-7.91621377826809)
(2.63781580950169,-15.4276109875518)
(14.9348632021221,-3.42083040727134)
(7.80431710007609,12.1176347105358)
(-9.23405146092685,10.6583220046357)
(-13.7129118272172,-5.82234273521981)
(0.0672885616056806,-15.5945097704178)
(13.6093188958681,-6.05718721759387)
(8.92057158533158,9.55741476461203)
(-7.44568421815742,9.87463435646009)
(-13.0370464499086,-5.97673617243059)
(0.486816603543983,-16.9184554763483)
(15.8613225718611,-7.86767834203298)
(12.8137062311997,9.89710008879378)
(-4.93500184280873,13.2188235478315)
(-14.1490087531437,-2.40734134567075)
(-2.49492760574414,-16.5902143705754)
(15.1021814616053,-10.6197328895874)
(15.8872417801917,7.97544607268826)
(-0.944700084532161,15.2799856543104)
(-13.3143078623489,2.34849542888039)
(-5.37648785549661,-13.2311268986917)
(11.7542462936616,-10.7389153115400)
(14.9696931872880,6.33284082153948)
(-0.133800483336405,15.1484577074137)
(-13.5673374046010,4.00481414558599)
(-7.73065978314397,-12.1662643127256)
(9.08542183012060,-11.8908055711337)
(13.8858898359473,3.99567172277646)
(-0.0154959003710353,13.3813645335101)
(-13.6883574248553,2.64547743127704)
(-7.78966343055382,-14.5763868828702)
(11.1189453697063,-15.1066063372915)
(18.5706242839829,2.71521980968425)
(4.50397459835442,16.0977826336038)
(-12.8994959569414,7.54708591287473)
(-10.7375755020844,-11.7748997593544)
(8.36441934882584,-16.3335425718668)
(19.3775142288086,0.216474143880326)
(7.68442253917104,16.4532576440916)
(-11.5647438282644,11.2464597618392)
(-13.3207887410582,-8.37923285711614)
(4.30318307929068,-16.5006577798421)
(17.5489364216508,-2.64392386292716)
(8.62334723353670,14.2515123360823)
(-10.4172181681634,11.0258574421979)
(-13.4781802312131,-8.55517582976885)
(4.65141029925166,-18.2622102830026)
(20.6554773568478,-4.10582131436798)
(13.0572015032185,16.5230707774690)
(-9.15912210027087,17.1057763889149)
(-17.7683726860576,-3.18318138983704)
(-2.14248343928046,-18.0619326021010)
(16.6918353479894,-8.46700278317745)
(13.6132155575919,12.3476712474317)
(-7.44047431051196,16.1866663878136)
(-18.4924120170821,-2.85092645658437)
(-4.37404678767241,-20.3545632067069)
(17.1056801770632,-13.6203755646359)
(18.4721439295363,8.38181319825706)
(-1.19188807534863,16.7781396080179)
(-15.0218867681291,0.984916580695347)
(-4.03609328066975,-17.1502160232305)
(17.3623797259585,-12.2765376082756)
(20.0958239596076,10.4436028541940)
(-0.929130788639051,21.4236192285609)
(-19.2679036229189,5.40118838895080)
(-11.0030348599379,-17.9681717674720)
(13.9370982520074,-19.1052629409202)
(24.3788049148088,3.29318673915626)
(8.12099686065994,20.7871358667050)
(-12.7978251655469,12.3089865271789)
(-11.5429451195837,-8.87945649033499)
(8.37494772721213,-13.5674216570291)
(18.5257278464988,4.36834694033049)
(3.99648089991566,20.0719888659438)
(-16.4297044124056,11.2884521202407)
(-15.3017616344603,-11.4178703302406)
(6.52323886026461,-18.2905230218661)
(20.3966144226685,-0.0343733756400357)
(7.68871706049279,19.2829587268955)
(-15.1351172275872,13.7283622888165)
(-17.8348134685749,-9.99029273830500)
(3.63868308701818,-20.9353014299136)
(21.4397008342258,-4.63173315519770)
(12.3455129689698,17.6305915758445)
(-11.5425923076810,16.6994565650826)
(-18.6791667441436,-5.94583847745041)
(0.185886598546555,-20.0981150106801)
(19.6439782228155,-6.88986493150203)
(13.3126828850409,15.9423781183947)
(-10.8405195609866,17.3682251419513)
(-20.5799723377950,-5.56623766097558)
(-2.03657968383124,-23.2007705647878)
(21.4213815081055,-12.1061484710390)
(19.5012741425453,13.7309455169057)
(-5.10416996613780,20.8699910431634)
(-19.9706266557202,0.295330450867531)
(-5.46723535346431,-20.5840302966980)
(19.3487206641858,-13.9114986929688)
(21.7677563246284,11.9134741511921)
(-1.46646478571352,23.2902569985508)
(-19.9059590756755,5.76407599822528)
(-9.72274311821793,-16.9370173978992)
(14.7244955941849,-14.4697054582814)
(20.0299459700556,9.70539166271350)
(-1.63450092598090,22.7996499219746)
(-21.7326638990068,6.42361489109638)
(-13.1587225502246,-18.4485574192527)
(13.2981792731000,-18.8879565575607)
(22.5898889155902,6.06562233279577)
(1.76508412880910,23.3675961387532)
(-22.2151325704875,9.26945710870342)
(-17.4126243583359,-18.8919377675522)
(10.9282447229143,-24.8151317025407)
(26.7310784125603,-0.743145121838693)
(10.1306359648517,22.1159043130530)
(-16.4749437996943,14.3335654230049)
(-17.8154545640335,-13.1947676458445)
(7.91936885491813,-23.6772797562912)
(26.8150727612807,-2.91484211842107)
(14.0469252905759,22.0639404148341)
(-13.3937381887971,18.8215239921401)
(-19.3298824988933,-7.58601382162736)
(3.57623956901675,-21.4449550322267)
(24.1015302149636,-3.94299104160739)
(14.0639865952359,21.6727165595371)
(-13.9342136900942,20.9377623858780)
(-22.9810591697419,-5.76764594414225)
(-1.00177644497683,-23.3011921510000)
(22.7347675537165,-8.34018582387564)
(16.1769733742219,19.2168145918390)
(-12.6628608256377,22.1468052922568)
(-25.6709053308326,-4.68130459093634)
(-4.83138317790067,-26.8822486081696)
(23.5924038842025,-15.5087439003830)
(23.2635041382679,14.7343218439653)
(-4.49890277219281,24.7200939179269)
(-22.6108841805333,2.42851391378135)
(-7.41622437951357,-21.3910878644919)
(19.9753980224363,-14.3155537636895)
(21.9569657295089,14.3829095355763)
(-5.10911377693017,25.9347093472682)
(-25.5386549384094,3.94724860116326)
(-11.7201415369626,-23.1158498470596)
(18.6080759038521,-19.3572310439993)
(25.3221243025626,10.5361860015089)
(-0.721050107876013,26.8747293670578)
(-24.9190512709770,7.54324610418441)
(-14.5391543471314,-22.0518446790511)
(17.3504937291763,-22.1517850811714)
(28.4615757683822,8.34291797431933)
(3.29403725461443,29.5774697025814)
(-25.5860294601239,13.1621337375163)
(-20.0587903874269,-19.7246123406953)
(12.8521333109833,-25.6686677672526)
(29.5803978574807,3.52936762313340)
(7.45288060256255,29.3651954236384)
(-24.7716819514611,17.1682248209071)
(-24.3724398407990,-17.6597806460282)
(8.68731622796575,-29.3475014004541)
(31.0578334361469,-2.17778763629546)
(13.0152426061545,28.1821579363693)
(-21.8385760228200,21.3973909181870)
(-27.2563583765421,-13.9647984031576)
(4.43822315353950,-31.1900239130079)
(31.6313192855485,-7.06150864030324)
(18.1346557050690,26.9484699723377)
(-18.6127823680209,25.8490658852520)
(-30.0964988595126,-9.18982859822218)
(-0.925164015335297,-31.8621041430788)
(30.2839484311235,-11.8805569844349)
(21.7388176934106,24.4271624869911)
(-15.7585207519857,28.4871268968684)
(-32.4208737345867,-5.95144678393382)
(-5.34468393336953,-33.7383583503159)
(30.4359145228950,-17.7044188967386)
(27.6809079703542,21.6378570868044)
(-10.3250014098896,32.5086971544130)
(-33.4198403473286,0.348041090030380)
(-10.7353689254788,-32.2908845186055)
(27.8947691058132,-21.6936666508975)
(30.8813595103791,18.7005172932814)
(-6.56504625252543,35.3794792211583)
(-35.3059071065270,5.59104318131260)
(-17.0444187598522,-31.8002668961939)
(24.3732700656146,-27.2788011522370)
(33.8985964837333,13.3078252320163)
(-1.51933682012527,35.7038445278929)
(-34.6740259613412,9.16285315002960)
(-20.2753817665602,-31.7417172191234)
(24.1073749562101,-32.0357589482878)
(40.0141507087493,10.3315666083622)
(5.40010077889802,40.3404256453283)
(-34.9458018128203,18.0610124539368)
(-27.6339288258409,-27.6560654628235)
(18.2652110283762,-36.1433471520855)
(41.9651526910346,4.81390402070448)
(10.9678795382668,41.6139309749095)
(-34.9358700761902,24.9176513289456)
(-35.1411026107309,-24.4426857875297)
(11.4436408140815,-41.7088253942138)
(43.6981080931771,-3.53563885539692)
(18.4158862017015,40.0866878216715)
(-31.8163840395042,30.9341974476707)
(-40.5102190131806,-20.1074188675371)
(4.90975239020317,-46.1985335470011)
(45.3956490389804,-12.3910685324537)
(27.5211155291741,37.3888450730254)
(-25.4457704678434,37.4737531964531)
(-43.3590152949044,-12.5582931283213)
(-1.90215595468320,-46.3840021349189)
(44.2939597776667,-18.3720840561190)
(33.3261423755402,35.1222647651697)
(-21.3116690910171,42.8967734136587)
(-47.2999598798544,-6.46559370883909)
(-9.10363503450932,-48.0404778485606)
(43.6238365915801,-25.8222461922860)
(40.5891432450382,32.0916279122488)
(-15.5398228161479,49.1890504665367)
(-51.0573266858815,1.80591390882394)
(-18.2239914915981,-48.0438920432392)
(40.2897758951707,-33.7335259497046)
(46.4925811082081,26.9001508261290)
(-9.28348292115461,53.5039631173659)
(-53.8004768926029,9.40008536685881)
(-27.0520053187383,-48.1691177221549)
(36.9493914734768,-42.4102287282634)
(53.3495991156030,20.5691263137375)
(-1.11722263462941,57.7903725906228)
(-55.3284396764159,18.6278031664576)
(-36.6426733721725,-46.4674825522111)
(31.7215072582270,-50.9414497318291)
(59.2423908946670,12.7048006160809)
(7.74967114070387,60.6384174345127)
(-55.7804775841018,27.6586723306991)
(-46.0491753364713,-44.6321147019977)
(26.5346539203629,-60.4070173610624)
(66.8224177278807,3.40830832547750)
(19.9608909725314,63.8843795221571)
(-53.7708983298725,40.0397904729282)
(-56.2645086023633,-38.4756549806864)
(17.9604277656418,-67.7417990924240)
(71.5014038399376,-6.72375295360807)
(31.5728031139007,65.6245121773981)
(-51.4410538776902,52.4957274448262)
(-67.5951374947051,-31.3293774523689)
(6.91316503492409,-75.6070581761923)
(74.8449673991525,-19.5201560541048)
(44.4355877185206,64.8870866156690)
(-47.0637140326321,64.8963962572262)
(-78.8717018405802,-22.8050382995218)
(-6.03139728791587,-83.7396907266561)
(77.4277648695126,-35.2617573018052)
(59.8689776705527,61.1990184497322)
(-38.4667648211300,77.5209791169824)
(-87.8530515847249,-11.1435581564210)
(-19.6978698601798,-89.0068663701621)
(78.5829459187772,-50.2910297650421)
(75.2207441072883,57.6063132875236)
(-29.8170964840239,91.6748407870217)
(-99.0477588773697,2.34571207944932)
(-37.1029416621773,-95.3410322572782)
(78.4574807972481,-69.6700331530184)
(93.9017923986062,50.5127339516777)
(-16.4983614665406,107.177230248869)
(-109.527001411047,20.5233188782626)
(-58.4280509699371,-99.2862415621329)
(74.7921300500907,-91.7112451250946)
(113.716692669527,39.3986270125230)
(0.565111576823023,122.462272527502)
(-119.111483312928,41.8383562430063)
(-82.7446850532968,-102.150538075386)
(69.3929693467882,-117.201151410088)
(137.017517286430,24.9029699260132)
(22.7148808750601,139.882088308919)
(-128.770093379542,68.6432023848890)
(-112.018942981804,-103.955366761954)
(62.6465611477763,-148.139997940244)
(167.697191618416,7.11196740905345)
(53.3266376955571,165.022190953696)
(-141.541578173542,109.512903769334)
(-156.367652111421,-100.530741498096)
(44.0822371857671,-189.264621464389)
(202.157644473926,-23.7087954768686)
(95.1866362245045,190.853037163415)
(-154.837159926093,161.807070769377)
(-215.604726439525,-95.9563565324127)
(18.3108081191300,-248.767295472935)
(254.734242027240,-71.0018847575447)
(162.848635333897,229.558246328827)
(-171.978591077434,246.897929044919)
(-312.236413477856,-84.2104389231622)
(-28.7017038019642,-349.486684909985)
(348.650710905224,-161.793994920691)
(303.388447284297,293.384096164958)
(-174.409703307790,420.749664055218)
(-478.727331067408,-20.8748102073437)
(-118.087324675426,-498.558729239612)
(552.450535831710,-273.299407799480)
(592.686495317107,609.205297678951)
(-400.854853624131,1137.66857082186)
(-1589.23911117565,377.414930189029)
(-1583.01672394601,-1328.38208374473)
(47.8910496611606,-2438.90101350046)
(2094.59322534311,-1694.67894462293)
(2745.91962570977,503.836844962609)
(1366.68072421477,2348.86769047175)
(-842.216749143074,2338.27024815849)
(-2018.27608444958,692.711321558917)
(-1417.73243732045,-972.504535476697)
(29.6407648032565,-1304.41184308786)
(849.741809755876,-424.931878572898)
(517.093707040572,470.301956236768)
(-246.634229247485,502.745197846334)
(-487.820820465927,-85.3117306530797)
(-69.5984898815816,-450.469694081659)
(366.807327376470,-202.501331108769)
(289.690607106388,251.049290707326)
(-126.392522934232,328.739969120352)
(-326.068188138828,-7.13677670360292)
(-96.6228084796155,-288.020904732247)
(222.981254027980,-176.266017806382)
(226.790436258027,141.243404486244)
(-52.9639570311470,246.530281401704)
(-236.477028349761,31.8945093347608)
(-104.360633385733,-200.918056651431)
(146.470067647057,-158.147124837230)
(189.432446652112,80.4445065370679)
(-10.9420316540804,196.443782029636)
(-180.578973437250,53.7111050383587)
(-107.166193515738,-145.969094063908)
(97.2287983233775,-145.071161856517)
(163.377614981689,39.9037785548224)
(17.6603625886328,160.170160699551)
(-138.906101642489,67.2043490297455)
(-105.424765991973,-105.642707843897)
(63.2984706850111,-131.958222999442)
(143.351197511124,13.2711557140600)
(37.8704846045709,134.671503788862)
(-107.469960297391,79.4155076156563)
(-105.388877692061,-70.4994057949705)
(31.3029591773414,-117.472537619204)
(118.284915402394,-8.08109203162959)
(46.1817348958172,106.992527140793)
(-83.1649138154019,78.2112497414879)
(-99.2816705050899,-50.3317546523982)
(13.5782362858635,-107.745361504562)
(103.737736136031,-23.1207222353641)
(55.8704479149706,87.6984568086043)
(-61.8006653198046,80.3706915404666)
(-94.0005787130644,-30.2506111620129)
(-2.90693480988362,-96.4741922538019)
(88.1581922294620,-34.5381321914442)
(61.2024595205547,69.8285197254601)
(-43.9692765797726,79.5288742173862)
(-87.8388235313870,-14.2576984286933)
(-15.9721178238731,-85.8620831487063)
(73.8090301346279,-43.3810631230394)
(64.2425588890729,53.4236120882230)
(-28.4136781418239,76.4408496777215)
(-80.3803289753265,-1.86580353217071)
(-25.0169203500800,-76.2128880999666)
(62.5146259134672,-49.8743710890965)
(67.6653900003382,39.9320647313037)
(-13.4356318542552,74.8683624234573)
(-72.7260812017021,11.8231596140481)
(-34.3306534536146,-63.7532002822085)
(48.0518399519071,-53.3188460643670)
(65.4904530548363,26.1933869404406)
(-2.43776338682891,68.3452338701540)
(-63.8277329562203,18.9461270058396)
(-37.8728549398756,-54.6539949763377)
(39.7251904289857,-54.9190545553501)
(66.3213254921127,17.5666623503034)
(7.98872847755535,67.1832424843309)
(-57.8912826582247,30.2226847935327)
(-46.1473152314681,-43.0010952111802)
(25.2561858562806,-56.6248571871910)
(61.4863272609691,4.89634462889257)
(16.3749723793507,58.9097159828540)
(-48.9036407655056,34.9746123813350)
(-48.5618769996385,-33.7168680826776)
(15.2866758582303,-56.4549551659718)
(57.7335085775526,-4.85122105965785)
(24.0037750362001,51.7696293935948)
(-39.8730694844818,39.3463341969299)
(-49.7208122642395,-24.1670564856903)
(5.95237179525410,-54.5841031235644)
(52.7817562065835,-13.0620104280561)
(29.7871529445400,44.2896602217477)
(-31.2870913362974,42.0023130114208)
(-49.6397768994823,-15.6898023000768)
(-2.12316951974882,-52.2374337226949)
(47.8523313703896,-20.4489237015185)
(35.1482511592989,36.5470179722361)
(-21.9731260414748,43.7265325229789)
(-47.6179683789252,-7.07867678899031)
(-8.72902712180024,-48.0118293386218)
(42.6744745629220,-25.5329549001822)
(39.3181125255123,29.9888637192138)
(-13.2022508670172,45.8322699913369)
(-45.4908261654924,2.77550204312680)
(-16.4794225729598,-41.2135190947311)
(33.7170748275145,-28.6792603314618)
(38.3731294757822,22.2058725921731)
(-7.75614841190313,43.3177617787115)
(-42.9322082053700,7.13441084594922)
(-20.9256671092385,-37.9189911695905)
(28.5052664905232,-32.5331572054630)
(40.0533595778331,15.3648349938682)
(-0.767905334355338,42.1836847867486)
(-39.4952347493341,13.0871215328427)
(-25.3691214722883,-32.8097798329656)
(22.1563392116777,-35.0422451543612)
(40.1584928790481,8.53578447287840)
(5.51223777852425,39.9626389939167)
(-35.5024607404078,18.2134797870189)
(-29.1080191173015,-27.3418317290201)
(15.3565946596468,-36.7340817007037)
(38.8693649787649,1.41002546800975)
(11.0952707400334,35.8530774964170)
(-30.2768743472607,21.1695424060580)
(-30.2135163936107,-22.6114758966702)
(10.9871773147160,-37.3297889471600)
(38.8328576517109,-3.73825199815563)
(16.9904524912048,33.6881339280455)
(-25.2156070787612,26.0082484430731)
(-32.1819347526944,-15.8755267964343)
(4.64059341137854,-36.3524523192584)
(36.1823156576093,-8.70195817389432)
(20.9385699922530,30.2356790653472)
(-20.6704272329798,29.2514880377131)
(-33.9052199900866,-9.86756552357579)
(-1.93726693379203,-35.3795758735947)
(32.5897303736260,-14.0614623047057)
(24.1934030222361,25.5111585671154)
(-15.8960361628437,31.1690494516600)
(-35.2079080474486,-4.37541260411036)
(-9.08826084658996,-34.7685423413002)
(27.7861882720622,-21.3668316177746)
(27.8706271414961,16.7199823101416)
(-7.04164626021778,29.0067270413291)
(-29.4750302313577,0.370942707762234)
(-9.62366429110638,-29.9967355879281)
(25.8086256860069,-21.2766782990150)
(29.7508644708346,15.1546858187572)
(-2.92402002475312,31.4488675728935)
(-29.2154926400423,6.71603232904979)
(-15.1395873434769,-25.9416770795772)
(19.8713699819353,-23.7034271703570)
(29.3938531653311,9.68671460204352)
(1.38619254112346,29.7100951226287)
(-26.6627173247631,10.2752719644368)
(-17.9116790921414,-22.3434097365681)
(15.3853051584091,-25.0044105634088)
(28.8528238288741,5.20473568003325)
(5.00611339939804,27.7695663826726)
(-24.0635039988858,12.8475353423585)
(-19.7132125499671,-19.4511308534106)
(12.1199015618450,-26.1967736451194)
(29.2140839734387,1.42692951503078)
(9.13453878714327,26.8289812008068)
(-21.4114521618786,16.7156394456260)
(-22.3284195719795,-15.1152080803201)
(6.90096472378567,-26.5752845719390)
(27.0964440344395,-3.16720858503011)
(11.6895230262123,23.2207596002205)
(-18.1681783794662,17.0786200247065)
(-21.9962063169284,-13.4616689259589)
(6.08254523306408,-27.4463372502461)
(29.3527398606987,-5.45007036004024)
(16.9079261317036,24.5260144145890)
(-15.5662792413356,23.7401106865188)
(-26.3256521292532,-6.49788699997384)
(-2.19751673093781,-26.7230694740162)
(24.5203030177687,-11.1055562584519)
(18.7098628876671,19.0535563406895)
(-11.7201867382443,23.7296146024764)
(-26.7193126391030,-3.34712499411365)
(-6.75107710186907,-26.9725978806964)
(22.1038916964665,-16.9226405795636)
(22.8917523828324,12.8973259606414)
(-4.01220807683135,23.5364896427234)
(-22.3975699990731,2.28844674107780)
(-8.45212689980440,-21.4585467871343)
(18.3170639720398,-15.8281497891827)
(21.6667189656123,11.4751123765624)
(-3.23510136748950,23.9130097086127)
(-23.7346323128213,4.68287668875432)
(-13.0355530131764,-21.3210353685286)
(14.7300789241616,-20.6150267210349)
(23.6155895207367,5.01701797520642)
(3.16705372893589,21.6282177933912)
(-18.6463099975412,8.22684182857152)
(-13.1634973132334,-16.1568329485228)
(11.2367977947245,-18.6866964571379)
(21.1810657419369,3.40026194734847)
(3.33537098102303,19.6441926800795)
(-17.8329133147418,7.59988951432556)
(-13.0108982083807,-16.8450699589399)
(12.4266883920730,-20.4955233114124)
(25.0487882419113,2.78413348218248)
(7.50513976741651,23.3621965959527)
(-18.2506482188194,14.5137218453897)
(-19.4263712172240,-12.4902159316836)
(4.89369376096378,-23.0744518305825)
(22.8511749981980,-4.40825474794853)
(11.6023338744769,18.3295448508108)
(-13.2536112795220,15.3842191046608)
(-18.8379710547986,-8.80186834538127)
(1.74529476192392,-22.2051291134028)
(21.0329202513106,-7.74498028869747)
(14.0391953986358,14.6802655431240)
(-8.90046383251557,15.2239005192366)
(-16.4695819902468,-6.22520337815240)
(1.71430309811439,-20.2802034743677)
(21.3796121760466,-7.43712557420435)
(15.9968323806503,15.9098518598982)
(-7.93746799288931,19.1964295241717)
(-19.4640575950422,-1.86296088280331)
(-4.03324104348726,-19.6964551461244)
(17.4766858756927,-11.3577730379082)
(16.5740254958681,11.3252111489271)
(-5.18459332098535,17.6764988248049)
(-18.4341972057711,-1.12148070210638)
(-4.95760631947346,-20.3869428980174)
(18.2146454783775,-14.5587569076014)
(21.2353150206167,9.14181444988006)
(0.602717647194195,20.3103392689274)
(-16.5343344731597,5.28327194224254)
(-8.26032841114848,-15.3041835793737)
(13.5636482768978,-14.1277139823988)
(19.4910021954648,6.83785613077437)
(1.59651477242687,19.3646907443118)
(-16.2420331897704,6.61124089511317)
(-10.1664382461907,-14.5916914437893)
(12.0407023048099,-16.0824234957672)
(21.2318757936576,4.41898442567334)
(5.27279293977423,20.3357396917930)
(-15.1342368777007,11.1788324106399)
(-13.7668700379548,-10.7655220480133)
(6.89667046265374,-16.8912726725900)
(19.4279841418806,0.208029349242754)
(7.70318049936851,17.5482921497600)
(-12.3137433431591,12.4504945186029)
(-14.2048321713311,-7.78073959643306)
(3.98580765493282,-16.0978630955606)
(17.6497769454659,-1.71080039336773)
(8.53181283902889,15.9474669961333)
(-11.2527173393265,13.3284018457043)
(-15.6266813211000,-6.08055547156186)
(0.849881098840980,-16.7264573822454)
(16.1095534625288,-5.00753472727130)
(10.1110069809198,12.9856161433587)
(-8.75658111448158,13.2060078419662)
(-15.2632672112878,-4.43955790204884)
(-1.04641042321208,-16.3956437194273)
(14.5635716559868,-7.15193797519030)
(10.7302701593475,10.1686103024424)
(-6.92085153173171,11.6666424559443)
(-13.9258323103910,-5.10754827413666)
(0.0825734851355568,-17.7204022435331)
(17.2205993411201,-8.85634592433584)
(15.0383090396571,10.2998297274117)
(-3.40955736780364,14.6716697915974)
(-13.2880897600443,-1.30485744988232)
(-0.889868761710908,-15.9099526214576)
(17.8072076905694,-8.66103558001769)
(17.7722285032259,12.3644312386399)
(-2.16745158127629,20.6110863976570)
(-17.4488278748108,5.54182734272361)
(-9.53004731745493,-13.6534825469517)
(10.2905611465082,-13.0582995993665)
(16.0240951206583,5.11930900422350)
(0.927749593650180,16.1212659122033)
(-14.3177171939514,5.45751879447443)
(-9.42992481832895,-12.4424414416839)
(8.79654115944015,-13.9558141788042)
(16.0808186968043,2.25850888781478)
(3.32102815473037,13.8555436809683)
(-11.3145311363929,5.05539070465553)
(-6.93541361476175,-11.9524493529022)
(11.6502494539277,-13.1290032950233)
(19.6875988208106,5.04214582269280)
(5.15920860224689,20.0191615169555)
(-14.7325187488574,12.2912601245568)
(-15.3536543543184,-8.94332327722410)
(3.57415534625495,-17.3438321328836)
(17.7277621059218,-3.28020870174759)
(9.73196897546488,14.1641393540521)
(-8.75785767278476,12.4493176703224)
(-12.9993925073250,-5.21856278376390)
(2.24199280049461,-14.8061239333539)
(16.2752921254601,-3.47970969136589)
(10.2111024021515,13.6401873327977)
(-8.07360201154335,13.7685040407810)
(-14.5383163797208,-3.37289865709235)
(-0.792423380489775,-15.3419683312458)
(15.0036113867460,-6.69768315616053)
(12.3040918303391,10.7936111445338)
(-4.77684876442127,13.9981147883331)
(-13.2259576964490,-0.933474167432521)
(-1.79502499716550,-13.6882670717850)
(14.1423173994328,-6.92474185490196)
(13.0815149757149,10.6699790636950)
(-4.05959716143324,15.8742567548236)
(-15.1106509733724,1.63104615160840)
(-5.86786980087964,-13.6809284718547)
(11.3357717820896,-10.5271722294616)
(14.1287936795274,6.18142514151645)
(-0.351040469690089,13.9409835422645)
(-11.9742441690666,2.66591473087487)
(-4.63907356403683,-11.9957546996963)
(12.1563308217824,-9.62397696909942)
(15.8238063675178,7.60808211450770)
(0.719489559617982,17.5009440251107)
(-14.0834127661344,7.03466913903242)
(-9.67274999208904,-10.3363383544440)
(7.89937126868107,-12.1732352647442)
(15.5319283029054,3.64005953648571)
(3.27404587598836,16.2563037410302)
(-12.8510639407364,9.22934913015694)
(-12.0441781664277,-8.14421976742662)
(4.11933820049470,-13.3564485654932)
(14.1836961839057,-0.283167197084686)
(5.28657095553927,13.1569221611472)
(-10.1154467073229,9.03204265861281)
(-11.1222607707184,-6.90620696021810)
(3.76368927197903,-13.1064626527849)
(14.7166912352804,-0.985243610769516)
(6.97261315218195,13.6216811884879)
(-9.52795781473553,11.4165834275592)
(-13.2193248876579,-4.81275927493485)
(0.642569965501142,-13.8425502708020)
(13.7618208566504,-3.97959818059970)
(8.95164585639310,11.6074081238179)
(-7.28198142268162,12.3460940465303)
(-13.4554842879973,-2.63244890327625)
(-1.48553082024667,-13.4764549742027)
(12.7386598606155,-5.88188495183310)
(10.4064563694453,10.0897282022924)
(-5.43162686856222,13.3720587091564)
(-13.9863359782691,-0.340124427352885)
(-4.15249127868447,-13.0376629777152)
(10.9885806287389,-8.20806812132368)
(11.5566550736587,7.51077500970195)
(-2.96262566201772,13.2802821467165)
(-13.2464784403339,1.58661817673348)
(-5.74754557009605,-12.0164352452081)
(9.53565446972241,-9.60084553076956)
(12.4424437865001,5.51200571269686)
(-0.710132698921228,13.3211573170510)
(-12.4294324970129,3.64236676086162)
(-7.29033743189735,-10.5631436237473)
(7.74511529075835,-10.4814765220449)
(12.6941345103974,3.68377530388732)
(1.02456737477638,13.1173137373336)
(-11.8087209849699,5.35154222456990)
(-8.89491506884894,-9.31731322650334)
(5.81603874666780,-11.5505909995200)
(12.8567159957740,1.47745501058459)
(3.00773020990718,12.4727943436859)
(-10.6334967593179,6.96395208611477)
(-10.0950071179669,-7.65045665344975)
(3.73585019583525,-12.0381795933169)
(12.4378045127829,-0.531711565751274)
(4.50529413148579,11.5002597283766)
(-9.51482260289501,8.10356450071604)
(-11.1185969450191,-6.18762043838917)
(1.64474737224140,-12.4960786764817)
(11.7091559186777,-2.67400022547602)
(5.71325633814183,9.96205623227240)
(-8.27484066547296,8.37795966765879)
(-11.4820061244793,-5.53739114759860)
(0.652403317339007,-13.4262641112416)
(12.3591659223197,-4.73751171490620)
(8.29868717986144,9.28626507623953)
(-6.23448313215812,10.3661225925988)
(-12.2891125306137,-2.81846883917027)
(-2.13477365359910,-13.0029203760968)
(10.7548227234085,-7.08679306968896)
(9.60575349819366,6.80683973323325)
(-3.64520939329955,10.3129532436496)
(-11.2106412530834,-0.883080165021602)
(-3.15642947237001,-11.5654894728392)
(9.51645968497555,-7.36857489402347)
(9.61424916878890,6.11596965751879)
(-3.34961176458272,10.7756861766592)
(-12.4370986054544,0.00888031021245350)
(-5.63538226108820,-12.4863409175535)
(8.32008365287695,-10.7360147198282)
(11.5033202663744,2.54885446163440)
(0.371137182362468,9.71330573613868)
(-9.77321991526228,1.52013705180983)
(-5.17041713838032,-10.7837460962866)
(8.21274441050209,-10.5199096374579)
(12.6821112469281,2.29803565243430)
(2.27224467848605,11.0203477203361)
(-9.39969169946323,4.39705437220612)
(-7.16638603512456,-8.61669517244736)
(5.71253629575371,-10.7834582867702)
(11.9935113857071,0.657350657337417)
(3.28547901295905,10.4853003306804)
(-8.98240852988404,5.72814991639108)
(-8.84531278409276,-7.26501513600286)
(3.06440495351431,-11.4446896879359)
(10.5520594604373,-1.78469173014083)
(3.57614976993278,8.10789380415673)
(-8.27053030006263,4.24452311733381)
(-8.46834489210402,-8.90331761003494)
(4.34227044290813,-14.0584959118428)
(14.2052223839996,-3.92834885887657)
(8.62338301623726,8.97413049870941)
(-5.06302117628616,8.53002114581714)
(-9.27575193340924,-4.03198156451783)
(0.864069039825475,-11.9596470819886)
(11.4244074593051,-5.08202909043666)
(8.29273383746418,6.97245491776283)
(-4.14257338948645,7.78381010379904)
(-8.92108389152345,-3.92581798653669)
(0.833083774733468,-12.4742698532619)
(12.5073410651876,-5.98036385180056)
(10.3872054936336,7.64822671244447)
(-3.58965029478296,10.6489700261466)
(-11.9377647251642,-1.59328529354363)
(-3.92114645739194,-14.4361865642216)
(10.9053878313070,-12.6140652114896)
(15.2255747919048,0.685665619178593)
(5.89644075736139,8.77388091207778)
(-3.13426015129083,3.32119898067366)
(0.0409149700558537,-5.65244513121306)
(9.79270457216642,-4.14360688008726)
(11.2472766636080,6.80548893771064)
(0.717366318253237,12.6910517871017)
(-9.15100600022652,5.21983019249347)
(-6.19754882105089,-6.40660215716832)
(5.06788180060713,-7.59690790886188)
(9.47015145434078,2.37509435656624)
(1.26527659753722,9.59301189565139)
(-8.43785313892124,4.10818582328131)
(-6.69058888785753,-6.91396071667684)
(3.96674921201655,-8.96077357768954)
(8.98206317701375,0.269376436582732)
(1.42502563567193,7.67542225458627)
(-8.44736226539164,2.29229976256003)
(-6.62147293844088,-9.72837272974610)
(5.87011065865264,-12.7719751596150)
(13.7189657589324,-2.23880104900596)
(6.97297513875409,9.03046267737288)
(-5.99947941690582,6.96060212373389)
(-9.07372795234115,-5.90608046882179)
(1.33199418065651,-13.9193515393722)
(12.4026090192791,-8.26605951596015)
(11.8996228015885,2.64430831364104)
(3.36376807670051,5.22288850856735)
(0.0638373846084336,-1.43059227436176)
(6.61715446020952,-5.37512929867152)
(13.0478208789757,1.17825072568951)
(8.80554442852755,10.9607748383328)
(-2.51384933278689,11.3789986499957)
(-7.61545237540945,1.56028760972693)
(-1.06107480903577,-6.27167280230921)
(7.64460806038432,-2.88379332726285)
(6.82218803068833,6.00519406190438)
(-1.99652946642504,7.76344240115050)
(-6.60770519993386,-0.154536148263157)
(-0.871959332928439,-7.15955124351356)
(7.15233482085513,-4.30445205145556)
(6.65657038560610,3.42677633399404)
(-0.658244043349476,4.23678429034158)
(-2.69828068239630,-3.58018648400037)
(5.91953519582433,-8.35931230060759)
(15.1007839244284,-0.748741723385528)
(11.7298394708283,12.4033563495340)
(-2.37623958536385,15.4293936478408)
(-11.2387035069084,3.98935000582128)
(-4.48186161737200,-8.33082466232215)
(9.07287475962583,-6.53411581117910)
(12.0916801157469,6.78814038520255)
(0.565626201214599,14.5650306471644)
(-11.1581601504198,6.84944484997740)
(-8.72582136452624,-6.70570585103217)
(4.08349349351548,-9.47619366819259)
(10.7062819421533,0.846943053562390)
(3.41352726680443,9.82938300374832)
