428420582732952533001042876341.
0.040000000000000001
(-1.62418885762643,-7.07474705542597)
(8.51274587258341,-3.76937606122866)
(6.70844327665486,7.60431439530247)
(-5.65712304685122,8.46099676284845)
(-9.80509963294007,-3.78088125381080)
(1.11906553028121,-11.0324193394225)
(10.8590277762946,-2.21842834049878)
(4.62099348988686,9.36248492048789)
(-8.15288238099578,6.04699313214453)
(-7.97036933696486,-7.17779770011407)
(4.94819301438837,-10.1116968092193)
(10.8421508104689,1.84249904189377)
(0.505836904588237,10.5041211973651)
(-10.5404316989537,2.54216357299910)
(-5.59112917874024,-10.1224297133099)
(7.74957852377153,-8.37650253949174)
(9.06339052421450,4.94681525509208)
(-3.77610211707801,9.29593957161579)
(-11.2877056949137,-2.33174560840842)
(-1.98460537634640,-12.7099333226329)
(10.2153885320479,-6.59527520821006)
(7.31751229867401,6.17779414951150)
(-5.33387799985419,5.98612717458908)
(-7.54906349517199,-6.39394149336226)
(4.35020329861072,-11.1161116827347)
(11.6532218376590,-0.219325060085280)
(2.29944683700424,9.50296490565450)
(-9.70838248296903,2.14243931082940)
(-5.07093588133361,-12.0897791141225)
(10.8393764192784,-11.3330700777130)
(14.9097530466655,4.74973585177021)
(0.699381426875066,13.5099379316101)
(-11.4427333815994,2.69806746832413)
(-4.41237861867251,-11.2167072990863)
(10.2816277247291,-7.63308316504932)
(10.0154261921858,7.47263847617120)
(-4.94911765770360,10.9030606858915)
(-12.2454618825854,-2.64744052972193)
(-1.50562932582799,-12.9458681307441)
(10.2083955857915,-5.39920778383302)
(5.05207216274482,6.74202444616963)
(-7.86110572540245,3.23081796036323)
(-6.52199729172549,-11.2431532336593)
(9.27890131388232,-13.5402820118372)
(16.2196679527692,2.06328502921466)
(2.62271125392332,13.5041130326738)
(-12.5270955974057,3.25675872749440)
(-6.72107735127706,-14.6378479329110)
(12.4591989849701,-14.2937028353139)
(17.8765080291330,4.00381406275330)
(2.53641862019939,14.1486465349593)
(-10.5168668207419,2.69045352074897)
(-2.74542740425894,-11.8639771442410)
(12.7239330012312,-7.44401038694093)
(11.7557354924027,8.54761576143833)
(-4.02506485755228,11.1982124704421)
(-10.0803311613415,-3.55501953970311)
(3.15511328601926,-12.6495968909006)
(15.2165945896193,-1.32252676061075)
(6.64847992759419,13.7393588804284)
(-10.8373525113625,9.21757253061521)
(-11.3082325534022,-9.20952679347903)
(6.29100282684023,-14.6292677707934)
(15.9168176694024,0.930157549860709)
(3.04329568515274,14.1591658828880)
(-13.5005004729173,4.85605588216448)
(-9.24120697056940,-14.1401054266191)
(10.0194166969149,-16.0154446131317)
(17.3970423940193,0.740791242470402)
(4.72590507216874,11.3276625580136)
(-6.79665365818721,2.29261646179371)
(0.0423081641200231,-9.43654949326021)
(12.6477936609295,-4.04635381148434)
(9.26671224853077,10.1827821263742)
(-6.41057699643370,10.0225334775074)
(-10.3772310842060,-5.96420944288528)
(4.39825079011689,-14.1135367740889)
(16.0066396789703,-1.70358332876304)
(6.36762903370751,12.5750789812052)
(-10.4749882171964,5.96644488022977)
(-8.17764348448033,-13.5593547073208)
(12.6537389798051,-17.8028265907970)
(24.4443662279737,0.658666481618991)
(12.2934042527731,17.6955527253634)
(-5.39196140462103,12.8226571085812)
(-5.14445759099458,-2.22794793115223)
(7.56135689995771,-3.26942225865492)
(9.04705575527773,9.44692583629031)
(-4.95113527691524,13.0953723262154)
(-12.6937319065538,-1.11478015257424)
(-0.507779190795491,-13.3487740798764)
(15.1615847107003,-5.08578446407483)
(11.8496069711304,12.2598444861260)
(-5.19943082447121,13.9753271846259)
(-11.0176943722680,-1.14022806846620)
(1.53715032347462,-9.61186052630303)
(11.7060291366704,0.741787548669505)
(3.18685453410863,12.6423432910875)
(-10.7967089893374,6.44911941726253)
(-8.02642945664271,-9.26813966587060)
(8.19969449935612,-10.6711667498524)
(13.6791914834097,4.65222314383892)
(0.239807384906645,13.5877084962797)
(-11.5261419240400,2.60976698971383)
(-3.52468297061733,-11.4477481763557)
(12.1340099950099,-6.95688016731345)
(11.4773622042980,9.39021785761688)
(-4.65858514094526,12.5785896265805)
(-11.6221803053761,-2.57997073199599)
(1.63164072052215,-13.2869542446878)
(15.6361662583430,-3.24306242047147)
(9.91522579729521,12.6745985077485)
(-6.03777108326654,11.2255262062869)
(-7.65317938607798,-3.72482849332611)
(6.71494839608985,-7.45378904638260)
(13.1010368665368,7.05186093703890)
(-0.870251308225914,17.5130975755245)
(-15.8544149517532,6.25044795621654)
(-9.38528731624278,-11.8807671579512)
(9.65709145977472,-10.8677347045983)
(13.5603221317829,7.33203541838880)
(-2.81112035843177,15.3537605531724)
(-14.2802411282202,1.47620011417905)
(-3.44352678496691,-12.7596070781576)
(12.8943434528188,-5.33108973369506)
(9.24236450084321,12.5742459038418)
(-9.55226882226306,13.2947660055843)
(-15.1804221553499,-5.16229873157892)
(1.31264544531209,-15.5766835586073)
(15.6013242104379,-2.42782854878379)
(6.54271187561085,14.5013872602572)
(-11.9073904389599,9.82824495806795)
(-11.7632408193318,-9.13598448631118)
(6.66083436062376,-13.5224517761064)
(15.3030395538577,3.28849094778463)
(1.03961291841076,15.6321449228999)
(-14.2945259736754,4.63609040654240)
(-7.11449791193326,-12.9208254015214)
(11.8412901529353,-10.0155582632801)
(13.5948488499043,9.35985963142826)
(-4.97375675983585,15.9327999856790)
(-16.0599222055438,-0.472670241143783)
(-2.96170689837663,-15.2490747631424)
(14.4442731284647,-6.14851916061668)
(9.69627602744935,12.8961592902984)
(-10.0516172842061,12.7719714676919)
(-14.7308208986635,-6.59185411217566)
(3.00352697017230,-15.9292936504706)
(16.4327045035277,-0.989765124788673)
(5.19643669718800,15.6816397217827)
(-13.7195928617179,8.80590080198780)
(-11.6210282229868,-11.2305983800778)
(8.33475692497660,-14.0230275666224)
(15.8257379908687,4.69620534056597)
(-0.605892371176934,16.4668532089342)
(-16.0323654947649,3.28708194461070)
(-6.93094196591640,-14.9213445827635)
(12.9764371919324,-10.4623240114649)
(13.4209826196534,9.98490268018468)
(-6.39806768380211,15.3444232887391)
(-16.4263628451848,-2.66327318435287)
(-1.35219035590424,-16.7875178323051)
(16.0031632784324,-5.55436337789961)
(9.24698885604550,14.0112750881431)
(-11.4126313091008,12.1384569585632)
(-14.5632676538650,-8.39111843159020)
(4.60947960577082,-16.3395862981181)
(16.8245808493208,0.446674549817967)
(3.22912482592416,16.3064678062855)
(-15.6277424284992,6.66724135031225)
(-10.7550983631168,-14.3123010287010)
(11.0680460290754,-14.8411690977205)
(17.1440845039857,6.26118220541191)
(-1.71685854067765,17.4329282752848)
(-17.0811883045995,2.00014107155648)
(-5.82138076129331,-16.4801686656669)
(14.7777554855725,-9.82171320148598)
(13.1108548911226,11.9887283583029)
(-8.78741764128621,15.7613656672480)
(-18.1427321813569,-4.64082534425099)
(-0.968456712266230,-18.9191690532794)
(16.8231067279596,-6.14841941402870)
(8.76951319185678,13.6776004588661)
(-12.0858969096714,10.2360795040167)
(-13.3055739993476,-10.9444296028213)
(7.30323262771247,-17.0324505699452)
(18.2241401782830,1.80100070944337)
(2.40109811232859,17.0743064862774)
(-16.3900966211697,5.32034776653556)
(-9.53018883910653,-15.8629698019869)
(12.6632700999541,-14.3339200765847)
(16.3647474040855,7.50296647592324)
(-4.10824240788828,16.0182854562730)
(-17.1544006992145,-2.35153401228728)
(-1.86737382807759,-19.8184474476630)
(19.5240382035100,-9.05473578380452)
(14.6824870752860,14.8792049562491)
(-9.74397879431085,16.5698846359352)
(-17.5736717829277,-6.37515702476229)
(2.52205983031254,-19.3979107654429)
(19.8024557413979,-2.99429867649617)
(7.82669794592370,17.7605945951974)
(-15.4782081921738,11.0661516264790)
(-14.8179847359748,-13.4069943210755)
(9.04835552520391,-18.9959224766771)
(20.3629382925273,2.53555300868932)
(2.43915083596907,18.5529093861070)
(-17.1584569916169,5.02480168828872)
(-8.56243994547475,-17.0939454136222)
(14.9845093370222,-13.8509737257301)
(17.3370281118236,9.91058141771396)
(-5.34157161045493,17.8319212503793)
(-18.4865269158547,-2.45088110679179)
(-1.80929844944608,-20.1006901093953)
(19.3276424106290,-7.91558384874446)
(12.1448720277004,15.7230564159876)
(-13.2403192605309,14.0841668413040)
(-18.1408633155388,-12.0201945442180)
(6.53684556196905,-24.4164315277187)
(25.9767955762669,-4.31593771749990)
(13.0055848906949,19.5944162038897)
(-11.8836163729742,14.0552387960409)
(-12.0700502119418,-9.57795807796193)
(10.1594505247745,-13.7960073918684)
(18.2938021798768,7.61467757600424)
(-1.78930428983594,20.6056940491002)
(-19.9350025945357,3.67949597357607)
(-8.01652132516798,-18.4977417562898)
(16.3970651685291,-12.4167539408999)
(16.2029855365894,12.7510972156273)
(-8.58952065775313,18.4558094868609)
(-20.2635598901978,-4.63226555090129)
(-0.533893345852278,-21.8981314140417)
(21.2375092206730,-7.03753934970392)
(12.2157429531087,17.7269828649966)
(-13.9511430755456,14.9930492177355)
(-17.5466372871736,-11.0081429832204)
(6.84921568966379,-20.5597602092405)
(21.7314728876733,1.14255884359735)
(3.55277537333242,20.8957678967984)
(-20.8285545898197,7.42007188610958)
(-13.9468482900384,-20.7665934411698)
(15.7230691419345,-22.2957471059781)
(25.8938218581730,5.34184168644493)
(3.30328694434940,22.1904313193631)
(-17.2659148262981,5.64904061402799)
(-6.00476287787472,-16.5955116182796)
(17.4704224171135,-9.73331810594178)
(15.2510888256338,15.1002486503836)
(-10.2697813587154,18.5550804145086)
(-20.0119465048645,-5.94187493751594)
(1.54585434288516,-21.5354729127985)
(21.8836106204635,-4.28245345703952)
(9.77096547188514,19.6354726932069)
(-16.6118318405530,13.3561173893901)
(-16.7926727828457,-14.1507505972526)
(10.1819421458517,-21.0690801228773)
(23.5669053016272,3.65445755676953)
(2.61623118742696,22.7975794937179)
(-21.3171897784729,6.93901203452791)
(-11.7543492102356,-20.5187511911963)
(17.4929035880212,-18.2048379555185)
(22.7553504863606,10.6732575371021)
(-3.60303203118814,22.9478509821020)
(-21.6275274126378,0.701283218661359)
(-4.34893417734354,-21.6853649397821)
(21.3113511929840,-9.86924350244247)
(15.5878487529550,18.1146083352274)
(-13.3818596764625,19.2423934919712)
(-21.6879807124249,-8.80625879751570)
(3.45028574908434,-23.7493870923060)
(23.8650445964690,-2.97888323809690)
(8.36005760136389,21.7082690934203)
(-19.5227086198202,12.2621803189386)
(-16.9978101194009,-17.4690878879731)
(12.7135725868392,-22.3857403401098)
(24.8279511921130,5.25607377767243)
(0.976533224080248,23.6705075686444)
(-22.5715618593348,4.89283135521250)
(-9.88484365892774,-22.4800099467240)
(19.7711018016377,-16.6262735455364)
(21.0486092695773,13.6264549439918)
(-8.20662518842697,21.9247901397332)
(-23.2072137099628,-4.85055921219177)
(-0.448708466659512,-26.0054366238159)
(25.8426593074910,-8.79472954894632)
(15.3727030787404,21.1167181080443)
(-16.4278764669096,18.0669180163890)
(-21.0956230836653,-13.8727174852858)
(9.14128385065549,-26.2479320028532)
(28.7336884866664,0.343549712933683)
(7.58182954569139,26.0672679660977)
(-22.7256387824165,11.7650050473395)
(-16.2346642522368,-21.2640226872375)
(17.4239719671914,-22.9754313547150)
(27.0148823462941,9.31835207988375)
(-2.46800817909439,26.0795448228856)
(-26.0140580041675,0.510331143015402)
(-6.10553189088036,-29.7463467765712)
(29.7974512983157,-18.3013647731894)
(29.3066448694358,19.9952510256798)
(-6.75556818161084,30.5583353153311)
(-25.7419338001383,0.260026174619243)
(-2.09397594497859,-23.8255817417396)
(25.2735092078006,-6.07590769732353)
(13.1819176886715,24.3244751591212)
(-19.9017021075822,18.9507143819995)
(-22.5399230968091,-15.2189284924935)
(10.3456014860721,-26.1771070109587)
(28.9339713543782,3.31900551427653)
(4.42324706803676,28.5433584561527)
(-26.3268609299089,10.5396938564001)
(-16.3453086906143,-24.0594101074451)
(19.6936354357729,-22.9890140953000)
(27.3080604967400,11.9826724373779)
(-4.76006158131556,27.3168986478081)
(-26.9229382189483,-0.646781669964320)
(-4.34953017121283,-29.0021611353206)
(29.1407194385183,-13.5009102926549)
(22.1243646564241,23.1326680660152)
(-15.2608702453444,24.9649361951568)
(-25.5218429878385,-11.3400627774631)
(8.43131629967493,-29.8422767228230)
(35.4556266472888,-0.0318148451612873)
(12.7115388279089,35.0996827432158)
(-28.2168708173909,22.4684505639241)
(-27.1777712072833,-20.4448494347262)
(14.0714216413420,-30.4328443567493)
(33.5754325846237,6.74938021242166)
(2.04814852376116,34.4612919867873)
(-32.6970635556891,10.2754271470610)
(-17.6705656631009,-29.7004693065815)
(24.9339195950895,-25.0403774672987)
(30.8263850305996,17.4120496550331)
(-9.03354584659547,33.3447975964137)
(-34.1676928010952,-1.74139164068677)
(-5.94455145606355,-34.8184458731344)
(33.2572665823540,-15.2196011669341)
(23.4802089768848,28.0208079074870)
(-21.7166833432630,29.0026591891989)
(-34.4701439267372,-15.6032695132038)
(5.79037275889525,-40.5298039680539)
(41.1711388879861,-9.10271375401348)
(21.7071196737773,32.4061934734920)
(-20.8303834177658,24.8357859857919)
(-22.5367562767960,-15.6478102562989)
(15.7019480462774,-24.2736080054327)
(31.2067044910032,12.4269359912123)
(-2.97359942561322,36.2832765589574)
(-35.6806419516140,7.67360680943231)
(-15.8891136397359,-32.1089015802097)
(27.8579453205379,-22.8561594456107)
(29.4108858513154,21.9604381788231)
(-14.1440948624604,34.1746008351596)
(-36.7904613411119,-5.68462540218171)
(-3.41884638988380,-37.8164616584585)
(36.0935833026758,-13.3944818355662)
(22.0027276857640,30.7281098478669)
(-24.1420927534234,27.3497407481765)
(-31.5309268659295,-18.6502674936686)
(12.0956813308417,-36.8764929910685)
(40.8289391349583,1.65126622940699)
(10.3415196607720,39.4947251487322)
(-34.0303070896237,19.3768485261278)
(-25.3946129714556,-28.3876619292227)
(22.8735490522715,-31.2745864907593)
(36.8772438521552,15.1067369305753)
(-5.34293972447951,39.7359080069651)
(-39.7125998941042,4.22364236886566)
(-13.4727519273610,-38.0272936000850)
(33.7727197561094,-22.8178475607250)
(29.9641304680263,26.3043299447492)
(-18.6970049486355,33.2813611230410)
(-36.0039302866661,-13.5119087350352)
(7.40268637961642,-41.5374337269582)
(46.6398369161151,-4.35873194590301)
(19.7543597661488,45.0408313385373)
(-36.3452798314934,32.1019128602372)
(-38.8894369532554,-25.7356969305622)
(16.0428448195457,-42.9744896622664)
(46.0326091785873,5.72895069743234)
(5.92183250662343,46.4345941529309)
(-43.4054926299544,17.0241792593995)
(-26.5849644334439,-38.3105210433365)
(31.5648119875172,-35.3067758263379)
(42.7253752784328,22.2489364544457)
(-10.8578618737064,47.1411628249639)
(-48.2756184890338,0.821950970253743)
(-12.2023775660812,-47.0205769186322)
(43.1914712653125,-23.4628572633291)
(33.5279341006407,36.2427684467185)
(-27.1599204853534,41.1127405791261)
(-46.5487325429120,-17.1128063408947)
(5.70036468378515,-50.1478207113516)
(50.5115971964701,-7.05918569294685)
(19.0055537684951,46.9603020379136)
(-41.4525850992442,28.7162598804727)
(-37.7811929329965,-35.3284820683415)
(26.5516392654226,-47.2907657465054)
(54.4823470028558,13.2942032384710)
(2.07340159423183,56.1142978493847)
(-52.9409059354784,15.8150169068259)
(-27.4229606400919,-47.6158993592207)
(40.3932685849497,-38.1734531279639)
(47.3645270536927,30.2195470057434)
(-17.9501166773006,53.3664891481413)
(-56.3981362270858,-5.14706966214412)
(-8.36090573474172,-57.0583677572044)
(54.1075322639877,-22.6352299135946)
(35.4487130775508,46.7611670211600)
(-37.0438665985997,44.9969962649243)
(-52.5828043273710,-26.7927422737900)
(14.5693508238417,-59.4843015592176)
(63.4122761795385,-1.21661770633924)
(18.2754504093907,61.4264372353854)
(-54.3719167002450,32.8794974538525)
(-44.4328762708932,-45.1118378033553)
(34.1744394997458,-54.3621545743850)
(62.2106102958927,20.4137863153380)
(-4.42620209468219,66.0748067869270)
(-65.5638274718832,11.7855050465493)
(-27.3077122544172,-61.4839394374912)
(53.8131658533216,-41.8892143375233)
(54.2978396491152,42.3848709739368)
(-28.3049609852660,63.3046199846271)
(-68.9664220911174,-12.7296280086944)
(-4.26498350383030,-71.2041347262333)
(68.8388021961833,-21.9959742076576)
(38.2803346116556,61.6250718775863)
(-51.2240599968696,51.7870537287493)
(-63.1604705899034,-38.6519043871566)
(23.0302749760740,-72.3565628339551)
(77.2818252227918,4.34257205564811)
(15.0590633048315,76.5930822539066)
(-71.3266054962280,33.1711650106793)
(-49.9241976786889,-62.3455768022439)
(49.0011044231316,-64.6894081461795)
(75.2299386033242,31.8156876120789)
(-13.4018787543502,80.7724533845307)
(-83.0189175880410,5.03229686414034)
(-24.9582203538069,-82.2897739042891)
(75.8336897007713,-46.3884997492935)
(65.5905912710106,62.0804498323124)
(-43.6175520960063,79.1199419463373)
(-87.3200122730464,-23.7664964473067)
(2.96212478526050,-91.6995191034627)
(91.5787892835576,-19.3121698682814)
(41.6083434561678,85.5924866198625)
(-74.1631004446121,61.7673483536146)
(-78.9469525640311,-58.3993620342214)
(38.5333408526038,-92.5462561380800)
(101.030690918246,15.1213162460757)
(9.99574925634501,103.287295920716)
(-99.4588809847960,35.0592891733004)
(-58.9789790208080,-89.7035437803907)
(74.0671911432966,-80.1638029889586)
(96.9407116652764,53.7852958264030)
(-30.3708290541827,109.156430739821)
(-116.814516601842,-3.62045214815399)
(-26.5738583170768,-117.526178224332)
(108.623712217514,-56.8406081946881)
(82.3309098091376,91.5549302420975)
(-70.4833937722625,101.955320876184)
(-117.835658177109,-46.6505186235056)
(18.1417597036877,-129.677467978910)
(133.936650510630,-14.7140443159735)
(48.0500620359688,128.857187158741)
(-116.049816788541,78.9817409694745)
(-107.159678548322,-96.5463391193003)
(69.5589136476631,-131.204343131508)
(147.793622126676,35.9823768396686)
(0.800360021172660,155.230189722782)
(-154.283556686249,38.4038258009725)
(-76.2032901836155,-144.946473841767)
(125.940063998045,-112.270364601270)
(143.157209190594,97.7733585286723)
(-62.7929861401289,166.987859145355)
(-183.335669732492,-22.1408093693801)
(-23.8206593595128,-190.177763317897)
(184.603660430193,-72.2299768353406)
(118.432899792489,166.437291807659)
(-137.802798280321,159.727389317934)
(-195.149775932098,-99.5904523579276)
(51.7018029414332,-222.241038742607)
(237.409552193365,-3.88513570242450)
(63.4648794726458,238.832215321557)
(-226.136743222220,124.108929420828)
(-183.114156250648,-198.443217910391)
(155.397312789793,-236.413619783881)
(279.999646464442,98.6425251175388)
(-30.2689572872540,311.227306895287)
(-327.166189919153,48.0485242968430)
(-133.120754590007,-324.271063982224)
(300.580655424028,-220.306905945936)
(305.638202829513,255.232586283063)
(-186.757398995045,384.509413857977)
(-450.570280937304,-95.7089114672187)
(-15.2031493437696,-500.163424018867)
(530.602770839886,-148.305254989029)
(306.090227445372,528.244465393412)
(-478.378408673362,470.698952796975)
(-620.884960904497,-402.919644213494)
(339.603786283566,-804.723549623479)
(1137.41814875613,208.826866531291)
(258.564702126083,1594.34107176283)
(-1783.16440201956,1276.32609520332)
(-2559.96257861523,-1114.05047833092)
(-576.509462819295,-3254.49197480687)
(2570.61217040873,-2575.19894614190)
(3680.73143208647,608.191159158814)
(1563.10535414441,3204.58392921731)
(-1567.30139401773,2763.34837713438)
(-2636.47635158156,137.430684046772)
(-1099.09880187566,-1736.23941818613)
(835.025464323283,-1274.85271269062)
(1088.31349169148,293.773217983519)
(-32.4882178447942,888.803881086225)
(-751.964851959961,133.050251867756)
(-273.687797445619,-624.589735243110)
(481.753174835504,-376.817316711537)
(434.724843100829,338.211944858241)
(-204.802915685353,458.436931793259)
(-455.373585550523,-81.6638260150061)
(-28.6150204624510,-427.523854189631)
(379.709762540462,-121.481941448347)
(195.621926748377,317.906958317616)
(-245.971982933687,250.726245387583)
(-285.568614588667,-167.991802401789)
(89.2159521708802,-300.362449864426)
(297.128336231266,13.7805666605491)
(55.3600600605546,277.788201209721)
(-244.477125702572,115.100545698474)
(-162.984927874545,-200.439283379614)
(148.936604932743,-197.864518814085)
(218.822207926433,92.9463232415112)
(-36.2042852894789,225.544705080105)
(-219.577135495132,17.9711218472356)
(-68.2897488552408,-202.442020719880)
(173.697559216733,-112.902901132389)
(146.995787052926,134.429396396961)
(-90.5882900422760,167.232396632271)
(-176.494158195264,-47.9825750745540)
(6.05177891233073,-178.925178416864)
(172.451876004134,-37.6603938157110)
(78.9713852465866,152.576366624337)
(-121.879583362227,109.911606772639)
(-128.932597655087,-88.5331364834285)
(55.9941905068902,-141.052749701512)
(148.134304515016,21.3984743898499)
(15.6654643656739,146.288855333119)
(-133.670504809819,49.9765479900917)
(-77.5175540802408,-114.033088796914)
(90.9040875480477,-99.2128303978961)
(116.094128708686,63.9628625407492)
(-33.0873075665768,126.033159952602)
(-127.236840432688,-1.24286351180155)
(-28.5276719074405,-120.831319941491)
(108.378304552315,-55.3305372766299)
(78.3852064098538,90.1736528608129)
(-67.0700982298137,95.9019281058626)
(-106.860800717786,-41.1714833351491)
(14.1447712650095,-111.439072697461)
(109.536747484962,-12.9126217322610)
(38.1876075974789,101.077688414070)
(-87.2586797384915,59.9158431530094)
(-77.6674674120038,-69.4311174958631)
(47.8565957119086,-90.9298420676133)
(97.9607482266439,23.5345386822396)
(0.632812995612348,98.1650310807667)
(-93.4716067353931,22.7560563085801)
(-43.6353611522868,-84.9883386182960)
(71.0307736797972,-63.0086709702156)
(77.1889490090153,51.3689077428175)
(-30.2652923784335,83.8057926107515)
(-85.8258155732714,-11.4909500186549)
(-6.79346694396724,-86.7607021312993)
(84.5638072149490,-27.8725883921095)
(49.6522076349354,74.8151156222469)
(-57.8694777631017,66.5948321123676)
(-76.6379343392312,-38.2646203988851)
(18.6209989837686,-81.7086411830636)
(82.7834579803073,-1.42952624030115)
(21.3937280877677,78.8398210260156)
(-69.9429512022624,39.2020911077760)
(-53.8114101308410,-57.6027567128835)
(42.5513347936781,-65.2474661719317)
(72.7128020551700,25.0478686553840)
(-6.55597975364890,75.2790536707696)
(-73.4676952933988,11.2771569684974)
(-28.1072906435080,-67.9990522324640)
(58.4786021752498,-43.4070217592707)
(55.3294258945654,45.2349299619961)
(-30.4043617371752,62.9827640540399)
(-67.6068152303155,-15.2594557926463)
(-1.11152705646217,-69.5980711100434)
(67.0473492109701,-18.5705747979529)
(34.2967819968933,59.2187243284124)
(-48.3893644962807,46.4488098993208)
(-56.1631534000025,-36.0763113599498)
(20.9839575821507,-63.6230472241528)
(65.9368048026799,3.28093744732563)
(12.9637343458533,61.9075117864955)
(-55.1407656222676,24.9452298910480)
(-35.1340008681805,-48.8309352892786)
(40.8575840769231,-46.4297805198460)
(56.5602562157238,27.9248216352534)
(-11.5659191404617,61.2791820268873)
(-60.3933826663205,3.99119705496495)
(-17.4381559186675,-56.6286255860424)
(50.7771075879287,-29.9631023500326)
(41.2752237426936,41.8076965317113)
(-30.0639654322130,49.7094814856122)
(-54.7925217940856,-17.0271198495509)
(3.30897299630601,-56.8058681833341)
(55.2884059342205,-10.6068642519991)
(23.2587574875153,50.1903072557436)
(-42.7456189383544,33.7859922461238)
(-42.6454576534483,-33.5445769553080)
(22.0109354306378,-49.3740597322992)
(52.3104491515798,9.03130192515874)
(2.96338448590852,51.7641908261239)
(-50.0462207862142,13.8219005873541)
(-25.8419384528840,-46.9345737334124)
(39.1346273048509,-38.5193711355978)
(47.3467112116343,26.1481506695908)
(-12.4034326926655,50.0090027323457)
(-49.5099732960642,-1.18674223260531)
(-9.25846149081969,-48.6537021801862)
(45.7675314536743,-20.9617947556546)
(31.9452109359195,38.7671616841125)
(-29.1936987249845,39.7481283384045)
(-45.0672316359952,-19.0302368519045)
(7.54369632332234,-48.6731448680196)
(48.6931175230580,-5.45117029371461)
(17.1120751078248,44.2741724895361)
(-38.1047656982363,25.6796189755070)
(-33.2558073204337,-31.9607077497592)
(23.5618612669058,-41.1461675921247)
(46.2786752463990,11.3141121919598)
(1.59084274511501,45.8715712952850)
(-42.0660657134712,11.5219566073540)
(-19.4273732711040,-38.1625928188871)
(33.4981037875541,-27.7917488928131)
(35.6951305598340,25.7992634565796)
(-15.7430306869026,40.6049961559764)
(-42.4307970489923,-5.57812973253335)
(-4.33742849147422,-42.3948022236387)
(40.1844118105135,-14.4652998314261)
(23.7840334375320,35.1294250051480)
(-28.0685018064670,31.1389699062668)
(-36.7161848252362,-19.8378052428338)
(10.2394237642530,-40.3498936026567)
(40.9937333759888,0.0391027380239207)
(8.98641719324849,39.2173565582892)
(-36.8894453100471,17.2369870320873)
(-26.8005469241166,-33.1306441809514)
(24.6771179374719,-36.4138621877724)
(41.2701538150980,11.9134432778568)
(-0.0904802620069897,39.7734330087202)
(-36.0579861682373,7.58629419403347)
(-13.6716714666171,-33.5778072086001)
(30.6537760535338,-21.0393721628738)
(28.2790984694764,24.8229594269549)
(-17.0971344190838,33.1305069343605)
(-36.0969856549067,-9.10689611531180)
(0.232569009279009,-37.7873922501298)
(36.7149852796795,-9.59803748657456)
(18.1815637467884,32.4520783593957)
(-27.0922953563914,24.6250858995985)
(-30.6790372521196,-21.2279029395501)
(12.6482603619928,-36.2392605507151)
(37.9046699859541,1.38200288321336)
(8.43436195748087,34.5335435502071)
(-29.8169976306743,14.3861960512400)
(-19.1534228520101,-26.5788500051609)
(22.7588118800499,-25.3317399803666)
(31.0913409013653,15.8319804703969)
(-7.11584061078871,33.7784667424456)
(-33.8620781753499,1.09584686165611)
(-8.86147901552191,-32.6100203657761)
(29.5260535370127,-16.5428421594838)
(23.0263140539565,24.3868639245165)
(-18.2858900262655,27.9358558974410)
(-31.9619117805580,-11.1099042824889)
(1.95059082104872,-33.8397761365624)
(31.4673902594078,-7.06763967807301)
(12.3901107982978,26.9022371126159)
(-24.7111044267088,15.4669334212246)
(-21.6276396987685,-24.0401532934497)
(18.6199326901651,-30.8595533525746)
(36.1884423855526,6.80613959020210)
(4.90537334000665,33.8290372125083)
(-28.4920628809846,11.3303082747728)
(-15.1886592827333,-25.2943339815087)
(22.6257053294297,-20.6749298641582)
(26.5006627626017,17.0252514818091)
(-9.47032730003288,29.5853494974046)
(-30.4394095762509,-2.42565818731164)
(-4.59007673580053,-30.5402470750096)
(28.7554536180091,-12.3701004978843)
(19.1186543867916,24.2135256568313)
(-18.7214227811857,23.6583820929257)
(-27.4959723352009,-13.1955138780181)
(5.87187398554629,-30.8520377801081)
(31.0442153677378,-3.24140119229323)
(10.7365637992630,27.4715201451267)
(-23.4627159308005,15.2583255076466)
(-19.7065966404947,-20.5213774584683)
(15.7459953122886,-25.3524607855568)
(28.9148827874437,7.72001044251083)
(0.260690850857892,28.3627511890876)
(-26.3848934787040,5.80396235966836)
(-11.0144850753857,-25.0318876739201)
(22.1495782828535,-17.3796096320165)
(22.3292106477979,16.3539752304738)
(-10.3439290963556,24.2001037728070)
(-25.4965109339895,-5.86378422194892)
(0.391965756611814,-27.7636037093854)
(28.1249292950391,-7.69248779153719)
(15.4304005699218,24.3714053654092)
(-18.8348619695049,20.1289188623104)
(-23.2864442406212,-13.9160512099022)
(8.31332816455559,-26.5029900937527)
(28.0108717797668,0.850054518955807)
(6.38300862916566,26.3885373947953)
(-23.4252829828697,11.7056893615623)
(-16.4629972065810,-20.4725795134646)
(16.1035340809175,-21.3978400893164)
(24.6107631040160,9.76823273934727)
(-3.54739786862892,25.3015796008962)
(-25.2702443552615,1.70007541256855)
(-7.60021084189139,-24.9553783137264)
(22.4126792641575,-14.1923839005647)
(19.1517185339024,17.4956635645414)
(-12.3701155012090,22.0513108452769)
(-24.5290671195543,-7.20461086020377)
(0.506920617779156,-25.8984586288390)
(24.1464289292613,-6.25620369593459)
(10.3995170025075,21.0260519657898)
(-19.5881067459542,13.8547580176687)
(-20.0590910231871,-17.3295881074293)
(9.78860331465759,-25.7940563668951)
(24.9750950239030,0.316369410869600)
(3.45028219353689,20.2633126880916)
(-20.3922721363418,3.09362720386088)
(-8.23653797612334,-24.9591372697035)
(23.5234741258033,-20.0857953064349)
(28.0465862052523,12.5920032497283)
(-1.55545229478983,26.3283487780332)
(-22.0447437941085,2.64977685063600)
(-5.01154659588317,-21.7251410299118)
(21.4142152747089,-10.8777369400672)
(16.3754356824138,16.7158566151291)
(-11.7094760769848,17.5803588878516)
(-18.8354966507208,-10.0502032142360)
(6.91035904571691,-23.7474642467466)
(26.9641369991737,-1.83915515195015)
(10.9038351105417,23.3357782739169)
(-17.2669776647464,14.3454679956641)
(-15.4309528370723,-14.6766061302195)
(12.9592736298296,-19.5444056900189)
(24.3063810152690,7.09508097198631)
(0.924364796072291,24.8086122245913)
(-22.3443074068381,6.62599315890374)
(-10.8886288101465,-20.3499690936826)
(17.6027072700729,-16.0482305893583)
(20.1472984575998,12.3009851388961)
(-6.84546549501563,21.5289980262104)
(-22.7806622740138,-2.43559159931131)
(-4.21572469019912,-24.1992935793880)
(20.8413605815128,-12.8481175475829)
(16.4643611224215,12.3546325966956)
(-7.20090840301938,12.9751853003475)
(-11.2561284758980,-9.61403948219735)
(11.1826698260159,-17.5088244612097)
(24.4158305276194,4.12898231806317)
(5.80480583494791,23.2365180621609)
(-18.0750035503021,9.79710030688000)
(-10.9325459267120,-17.1668857869201)
(17.6184618213753,-17.0286692781084)
(25.2708543944116,11.2376798725293)
(0.0519201522641771,26.7225731054962)
(-21.6161814379478,7.26973413560145)
(-9.15412374239118,-17.8230707885566)
(17.0848969087474,-11.9848140180423)
(17.1866660246249,14.2867013749550)
(-8.38690080061036,20.2614312439045)
(-20.4120875494194,-3.32707849106163)
(-0.602185721481170,-20.9445189709600)
(21.2321452649057,-6.46941296223445)
(12.8504381615733,17.7110642145145)
(-11.9112392092216,15.3472978148727)
(-15.0086469483087,-8.74305773445202)
(7.69312818108852,-16.7922648576950)
(20.5780141870511,3.89633204438278)
(3.01453167630121,21.6452369258829)
(-19.0348141089926,8.85567834098552)
(-12.4832756679965,-15.8724884324541)
(12.6581648520659,-15.9765394986022)
(18.6639475294930,7.66490293093565)
(-2.55671559187659,18.4192683117724)
(-17.4278787266611,-0.120767525572288)
(-2.12994723744429,-19.1303553084063)
(20.8451438961106,-8.50090638702275)
(16.6163621664771,17.1036676758065)
(-9.15539368523341,20.0829043175320)
(-18.6181553033327,-3.41763996003626)
(1.27830847487263,-17.8058504178501)
(19.3849517537016,-1.85297214303083)
(7.71531961739671,19.4500047356330)
(-16.2289516897448,12.9854903381490)
(-16.0404376957671,-12.2805153694137)
(8.54088109632839,-18.7989699096209)
(21.2452673353000,3.02989345330791)
(3.78169495569235,20.6626257415056)
(-17.1520777305136,8.50969540558615)
(-10.5713050194904,-14.0983113930839)
(12.4160334752733,-12.8795085794756)
(16.2880438636933,9.57834162474617)
(-4.78476429639593,18.4491026595301)
(-18.5152398479172,-0.0925468699402176)
(-3.85103206140482,-18.0733713689724)
(17.1856645526925,-8.40602218721017)
(13.1069611402252,14.1726943030893)
(-9.48431720100664,15.7514219899189)
(-16.3728495034378,-5.45685666622464)
(2.29766997043190,-16.9732560959963)
(17.5887932816862,-1.65355733016629)
(6.17351878518114,16.6187976874103)
(-14.3614793067716,9.68659509968008)
(-12.6339835440791,-12.1223413950368)
(8.86388758093286,-16.0671057081575)
(18.0467668527865,3.22055328934612)
(2.28558313022776,16.2010561848390)
(-12.9020654918321,4.04802293487347)
(-3.68327258262641,-12.7238426661978)
(15.1283398171589,-6.33541755870064)
(12.7907622994515,14.8325348027058)
(-9.61058702372759,18.3072828401117)
(-19.6422437039388,-2.84276067965918)
(-2.23323792655581,-18.4812788944666)
(17.1170625617795,-6.17009708346688)
(10.1988332304926,15.1547641459209)
(-11.8356488930632,13.5858345834167)
(-15.5680338035487,-8.01388324218824)
(4.36283031952743,-16.8015064246882)
(17.6074429534321,0.303736208581971)
(4.25157058554148,17.1694561006737)
(-15.2642665491672,8.29216778179691)
(-11.4057782972380,-12.7210713948568)
(9.77968236416210,-14.0937010445305)
(16.1736294210918,5.94347577874419)
(-1.58853360661878,16.8059197484056)
(-16.1803247845685,2.18770787595061)
(-5.35783283096045,-15.3290715040220)
(14.2555142538358,-8.83318682986592)
(12.5728935288233,11.9402010861370)
(-8.16582639374927,15.4213971437449)
(-16.7588779796701,-3.85084957663186)
(-0.321232714776175,-16.9445128950100)
(16.2749473622116,-4.33805996529189)
(8.11156934305076,14.6686866192671)
(-12.2019176479443,11.3331320864408)
(-13.8649529467192,-9.09820606036348)
(5.46211628567783,-15.6078095455302)
(16.3645376565516,1.51904686579952)
(2.37993804431085,16.1841494975502)
(-15.2287014821325,6.19708326981733)
(-9.90846541570404,-13.2403600353828)
(10.0410458504928,-12.8400960094052)
(14.3640470063646,6.39704218847513)
(-3.18470519669300,15.0210376886600)
(-15.6308600878029,-0.00176105441966527)
(-3.95610335400494,-15.6725856584357)
(14.1032144905191,-8.09856870515770)
(11.1718362022630,11.2607095681244)
(-8.22127228238440,13.1708699029423)
(-14.7263997172309,-4.98578419672821)
(1.18720636900970,-15.4619471301612)
(14.9489395184316,-2.43882891015108)
(5.39883385507579,14.0653906393911)
(-13.1376243821456,8.78935475952075)
(-12.8115432814502,-10.4538639116942)
(5.45562385425975,-14.9208387486396)
(13.7049287410108,1.24885179980189)
(-0.208779577103277,12.3612055775215)
(-14.0996832062563,0.689748009756742)
(-5.48105575095860,-16.2009202904246)
(13.7733950840832,-12.0909073840889)
(15.0932909485170,7.77066248206465)
(-3.45256441394289,14.2102327746445)
(-13.9982953361824,-1.86344824097577)
(-0.893689051127566,-15.6860201122473)
(15.6926088351396,-6.07937492175543)
(10.3580227953771,12.5378750128807)
(-9.05478241187909,12.0349728711124)
(-13.3365711281927,-6.79697300627923)
(3.85045788121037,-15.4066430185539)
(16.3351907373443,-0.673677752770378)
(4.97599489207259,15.2153792393392)
(-13.4109665552981,8.24629999111882)
(-11.4190991061129,-11.1946009599706)
(7.63724121324312,-14.0135086405325)
(14.7732139064333,3.74197276571791)
(-0.999955081353180,14.9832276541164)
(-16.2109496738181,2.33591008094000)
(-8.21170647531498,-15.9083717438380)
(11.1014754797804,-13.4000914713321)
(13.5567166479556,5.02036995960485)
(-3.09957439986606,11.2632610546379)
(-12.5529351801674,-3.56482454669177)
(-0.0212022681000564,-16.3498979623541)
(15.8022029303594,-7.38527341977078)
(11.5040819633936,10.0761133217901)
(-5.79893105658013,10.3965216463195)
(-9.85379184014428,-5.68253156225390)
(4.76426433095816,-12.8170403781163)
(14.9377521869646,0.0701364640849860)
(4.63058101479261,13.2216488988147)
(-10.7689374786731,6.50890534086617)
(-8.13608697455414,-9.90477934813511)
(8.18231844117432,-11.2244722804519)
(13.1817565854689,4.24978285322861)
(-0.731386287799999,12.7717472249469)
(-12.4428774973240,1.36292662274953)
(-4.41591718170308,-12.6957413886304)
(10.8553429513721,-8.40381263763637)
(10.1950579434793,7.17428422062565)
(-5.05754255368597,10.0829571773067)
(-11.5803119027221,-3.98642452233713)
(0.121163750612000,-13.6528886906049)
(11.6473605018942,-5.01645693381454)
(5.59159557267550,7.17672710523277)
(-7.35768613844402,2.79322131217067)
(-4.95257281136753,-11.9549438985989)
(11.7081803771305,-13.4077136272162)
(18.7116319619258,3.15600569380976)
(5.20420046697111,15.2827350913416)
(-9.73668352451542,6.47190155758551)
(-5.23866886896862,-9.14352578438158)
(10.3958593279094,-7.99082357281975)
(12.5389984014944,7.72332712011609)
(-2.59773939502588,13.7776254600515)
(-12.5494798834877,0.708040294053951)
(-2.75706290380061,-12.0758585877338)
(11.5888465743136,-5.83737341774814)
(8.79283973603819,9.32626194132500)
(-6.63587532593373,10.1461216366756)
(-11.2715594640618,-4.57357494677538)
(1.56447917097013,-12.6129968330418)
(12.1097292721002,-2.34384160587252)
(4.61651208859269,10.0017410264573)
(-9.00358679987768,5.65307657940108)
(-8.20545469082675,-8.17178052045681)
(4.38213932702708,-10.2974209554466)
(7.68453614014707,0.847234322510989)
(-3.86622469441894,4.54626763296395)
(-10.1423270040279,-9.16226519005347)
(4.04500026098132,-21.6876890142356)
(23.6808997102533,-12.2175425134943)
(23.3412259489026,10.3695210478642)
(3.94624398587602,18.6278988770931)
(-8.27370982248342,5.41056049223170)
(0.406677176351247,-6.81777235318490)
(12.4759574688164,0.194728078566036)
(6.77361881999665,14.0859745381661)
(-9.52820753169669,11.7812047746456)
(-12.3176022271718,-5.06009944434898)
(2.62279156269399,-12.5377289401886)
(13.1973401763146,-0.641322432603907)
(4.33012833021694,11.8590294319791)
(-9.63080830874318,5.98400613331312)
(-7.07247861667529,-8.97306986840629)
(8.10071996111148,-9.98127366522758)
(12.6400375004833,4.61522163054422)
(-0.667293353844912,12.6333153580232)
(-12.0937178690209,1.60785657955202)
(-4.67144275852322,-12.5737156368121)
(10.6994945088231,-9.69127679325082)
(12.1848893848773,4.98407194085316)
(-0.533597655708683,9.74565943955471)
(-7.35724314663517,-0.616665141831737)
(0.701684054959075,-8.52596534118310)
(8.81446739570184,-2.34750084800990)
(3.40972847043174,5.53335156176761)
(-5.19134349219366,-0.373759550537061)
(0.966080943926606,-11.9681794287035)
(17.0906718076920,-8.33738866210360)
(19.6964408867166,10.8592533780476)
(1.58273219363747,21.3007473607994)
(-14.8979665222004,8.28520869397335)
(-8.49071170585035,-10.7356182771117)
(10.3255862165855,-10.1970914566354)
(14.3963214480515,7.14527391813863)
(-0.867175171691471,14.9679047005930)
(-11.7486423831253,2.32269763043426)
(-2.08289480041314,-10.8844987188438)
(12.9024620158766,-4.39106095332018)
(9.98347544303256,11.9638708551854)
(-6.97082622090213,13.2673414695544)
