552166410009931288886808632326.
0.040000000000000001
(-24.7001755736080,1.17267405678941)
(-7.21094202153627,-23.6675038390261)
(21.0987204888359,-12.1287939326176)
(16.1108936495470,18.7967502045960)
(-16.3569888380223,21.6564952493060)
(-28.4648819841807,-9.81510828404959)
(-1.90337108491155,-30.8280172678582)
(25.0029945544935,-12.3852883200251)
(15.1513654114986,16.2836753844764)
(-12.6330649017377,13.1302721459475)
(-14.2671919704880,-13.4893557293051)
(11.7767350595819,-19.6582437463075)
(23.3718800052154,5.41506204845142)
(0.925762398439851,22.9035942002090)
(-21.7523840283762,4.96938259903601)
(-9.58910635905280,-21.4665745510813)
(19.0975947551591,-15.7158825182950)
(20.1336158381870,13.7695256853796)
(-8.56232361594773,21.7534391126273)
(-23.2160097689732,-4.42403784249648)
(-1.15108484729713,-24.9247571112475)
(24.0163645578120,-8.19674727564758)
(13.5202750968115,20.3276926509151)
(-16.9084119741071,16.7549046253622)
(-20.6323099572806,-13.8722055746030)
(8.41201070394196,-24.7098120439987)
(25.7407756304921,1.27914969277759)
(3.99471728868651,24.5033376341471)
(-24.6022360060317,8.48691362587107)
(-16.3513107356185,-24.2288425308750)
(17.7424830747660,-25.4139284351890)
(28.2722264254990,6.40405387979467)
(1.59532564707847,24.1721803232702)
(-20.6389512647370,3.57244101191828)
(-5.63353567535287,-21.2561911925150)
(21.1387733549954,-11.3121601707006)
(16.4432414236108,17.1806486890195)
(-13.1925914623545,18.4561174701334)
(-21.2196613039239,-11.1511835640475)
(6.60732251538537,-26.4090914362234)
(28.8839190242021,-2.57435754411840)
(11.2384376945101,25.4632605646171)
(-20.4130210628277,15.4551950486477)
(-18.4129123249127,-17.5155381336218)
(14.0601426146289,-23.2551003784822)
(27.2661733560460,7.24748440075788)
(0.428972778390874,27.6413292591311)
(-26.2649302456793,6.48091841693768)
(-12.4667352298039,-24.6857594773780)
(20.8827725986397,-18.9849157981517)
(23.2022286278419,14.5243341246606)
(-8.82561346588470,24.5657947867091)
(-26.2112835651104,-4.29103131751177)
(-2.35789829891843,-28.1222946208208)
(26.3188747961390,-10.7044261517759)
(15.9903399268204,21.0548044726497)
(-17.4364088578368,18.1002660988769)
(-22.3100238878569,-15.6235213257113)
(9.79560410445862,-28.6788836652134)
(30.5768164072993,-0.468590262109633)
(8.14570650735882,26.7624788188715)
(-24.0853663965253,11.4639457240888)
(-17.3243843759597,-24.1898662964756)
(19.2191037495562,-27.3529923241232)
(32.3844708677447,6.39928854982004)
(4.77137526447822,27.3870437021515)
(-20.6116673422932,7.13319556777203)
(-6.82587980450371,-20.1245365862871)
(21.6657459843712,-11.6170632677747)
(18.4742587977637,18.3261274254066)
(-12.4395458599850,21.5526473212637)
(-23.0627239816608,-8.63533187823290)
(4.04728348057185,-26.6280187836337)
(28.2397472739311,-4.77776263658401)
(13.0422766436504,23.6709643459454)
(-17.6171209098185,15.4923469692880)
(-16.1510280789815,-15.8992963706308)
(15.1408538280690,-20.9625094262543)
(27.1295544539887,9.33355365458592)
(-0.434784965201307,28.7275502515715)
(-26.7812895560360,6.36474222151920)
(-11.8151217679371,-25.1022073051107)
(22.1927984583592,-18.5275001120059)
(23.8604499097775,15.7483755410476)
(-9.09206969508304,25.2086071589149)
(-26.1229549597325,-4.92165307035957)
(-0.826070609865589,-29.0306255396783)
(28.7677790944875,-10.6437263657600)
(18.2932086838160,21.9342515055173)
(-15.1449135046591,19.0294105858305)
(-19.2964916131823,-14.2480958730244)
(12.9457087581895,-25.8150623625175)
(32.4097406539802,3.35007138047230)
(9.07229723096406,29.6825916993400)
(-21.5455761977889,13.7406326676189)
(-12.7001993580860,-18.9248133779913)
(21.3810269649105,-16.6504847442783)
(26.6245727674933,18.5804051043683)
(-7.79912862903161,33.0285868947877)
(-31.6019149056448,3.03984924565185)
(-9.22481331981117,-27.8820113509483)
(25.6708172944254,-14.3092438429988)
(20.7201747106605,22.1969741815596)
(-15.8383948441195,25.6857704180073)
(-27.8244373927420,-9.20448957566966)
(3.25416665556642,-29.2343663160385)
(30.0299956630438,-3.87783588328392)
(11.6337484172041,27.9979251269338)
(-23.7759363005889,17.4319454539615)
(-21.8809804326590,-19.7790921836783)
(14.8534508473084,-27.0568672729918)
(30.8723791367680,6.63553233823396)
(2.32118316805875,29.9903824523701)
(-26.6332123482526,7.80729975055545)
(-11.5181176007920,-25.2571688201044)
(24.3054619955880,-17.9252310611895)
(25.4839228010412,18.9572066507862)
(-10.2992693147542,28.8969488151068)
(-28.4900708325883,-3.58279948468597)
(-1.20024385371952,-28.9376350846470)
(29.8608272026126,-8.38912231838891)
(17.2146327385690,26.5174423976963)
(-19.4205818250346,22.2418128064180)
(-23.2749969510336,-14.2977081528625)
(11.9181026663462,-25.9564690059427)
(31.4947525584476,6.62638055228222)
(3.58295555727135,34.1888742022237)
(-30.9295402856094,13.5952250160639)
(-19.7478168911426,-25.4415324629757)
(20.8295906141258,-24.4480851806231)
(29.7696309882450,15.0006905772294)
(-6.27485383584183,33.1657798899389)
(-32.5483449497189,2.64929339614276)
(-9.36580055373929,-30.0119665830034)
(27.5631933388940,-15.2819518349229)
(21.7428194455252,23.8537300599593)
(-17.7340452169881,27.0907254133665)
(-30.0193481125061,-10.8414958335229)
(4.31916324123604,-31.8413656292586)
(33.1675546445491,-3.21542143292188)
(12.2349662054748,31.9645402312194)
(-27.0813420146969,20.2541486509469)
(-25.2880607734358,-20.5591876203761)
(14.4766469360575,-28.4358837896378)
(31.2109085473699,8.23551561220864)
(-0.701059586834685,32.8990265346802)
(-32.2330135852873,7.38809511746192)
(-14.7277957252884,-29.4794937610052)
(25.3910871572930,-21.1614706467564)
(26.7705077593527,19.8788121962866)
(-12.8988742629547,30.8790392294748)
(-32.9718429816905,-5.21875107896056)
(-2.50869910824503,-33.3167436144957)
(32.0751351073950,-10.2465200967771)
(17.7287069153586,28.9298318022067)
(-23.8995885383714,24.1996789979437)
(-29.1815816384861,-17.5259276304118)
(10.2027767820022,-32.5904812178893)
(34.1865295772523,2.17747494732658)
(5.98443885579767,33.7311832962685)
(-31.4152554133927,13.6934474093244)
(-20.7262721174534,-27.4767931971481)
(21.8908574789943,-26.7695310229980)
(31.2117572664025,14.9309230627873)
(-7.29352984462603,33.8325920864833)
(-34.8597389366617,0.705147381447754)
(-9.09783776831576,-34.0620195394275)
(30.8905175297865,-17.2235103676983)
(23.9490434997671,25.7020388887004)
(-19.5191482162049,29.0688442978549)
(-33.0734128916445,-12.5112745712617)
(4.25013377428114,-35.5562629163463)
(35.5340342182408,-4.61714246759267)
(12.7563353704154,33.2190857084008)
(-29.5675160503870,20.0034661564294)
(-26.8076872623037,-24.3617963489285)
(16.9467407451835,-32.2224728834294)
(34.8515736123201,8.42506656702999)
(-0.548093935589693,35.3204155321136)
(-35.0767617597190,7.05875466023844)
(-15.6446644642602,-33.3197318337346)
(28.2890995407157,-23.9480747884073)
(29.4799553875559,21.0059152704246)
(-14.0757870531479,32.6307918023949)
(-35.6261470355056,-7.25007560035714)
(-1.70758223599119,-37.7881354748255)
(36.1939678496453,-11.9779292880660)
(20.0550322050743,31.0274021899994)
(-25.6070922670537,25.3469522810046)
(-30.6706751415111,-20.6539823763945)
(13.3123850365523,-36.5092362761629)
(39.5418366453526,2.79077980232906)
(7.67539667652490,38.0325206805332)
(-34.2120101390426,15.7567791400780)
(-22.6226547414229,-29.9746475551535)
(24.3656713710914,-29.3032211697559)
(34.5038514029627,16.6709462986607)
(-8.14257769993852,37.3266862312969)
(-38.4842861455851,0.515767379517168)
(-9.82759450507836,-37.8499622810274)
(34.3022032761724,-19.0128445045600)
(26.2847058532706,28.4577547463259)
(-22.0159558198555,31.8308380866399)
(-36.8380509165307,-14.5433427886446)
(4.80477345086313,-40.0342930601412)
(39.4259229511141,-5.45315234897718)
(13.6521848702650,36.5367323036888)
(-33.8752074462060,21.2194532092285)
(-30.7302697130234,-29.3196974733368)
(19.1411400383506,-39.2750796577576)
(41.2891945876854,5.86076178483926)
(3.86070079365447,37.6161350229462)
(-34.5968536377426,9.13907473042033)
(-15.3538886937629,-33.8774480014591)
(30.6755013010064,-24.2251008916730)
(31.1958115727086,23.1207094763030)
(-15.3881829489343,34.1397155824347)
(-36.7802720576964,-9.50949915635907)
(1.71814382684592,-40.8807864949340)
(42.2742992292158,-10.0871203299964)
(21.9813271834782,37.8335753187571)
(-30.1265546322667,30.2233393153405)
(-35.8743100280345,-22.1607931883026)
(13.2391480840116,-40.4391983532870)
(42.5101437072740,2.72627949560190)
(7.45319655499016,41.3077674874998)
(-38.4094595304331,16.3818997629307)
(-25.1982353691915,-34.0328507494809)
(26.6303876530630,-33.1340162854113)
(37.7128532239280,17.2168426653218)
(-8.63875446050728,39.5371228808268)
(-41.0614002380656,-0.287770394345151)
(-10.1088264285024,-40.7330419286927)
(35.4589126499928,-19.8104062891343)
(24.1776447560948,28.5644736661325)
(-26.3881249600356,26.4740570287013)
(-34.9319946029285,-26.2206270696947)
(17.6910403114794,-48.4431834019758)
(55.2955338814034,-1.32802725228109)
(20.1262802350377,49.3840568273851)
(-38.0002721960989,30.0949493655719)
(-34.6971173427453,-29.4333561212071)
(22.3175785548808,-40.0732775482082)
(45.0704059453622,12.4317075053164)
(-1.19901747500123,46.3731360803516)
(-45.3701673592725,8.75271714746324)
(-19.0810335164755,-43.6626486491548)
(38.4973602593843,-30.7486880081111)
(39.8807960427314,28.3750923326108)
(-17.1789711669966,43.8765098212499)
(-45.7168507643455,-7.84206421092389)
(-2.09280167496571,-47.6724495725526)
(46.9098831722862,-14.3270872350519)
(25.6308238059001,41.5407839341977)
(-34.4732948671354,33.9346280462696)
(-41.8245871945470,-27.0719433649637)
(15.9191243523997,-49.6928193882541)
(52.4429393000356,0.383194023132295)
(13.5591777737329,47.7365515928426)
(-40.7336060662417,21.8560971399291)
(-28.0865305755188,-35.8734972460730)
(30.5563157775050,-36.0652919809576)
(43.4928541896160,21.5228794035293)
(-10.6661166864681,47.4838084552704)
(-49.4464914395032,0.0754356547093253)
(-12.5448268471575,-49.8225080139975)
(45.1072778259355,-26.3845441810899)
(36.4186571514625,34.9157708231302)
(-24.8147356467552,40.8202170298593)
(-44.5808615112737,-17.3312421283455)
(7.68734257932953,-50.0659145184716)
(51.9852143630534,-6.58998593729462)
(19.9702192733607,46.9929595587422)
(-39.9472370648910,28.4054772708313)
(-36.0295103649575,-34.5653540401275)
(26.3597796742013,-45.8784604486339)
(52.3884075296623,11.9699991551432)
(2.67134900343989,50.7829154831370)
(-46.1344286273023,11.5653025853068)
(-18.6689776470736,-44.6763715467947)
(42.9754242960776,-30.1354020010511)
(43.0071352668982,34.4729697602884)
(-20.8262800805194,50.3914261220988)
(-52.3176111438880,-8.04556388401681)
(-3.39822171476155,-52.8625802636022)
(51.4837269273646,-16.1296206349587)
(28.3489589114296,45.6358936714968)
(-37.4955118062421,37.0625996742125)
(-44.4708965299048,-29.9160786777164)
(19.9147332826449,-53.1041700451600)
(58.7411770451767,4.18447424017347)
(12.8979551188846,56.1789233043331)
(-48.2772413717817,24.7191125846566)
(-32.2527418251338,-41.4051755295525)
(35.3777171248362,-40.7074935551071)
(49.8014594382908,25.6614759702614)
(-12.3542870230740,55.1406305955033)
(-56.2767375221155,0.795058545174604)
(-13.5728549408906,-55.6908627746405)
(52.2052850860301,-27.9073508433142)
(41.4440762329959,42.8555256428080)
(-29.5437370851380,49.6715578450982)
(-52.9130688477037,-17.0981647906022)
(6.18065533811515,-54.9471895628370)
(56.2261582594095,-5.99632568453984)
(19.5477040349536,54.0958855371709)
(-48.0790761707674,31.9265020885267)
(-42.3373333394227,-39.7730651708254)
(29.2162055345473,-51.2686879239515)
(57.4371137242041,15.9146491015699)
(-1.56384443530337,59.4125735998127)
(-58.1521636479476,12.0785398580991)
(-25.5217305035605,-54.4571446071737)
(46.9265596861192,-38.5215522718197)
(48.2917170605107,35.6365271710576)
(-23.8447130856327,53.9999943996470)
(-58.6209102434853,-12.6258774717153)
(-1.34926960558433,-62.7203572585096)
(61.6298577405446,-18.7997579888460)
(34.1303867095280,53.1098362807662)
(-42.1457221743511,43.4315688542910)
(-50.3848260095676,-33.0093966383280)
(22.4257833201983,-58.6915599287629)
(64.5419735748258,6.65214684333369)
(10.4408267649596,63.1820739336321)
(-57.4697993850458,23.3903079402981)
(-34.0939964204647,-52.4673548683800)
(46.1922043169095,-47.0801427851708)
(60.0660745321267,33.6009648800658)
(-16.0688949836656,67.0954787456557)
(-67.7711428504197,0.841781418882100)
(-16.0005015774870,-65.7863541574210)
(61.1570816219527,-31.6080756532935)
(46.2048784256136,51.4221102396591)
(-38.1913627275970,56.2544017719349)
(-62.6123572298896,-25.1683650373690)
(11.5203582453355,-68.3036871227177)
(71.6022907987252,-5.83960896703234)
(24.9790510398332,68.1505207688843)
(-58.5284305440250,40.6343397265920)
(-51.8370654887665,-47.2043943309949)
(35.1780743479322,-61.5036353602351)
(69.5632215672085,19.9499103301480)
(-1.88980323217899,72.7029789805739)
(-70.3006425241431,15.3782168732019)
(-30.4829379814774,-64.9238137768937)
(57.2913493665573,-44.8663008308227)
(58.2145340207285,45.7526974193351)
(-30.4373095253587,68.0405676827626)
(-73.4299168347797,-13.5554700128169)
(-3.90422423801901,-75.1647932573164)
(72.8522393693738,-21.9715423934967)
(39.1039787794130,65.5869793857644)
(-54.4619284607706,53.2935221232871)
(-64.5919123521883,-41.1452943925045)
(25.3731202674706,-73.4547832298024)
(78.2805885421464,6.86353752351224)
(12.2080317003400,77.6177857637092)
(-72.7286878007400,29.6602174136816)
(-45.9486495512194,-64.9661238949580)
(53.0977277226984,-61.3570542363059)
(73.2468921965490,36.3705960232305)
(-17.4661159339792,79.3648923776233)
(-81.0752586165232,0.915921211257156)
(-19.5021720746808,-79.9570935262308)
(74.2400083804145,-39.0476635050829)
(56.6287056577017,62.2627989524798)
(-46.4300813071272,69.1222171537572)
(-77.4372804926431,-29.8720880882005)
(12.0568225275644,-83.4432160002459)
(85.5707142359597,-8.40708813642637)
(29.4216238674484,81.3936362665721)
(-71.8963203959867,47.7481842197587)
(-63.0806856985360,-59.3858936895193)
(43.7772556198731,-76.1358928282505)
(85.3670756706226,24.5206664254399)
(-3.52654665770188,89.0762358264122)
(-88.0617386814936,17.1924695398060)
(-37.9028007842798,-82.9583797490194)
(72.0897658625643,-58.0290046374949)
(74.0386387950835,55.2261668042066)
(-35.9963328906602,83.8355242527439)
(-89.7153835749706,-17.0800892318735)
(-3.33433758657243,-93.4172934628217)
(92.0627911992806,-26.6329577596224)
(49.2483239708493,82.9358434165698)
(-68.4166263240268,67.1668437520384)
(-81.1028462410882,-51.8624169517668)
(32.4104425024766,-92.7253852168440)
(99.5185001692821,8.59338306741207)
(16.4557787671895,98.3683669526536)
(-90.9864369272659,38.4873190941174)
(-57.7650956752492,-80.7042149698987)
(66.7801880376283,-76.2098708459176)
(91.7377857418316,46.9694843621270)
(-23.1714859016826,100.584004604606)
(-102.940749203261,0.589127257934752)
(-23.6916039408006,-101.294893437021)
(95.1174446122537,-47.5564237311939)
(70.5578108487826,82.0107000011102)
(-62.6043647349155,88.9302232601493)
(-101.374238178248,-39.9748754127448)
(15.5525039497672,-108.747761269377)
(110.620407059373,-10.5862495376957)
(36.8275310408543,105.821212860634)
(-94.9729851548036,60.9221805259728)
(-82.2682084472695,-79.2560659311564)
(58.3576602041818,-100.297692017436)
(112.551559391095,32.5833653224113)
(-4.89171850224377,117.316237581119)
(-115.958389879173,22.1155661194221)
(-48.8463595921240,-109.721846394317)
(96.7962064641229,-75.3684235746522)
(98.1138496771499,75.8169404262514)
(-49.6866681357132,113.375989540908)
(-121.658262034516,-22.3976092040520)
(-5.60160707999935,-125.055825238475)
(122.629802748268,-35.3468555791062)
(64.8767767999383,112.024118843765)
(-93.7634951611856,90.4401803356978)
(-110.481394073263,-70.4819297327781)
(43.4614994395029,-125.201851211913)
(133.711643051961,12.9963838432169)
(19.2538230294137,134.522751689865)
(-127.542762404361,50.8893156266295)
(-80.3626478663283,-113.374085163216)
(92.2591478902893,-106.093295669370)
(125.951360092999,65.4088375650575)
(-35.1571371699261,139.228013246037)
(-146.613653241380,-2.27676741212770)
(-33.9588811816103,-146.702080407221)
(135.812973281573,-71.2909378907675)
(103.509052269095,113.466304326659)
(-84.7008275967578,126.455453939732)
(-141.838145359386,-54.3475588256161)
(22.1264527132627,-152.477477096527)
(156.954690723340,-13.8387049794448)
(51.7526338024604,151.964764691608)
(-137.126671663781,87.5298434583454)
(-118.837101459191,-114.298029898659)
(84.4717774848400,-144.668570569695)
(163.039538781180,48.4027154885773)
(-8.49965605398741,172.006228592038)
(-171.422821566059,32.4402067021801)
(-72.8251651979810,-161.620309212740)
(142.111491108590,-110.847834135094)
(143.434085094479,113.283408420105)
(-77.4105929417943,168.206491266531)
(-184.519610891162,-36.6114706241912)
(-8.04054653561473,-191.424597621477)
(187.049129411982,-54.3255884897613)
(98.3878246551014,171.126311349945)
(-145.572143721192,137.533128169568)
(-170.889676752386,-111.621883277255)
(69.2675402843949,-196.488875068203)
(210.820787584628,20.4408046706976)
(30.4105337390465,212.373533166071)
(-202.553187074245,80.0000588970409)
(-127.365153290286,-182.147386875512)
(150.165409963598,-170.483035008660)
(205.152019638100,107.245191401836)
(-56.8946435138759,228.435148102511)
(-240.051101808200,-2.22044567826209)
(-55.3799930534606,-239.377690153601)
(224.404604814934,-113.300101113919)
(166.791350244749,194.786983326675)
(-152.909040204482,212.033922234710)
(-247.260825917976,-101.106169810197)
(40.8390930180281,-270.319037588734)
(278.332453928009,-24.8898577631592)
(91.4924476904745,270.361647424572)
(-247.401829875631,155.604269023457)
(-214.969515297356,-209.627166551185)
(156.827783933708,-265.660140025405)
(302.764065513344,91.4723147756375)
(-18.0840118138904,323.705064858035)
(-327.747249000646,59.9639059909176)
(-139.686279297694,-313.122302874291)
(278.464603715319,-215.642439045616)
(281.977530091543,226.129898783005)
(-159.933668996378,336.394041027646)
(-377.881733519693,-80.6507278480335)
(-11.7147535460490,-401.674080669201)
(401.269201774039,-112.153374292683)
(211.849919014983,374.779440762425)
(-324.842520470078,304.363707994976)
(-386.177725064640,-253.346499044737)
(161.051285253776,-452.352899410766)
(496.652890996037,51.5319401331218)
(69.2152211448998,515.389695114879)
(-506.906514509936,196.356401734289)
(-325.328805068671,-468.335181498755)
(396.995397660177,-448.586714038070)
(557.096175526047,293.936540215041)
(-162.836820059427,643.809703750381)
(-702.842203686876,-7.21730764213345)
(-168.500891611951,-727.495808102680)
(711.667237584443,-357.501986799400)
(551.959066162156,650.912868963031)
(-541.336227257391,743.278721366424)
(-921.272634477898,-380.473017143553)
(167.556818958519,-1076.38986191992)
(1198.99762028212,-100.543868829896)
(426.988393813353,1273.62388085514)
(-1287.14774595659,808.566309663099)
(-1262.21720056959,-1241.02652217463)
(1092.71165962533,-1870.35965525394)
(2705.29167421936,621.397376090180)
(560.955267192466,3553.66662240608)
(-3716.91634347949,2617.78177611524)
(-4948.94728022561,-2353.73347542032)
(-663.836812598312,-6206.27166621900)
(5211.52959101545,-4201.14685411622)
(6426.39675529644,2074.54524018567)
(1670.47450689232,6184.95579088036)
(-3888.47834594759,4192.43416816062)
(-4694.79619438250,-1052.65934982313)
(-973.024452114374,-3717.14058031732)
(2338.70802138854,-1820.11322511768)
(1900.86477979849,1266.23721072229)
(-600.289477572477,1732.22651064274)
(-1548.04078072436,-163.477080282421)
(-174.426832118146,-1360.65959601298)
(1146.82661086203,-440.074492848428)
(631.940953784640,913.513055195068)
(-675.120155886452,757.442983894752)
(-824.714227089533,-439.866572552457)
(215.813841528313,-838.989156174659)
(807.289627264852,11.3809421237724)
(167.729303976472,737.609501624089)
(-637.084609016117,317.043335150996)
(-432.525383361113,-513.731353463649)
(376.439102411492,-512.536435044030)
(557.506119230817,232.951715106666)
(-90.3479553169552,568.347618105234)
(-547.426941815972,44.0250906810456)
(-164.201371433867,-499.175180108476)
(428.098125023886,-266.144210458302)
(345.728182003066,338.582402421636)
(-237.210323705434,399.255232871789)
(-426.529997613475,-131.758410888992)
(27.4240032576868,-429.925388153374)
(410.412328033877,-72.4312943667948)
(162.312947572468,368.500206208054)
(-308.547642868598,235.948391203439)
(-291.235574786724,-237.315714952555)
(158.602969422304,-329.089900515418)
(348.049324335407,74.1949443914866)
(10.6829081985371,345.367445312614)
(-322.885124572864,88.6177078643859)
(-156.433361889748,-285.979830456345)
(236.826705129689,-214.578703702175)
(260.242327737839,174.665844732761)
(-102.987215985284,287.293966480813)
(-293.851281980904,-30.2963983910627)
(-37.4009562235754,-284.180381662923)
(261.946951708730,-99.5328433364590)
(155.332882473739,226.849946549591)
(-179.323492807909,200.545155082552)
(-231.487363050413,-123.690159701706)
(64.7414848163306,-248.121683816175)
(251.378453433792,4.93495872957366)
(53.4983663847369,240.910352857891)
(-216.990228624348,106.869634828069)
(-151.849430402392,-181.903109227251)
(138.397978846822,-186.697962177898)
(210.115329197440,88.8109814304478)
(-36.0055750479721,220.911906864417)
(-218.992398950525,16.7199138554719)
(-66.6036576490629,-205.109749851348)
(180.197013065878,-111.020124648368)
(147.225501198146,146.231295154476)
(-106.292876151068,173.934632093514)
(-191.437162739650,-62.3051058586719)
(14.8225965515281,-198.739860748969)
(193.255832889310,-33.3882491597373)
(76.6655056248984,175.304527845604)
(-149.648171934056,111.781936653417)
(-140.649815333378,-119.760219235901)
(83.9661887502663,-164.647959998673)
(179.745615626250,40.7745530522913)
(5.31248048141693,181.241430311885)
(-170.323210983075,47.5754595312955)
(-83.8853725142231,-151.543873206768)
(126.410122902792,-115.300199745501)
(140.392250327873,94.1926450496167)
(-56.9960756563125,155.956919463429)
(-161.799443846510,-19.0199217733285)
(-18.0948048749268,-160.073432232939)
(150.778113532529,-54.7418704127778)
(88.9736922548963,132.157434079862)
(-105.017183695152,116.680695792838)
(-135.745397793698,-72.9638024228844)
(38.7346849745843,-146.735154498479)
(149.978078087821,3.32447932420673)
(31.7873497090534,144.867677138751)
(-131.635045533853,64.2549269006507)
(-92.3061882294575,-111.497036867833)
(85.6152572764531,-114.685932899232)
(130.056767857618,55.4987815221277)
(-23.2787704906255,137.884849200472)
(-138.521862571801,9.64860900517904)
(-42.4957917039665,-131.403109281587)
(115.421687657785,-72.6796644119417)
(96.2497621293922,92.1874487921697)
(-65.9658037343928,112.040660755662)
(-122.314089554816,-38.9221899138009)
(9.75259588305761,-127.776121167380)
(125.640948648800,-21.2850021333933)
(49.9436291905903,114.713426081285)
(-98.3700814818603,73.0894448161935)
(-92.2834254402141,-79.5836214732840)
(56.7862831942917,-109.081715305967)
(120.387359986744,28.1952272427873)
(3.03259202902305,122.239759059193)
(-115.348941845169,31.7727186259754)
(-56.4626395105586,-103.150609222259)
(86.7711402364503,-78.0800651874959)
(95.8847388476607,65.5090035615124)
(-40.3435277228728,107.727769804562)
(-112.944162891389,-13.6335577563868)
(-13.1954124380099,-111.989624830118)
(104.708820394119,-39.0704739160428)
(61.9884353636074,91.3354055203059)
(-73.5770517711554,80.4976375512073)
(-94.7628513369496,-52.7606010218796)
(28.7638504849500,-104.444184323548)
(107.614570189338,2.40815246608291)
(23.3194761248900,103.420956197566)
(-93.5801100765260,46.0305917231049)
(-65.6520181796502,-79.7680887608564)
(61.9179867096881,-82.0949090706505)
(93.7791292290593,40.3484863469892)
(-16.9437617406975,99.6847536186163)
(-100.201321280557,6.86529517904307)
(-30.4876698221545,-95.0868499690795)
(83.6923036002062,-51.8839498568559)
(68.3650723838758,67.8585256919089)
(-50.8170109719433,80.3901741940191)
(-90.5345207326819,-32.3885834969814)
(9.60157123078709,-97.7119284494841)
(97.0152468931767,-16.6604047734656)
(40.3198663974200,86.9469702903549)
(-72.1995968868440,57.3547159602751)
(-69.9061430108621,-57.0804350322172)
(40.5719812704482,-80.8733743265061)
(88.7512887436009,20.4509954669267)
(1.78999533559281,90.6181636381031)
(-86.5252301391288,23.0251368142893)
(-42.1402954766462,-78.0749206898017)
(65.6495068961329,-58.9606858760896)
(72.3113894202378,49.4607038291384)
(-30.8416098693143,81.2326628744626)
(-85.7725750735471,-10.8602064081434)
(-9.97249342163395,-85.4572346286571)
(79.5529672255197,-29.9435166752633)
(46.9039403228495,69.1987454142313)
(-56.2648146051814,60.8155849051936)
(-72.2635626004692,-40.4663408716368)
(21.3407471901069,-79.2357770263362)
(79.7573176901357,2.01907868516124)
(14.0514774992308,76.5951917790275)
(-73.5919310415506,29.1195545258030)
(-47.5071490470118,-68.0945707196460)
(53.9692827391755,-66.4002158182693)
(77.6098221104779,32.2616281579299)
(-11.2374983421356,79.1360382372643)
(-77.1931810637909,5.27847894517524)
(-21.6231602662241,-75.1881009834235)
(68.8554862311331,-40.2913198901859)
(56.4044735926208,55.2148226022449)
(-38.4991428702227,65.7015259434724)
(-70.6884473467203,-23.1108063523585)
(7.46898916878481,-74.5364764163594)
(75.1599454487788,-10.7432880891165)
(29.0469703691541,69.7564429690347)
(-59.8454005629270,44.1226393165437)
(-56.2224205414942,-47.7844360534268)
(33.1315176929580,-65.9567139536233)
(71.4671636693573,15.8821469569637)
(1.39266818266780,71.9345292777563)
(-69.1799008469831,17.4239754031731)
(-33.3490042426648,-63.3716370084598)
(52.4436011661878,-47.8325526955254)
(56.8983841973426,37.8769944523143)
(-24.8189256770427,60.9031533919531)
(-65.1433711529029,-13.8480846946439)
(-0.667161174884502,-70.5694278880434)
(70.6775552604169,-20.6799655508951)
(39.6720821767492,61.3594252980224)
(-47.2660187761652,51.7308637302253)
(-58.9877659844839,-34.1030629756654)
(20.8365890568639,-65.5156453889989)
(69.8140168719398,4.36284898098070)
(13.6189122231733,68.3968629089309)
(-61.8642944209531,29.4171112023969)
(-42.4900387606983,-52.6273074567623)
(40.8205645258701,-53.4032998498988)
(60.7942936901687,26.5056968608555)
(-11.8596147427991,64.0869790045436)
(-65.1456992281110,2.23359044865909)
(-17.5919411238358,-64.1404641934444)
(58.1343326339428,-33.9079323756333)
(47.0878259006030,46.4976247654384)
(-33.0066855177934,55.0143088056031)
(-60.0909582771604,-20.0543025791716)
(5.85893853830178,-63.6552026380696)
(63.1953441675179,-10.1689333596097)
(24.7895622754478,57.6170782572728)
(-49.7225950042258,36.2015133098366)
(-46.3621801217578,-40.9129448997998)
(29.0719604586769,-55.6298718005180)
(60.8910188045132,14.0652478497401)
(0.620850394880052,61.2870506800860)
(-59.6313334087953,13.8924252390230)
(-28.2223179297117,-56.0192467256783)
(46.8682178089365,-42.7025191702716)
(52.1110390165554,32.6121256349884)
(-18.9151679654636,55.3835849098218)
(-57.3462089081168,-7.59353310701155)
(-5.67616314069593,-59.2433279364970)
(55.9595377219166,-21.5625189076844)
(33.8050255879557,46.2114575551452)
(-36.4971973666027,39.8686164317538)
(-45.8421808161856,-30.0595805899114)
(20.7862154341727,-55.2686883490251)
(61.6878489158735,4.11941241273798)
(14.1492938789869,58.7738573799384)
(-50.1617233796481,26.7110895455031)
(-34.9872611408574,-42.2583676095155)
(34.3032501007197,-43.5199067675183)
(50.8795968386289,22.8528309535144)
(-9.87006629735502,53.6322243715572)
(-53.6088900736346,1.21373830811797)
(-12.2948083093766,-53.7528863274042)
(51.4432785011411,-26.2289376507985)
(40.0200752170447,42.8709376375888)
(-30.0263194897374,48.8652879275102)
(-53.0790975334379,-17.2869061380373)
(4.98781257565615,-55.3741189794174)
(55.3239651635502,-8.30729451906440)
(21.3504810344546,51.6077569342478)
(-45.4003369942956,32.8633655619226)
(-44.0086299804789,-36.8950645680233)
(23.4394483582617,-53.6683147675159)
(56.6001590408114,5.82386998746708)
(9.07929052883106,51.2576890694198)
(-43.9567864045951,17.1083269957008)
(-22.7736866587757,-40.0294555864960)
(36.3919676704608,-31.2216942912701)
(40.0299780640762,28.3211183548797)
(-17.7293835962819,44.7643326922747)
(-46.8890351332156,-8.46734924199948)
(-1.13214358828810,-49.5064391937226)
(50.1844958572525,-14.1685072719230)
(28.0522855939460,44.8555622963410)
(-34.9483161852528,37.9909041340866)
(-43.9130014076881,-24.5308982463314)
(13.9760126394219,-48.2144913917190)
(50.3039018892397,1.91574900118060)
(10.2243491261953,48.6607711323611)
(-44.6026645661477,20.6919706817925)
(-30.6048705942033,-39.2393244079888)
(30.6614860534939,-40.2079759747740)
(46.2247199533759,18.4735438511468)
(-6.55384745275922,47.1777806117533)
(-46.4941526810135,2.91860632785741)
(-13.0218483555183,-46.0690333171736)
(42.2347170897964,-25.3290052147713)
(35.3696900246760,32.7613477218332)
(-21.9622209712452,39.7423924866651)
(-41.7748360102245,-13.6625085639733)
(5.12830559554818,-44.7297769185466)
(45.5238852228143,-6.38042282713065)
(17.2283987388353,41.1793788329793)
(-35.3633756143706,23.9195608891358)
(-29.9860091021356,-31.7448377763737)
(26.5179978147991,-39.3168272636228)
(47.9195815509005,14.8130692928450)
(0.331208460303006,49.6380455273102)
(-45.5215329270186,12.5812910279015)
(-21.4830218697830,-40.4615498253184)
(34.8072339060981,-30.0918972792027)
(37.6928985320684,26.2925100877450)
(-16.2684707914203,41.8564647285325)
(-43.9204839101864,-7.13604688338239)
(-2.74425773698149,-45.7438317341771)
(44.6685074319312,-15.1095367662570)
(26.5057496044965,38.0492785937640)
(-29.0035600035289,33.1662429598808)
(-37.2583572995326,-21.4792962093592)
(13.6444715444369,-42.1132072752167)
(45.4333626268516,2.43652740721733)
(9.58098390376819,43.6675418200234)
(-38.8856279868142,18.4765357717659)
(-25.8175394538975,-34.5883771224275)
(28.8602406125278,-34.4756996404174)
(41.7532063561267,18.6562398585767)
(-6.80917048834559,43.8075257654458)
(-42.9042487609938,2.51688012244127)
(-11.4236447346502,-42.7822490036430)
(40.5673207368868,-23.5994891867665)
(35.5263885501693,31.3335316506832)
(-17.7565020884782,40.5299811706004)
(-39.1510203543182,-7.12749861066372)
(0.799031976063616,-37.6579021931425)
(38.0682573774967,-5.86751893018275)
(14.7656309717550,36.9617046557031)
(-32.6359721535771,23.4009713576313)
(-30.5109316408763,-26.4874308193787)
(18.5702123474514,-36.6065637116012)
(40.1526609299769,8.21236060124475)
(2.18432350193431,39.3438239123138)
(-36.3470704015273,9.80322118037370)
(-16.3075683269738,-34.1627471572304)
(31.0966956871884,-24.5736761830054)
(32.6583991367856,23.9340913944170)
(-14.3336044497757,36.7701878847785)
(-37.8976906572242,-6.09536306609726)
(-1.61383486548008,-39.2915490882991)
(39.5496872623003,-11.9082867572958)
(23.0583833653789,34.7822586445485)
(-25.9873192797612,30.3193900004997)
(-33.4423294012988,-17.7604522939014)
(10.9227010765494,-36.0145731731213)
(38.5196150092213,2.65970994635447)
(7.13597562276555,38.2117543106919)
(-34.8533048635718,15.7510437217833)
(-22.8831184134242,-30.5900962933944)
(25.0550434169030,-30.1073666066634)
(36.0795692559350,16.4033168680717)
(-6.27003008621939,38.0434952733810)
(-37.1479023222219,2.06464453921987)
(-9.44680732232623,-36.4595608868375)
(34.6887048848355,-18.8486278855392)
(28.5136439408516,28.0604580542037)
(-17.8251524042689,33.4614756760698)
(-33.6054539744747,-9.46150133242362)
(4.20294813959670,-33.9899152152836)
(36.3655638064849,-2.40900721564019)
(12.5912051917016,36.5550185318270)
(-31.5004438560376,22.6869367064018)
(-29.0259308960551,-23.5619923937585)
(15.9909783537892,-32.4468854631402)
(35.0280618835391,8.64665672800342)
(-0.285058044621842,36.3850935350549)
(-35.3277148099327,8.45417036198479)
(-16.3558525131495,-32.1609748135020)
(27.5429793412893,-23.3326659541372)
(29.3220292452897,21.2857625045161)
(-13.5119747537771,33.4770173216952)
(-35.4055466986949,-5.20638384299545)
(-3.06334224416555,-35.5587308985069)
(33.9639895623890,-11.3892842087966)
(19.2662545838717,30.1449411105342)
(-24.4095295553380,25.6519136348161)
(-30.2949328113030,-17.7171778181284)
(10.3569697379353,-33.5790921211419)
(35.2575412798586,2.13137406279265)
(6.44275957576624,34.6849725812520)
(-31.9590267398764,14.4048660933900)
(-21.4038606760071,-27.6307121935398)
(21.7856053516052,-27.3654642213444)
(31.7084469591878,14.4818388099888)
(-6.45761631922618,33.9188116372038)
(-34.2347277555353,1.54057156556712)
(-9.41106685071555,-32.9376490159070)
(29.7785071945939,-16.9675442826908)
(23.4671927437889,24.7506656320572)
(-18.4693230975878,28.4333924942136)
(-31.9333558808924,-11.3235756972813)
(3.35058360526151,-33.7100048568477)
(33.2505145947145,-4.82813433477207)
(12.2572235917485,30.8511970140481)
(-27.2250194943014,18.8551579720517)
(-24.8820564801338,-22.1723019095881)
(15.2961641002290,-29.4772418713934)
(31.5835205103832,7.67249870375095)
(-0.760745022512483,31.9145242190850)
(-31.7946481792434,5.90597941814810)
(-13.5872043105328,-30.5134970088496)
(26.3453890587354,-21.3928751926403)
(27.1073173281203,19.7073011806444)
(-12.5653297181102,30.4206802481119)
(-32.4891203865580,-5.28898094839400)
(-2.87762835017675,-32.9439417004104)
(30.5808223687065,-10.8926926951689)
(16.8926209102823,26.4044777874979)
(-22.4372250624997,21.5294099474691)
(-26.7040240313166,-18.0077416991789)
(10.9511065812369,-31.4808274323043)
(33.0960111129355,2.01319776069144)
(5.87148535214712,31.5671293031658)
(-29.2774017668408,12.2355656625939)
(-18.8908642883793,-26.4111395477456)
(21.0393166011617,-25.5036580479995)
(29.6635212203543,13.4297314550389)
(-5.96838083081265,31.0974555099847)
(-31.5478460635720,0.931071328295772)
(-8.56724297901504,-30.8249486070944)
(27.3213389959739,-16.0870233815600)
(21.3087199295396,21.9185855719247)
(-16.8845530792432,24.7836666454492)
(-28.4668924627991,-11.6048293217468)
(4.11665362559256,-31.2156468130576)
(30.5220736770350,-4.10411830846681)
(10.0360191797279,27.6660482494234)
(-25.7513805959611,14.7004154539224)
(-21.2543646751916,-23.6511382715266)
(17.7042129318012,-28.4958450057806)
(32.1920091538492,8.53261153818278)
(-0.167135296023523,31.9871884178940)
(-30.8953948125124,6.66898370784277)
(-14.1428031701927,-28.9569257041055)
(23.9073390816401,-21.3010927986491)
(25.2237540696601,17.0907252626638)
(-11.7752513377032,27.1283812492511)
(-30.2381975957419,-6.63470341377601)
(-1.79503061348266,-32.7092796033167)
(30.2830128216094,-11.3952628674816)
(17.1772048204719,24.7133169612917)
(-21.1197846204219,20.4386896651564)
(-26.2832060727599,-18.0785089410799)
(9.81717011259384,-32.8918171245160)
(33.2054087694556,-2.16587312316137)
(9.92439582949572,27.3821076104136)
(-23.1734846785250,12.0794597584328)
(-15.5495363774581,-22.8154467796237)
(20.0520006532883,-22.8267898104327)
(28.0582356687455,12.1318167118825)
(-4.29556980628561,28.1588421151709)
(-27.5118468963847,0.452843362479179)
(-5.96518067631945,-28.5136064614751)
(27.2467170850773,-14.0878689007412)
(20.7556407310038,21.9474956771869)
(-16.4105933336736,24.2649726211468)
(-28.1222572408701,-11.6799418092895)
(3.73276783658109,-32.4038452198527)
(31.7777369578204,-7.24291799032805)
(14.8350424137936,25.5886275301435)
(-20.3197700378374,17.2204720396649)
(-20.3471854919806,-18.3377754488824)
(13.9302998680333,-26.5671755854729)
(29.9706551743085,4.53331751118019)
(4.01302606456065,27.2976775030682)
(-23.6441644752390,7.90368372429991)
(-11.3053172072780,-22.6262118354818)
(20.5210618515288,-17.1483480123415)
(21.6620835551660,14.9984149740471)
(-9.97951415654124,22.9428472741185)
(-25.1774767730227,-6.83685280418694)
(0.633925407304788,-29.2383900430300)
(29.0478259275934,-9.62035293091136)
(17.0537073115652,22.7249973576664)
(-17.1268805307374,18.8236067856183)
(-21.4757258348860,-15.4356236579733)
(10.8870701095475,-28.1983411511106)
(31.5214021132169,-0.291513645128976)
(10.3661078425985,26.2315557431636)
(-19.2480967940734,12.5888940557676)
(-12.3628890395391,-18.1002025738358)
(18.8596009762658,-17.2089844673886)
(24.4394651604042,14.3883510134048)
(-6.18001167591932,27.6617754186072)
(-27.4695358545852,0.791258990638807)
(-7.19544667173881,-26.9753782635438)
(24.2975936567485,-14.7781511286743)
(20.1273843553066,17.9066122092196)
(-12.1384086789041,21.1855310667535)
(-22.6141941242345,-9.44452257889592)
(4.73468176299263,-26.9299157649602)
(28.2419777858540,-4.83173432053493)
(12.7288293231757,22.7595800474593)
(-16.9701248685304,14.0178813746230)
(-14.7055923143621,-16.5792815951021)
(15.9861459816128,-20.9453304116304)
(27.4913033140415,8.48685305803711)
(1.41482726703771,27.0491298657551)
(-23.0076149480656,6.36295476768296)
(-8.92040386509892,-22.0574371821777)
(21.7106233595751,-14.9628127484530)
(21.6798399225645,16.4540651246738)
(-9.23551480045756,23.6356204576991)
(-23.8451249645673,-5.14825325783013)
(0.526318612258700,-26.8738028177302)
(27.6821225305099,-9.30162681036508)
(17.9850853986133,20.3083633730687)
(-11.4758316531111,17.4946575857630)
(-13.8856067734225,-11.2500545193444)
(14.8873559838065,-18.9009308962254)
(29.6593628573047,9.25906636385736)
(5.36185019180136,32.2256078708278)
(-23.8291877837845,15.4899782362127)
(-15.8855910434090,-16.0806348130405)
(15.3401924646834,-15.6834635912182)
(21.2904854831579,14.5265532582242)
(-7.42996149510286,27.0825057136998)
(-27.0215410191054,1.71781080877048)
(-7.47222749496807,-23.8294484072178)
(21.7157860107616,-11.4715729457253)
