1500000000000000000000000010000.
0.040000000000000001
(0.505126456621676,0.861861285948676)
(-0.720595280238284,0.514533987671323)
(-0.759665572759527,-0.861739824285199)
(0.561548517606587,-1.35363746754649)
(1.41940409170142,-0.285820170897269)
(0.700246035541496,0.763935251448718)
(-0.364238598969420,0.365598933483374)
(-0.155409813147325,-0.619918946904441)
(0.813246760250302,-0.471420649268122)
(0.755412925217373,0.623588879377879)
(-0.478878258776926,0.833840233265280)
(-1.05303132951468,-0.367785166747414)
(-0.0187920497255025,-1.21619021775174)
(1.04669450484592,-0.317822033536403)
(0.327264796663713,1.08920841902119)
(-1.43723958945976,0.869119515434621)
(-1.98649649217152,-0.840713290434226)
(-0.876745605878432,-1.89048138655442)
(0.0181767003884507,-1.40899409609233)
(-0.410389406847193,-0.984317009603299)
(-0.742159950330396,-1.87875033168998)
(0.529204777859982,-2.73737654195269)
(2.17801330240666,-1.62545002589732)
(1.74181737917565,0.619695030557548)
(-0.656391915989487,1.13355029829925)
(-2.08900350968795,-0.873448019106622)
(-0.898433611446363,-2.80497154298137)
(0.916620684561571,-2.37332573802995)
(0.703337216032398,-0.908028575354570)
(-0.849141754710485,-1.27067701663533)
(-0.736238752682098,-3.43669909786450)
(1.80470279866980,-4.38228769441181)
(4.02573527276425,-2.46724184436876)
(3.54046653831306,0.229381210502399)
(1.49924248796217,0.972294067801840)
(0.505529186934649,0.0435837469419143)
(0.801674750822331,-0.376100604553971)
(0.592835870186988,0.0916840037394038)
(-0.448080682131540,-0.232210288663226)
(-0.481175082588770,-1.71474804834916)
(1.16832779291909,-2.25596501931388)
(2.26718783345340,-0.600423903228011)
(0.838890839980657,1.17380048844962)
(-1.52458400424840,0.423552913876244)
(-1.74377839531001,-1.99086454139849)
(0.122027974450358,-2.86293742170783)
(0.986582937899059,-1.56048551753926)
(-0.289827249383766,-0.972987009318818)
(-0.921129464744317,-2.65400125522947)
(1.18253685270010,-3.79388830152628)
(3.24458756412677,-1.44362335732622)
(1.13877758283385,2.05923821306453)
(-3.94417749844184,1.41763546239623)
(-6.08298615119033,-4.00672130383960)
(-2.60136224786190,-8.62890780490179)
(2.13747811622665,-8.21846038462220)
(3.25367648402885,-5.64622174745812)
(2.60709844275863,-5.77262655173323)
(5.18045927801468,-6.99001066566849)
(9.41866812250480,-3.24273326701449)
(7.15591278969406,4.94998582318499)
(-4.16353685845389,7.28674528248396)
(-13.8734553606339,-3.93012862628103)
(-8.53579516677514,-21.0287276482437)
(10.7282469633290,-26.7529207751225)
(27.0144551912151,-13.8684223828564)
(25.9662176121412,5.76639786724535)
(11.4141578133249,14.5988907025898)
(-0.659974295569316,8.49072256670258)
(-0.873884617143395,-1.59442073482574)
(5.80173410547222,-4.77936631202923)
(10.0513725521027,-1.25988932604200)
(9.58733104933365,2.69968412946737)
(7.66557256320456,4.60786027701383)
(5.34413421000504,5.83587609744432)
(1.39679430923007,5.31335908588217)
(-1.42816785927233,0.0736595026347211)
(2.95672835020031,-7.11630999168076)
(14.2616181313716,-6.96236978525296)
(21.7009422208810,5.06726387026796)
(15.0286834663531,19.8931724063929)
(-1.77328335668052,22.9639683462922)
(-13.2449052865076,11.2517319250822)
(-9.93611840471114,-2.77791119974834)
(1.30206959276739,-5.99879194054264)
(7.09725910315996,0.717192165542577)
(3.87245657608907,6.26384808226223)
(-0.377432340746574,4.78313709387173)
(0.888879366981664,1.63106372632440)
(4.10538515735038,3.46510625136696)
(2.36763964428279,8.07378062291650)
(-3.64680928317571,8.14924174410763)
(-6.52501090635354,2.37933296137037)
(-2.74363726846966,-2.49366458605477)
(2.53428950459568,-1.05158005526817)
(2.79564614299633,3.75068050792747)
(-1.34043766455386,5.29179117989273)
(-4.00056781181340,2.19947547338765)
(-2.45624224563631,-0.928574053477461)
(0.109441017422529,-0.710530201780346)
(0.222880683512782,0.892684982036896)
(-1.02158268857854,0.593864427832217)
(-0.520671135955706,-1.08726492584670)
(1.70583196544567,-1.11620004788953)
(2.68279510416117,1.09472239448984)
(1.11522384811568,2.81795745592654)
(-0.799706780556877,2.12989595099168)
(-0.772903152375057,0.507803861545978)
(0.433813695862874,0.300177577392449)
(0.615539369377561,1.31460660143568)
(-0.444652101998463,1.55363722343851)
(-0.948862891757041,0.480754851916622)
(-0.0658448215656113,-0.310633182115827)
(0.866488535787448,0.288623914487944)
(0.517541238523261,1.27033780634382)
(-0.487286820563854,1.18739647109171)
(-0.712796188541026,0.283952998468452)
(-0.0851445771163459,-0.128127234921256)
(0.265083497322528,0.240191861019197)
(-0.0673819813610269,0.430939962847092)
(-0.243665991392642,-0.0249686320578188)
(0.277687666939693,-0.356811296485131)
(0.788521100636316,0.0929374807933253)
(0.484972854106195,0.726381894117722)
(-0.214825698234283,0.612161211476458)
(-0.317723832740837,-0.0574685834374518)
(0.208160606569257,-0.305550949509280)
(0.455035466796716,0.0859885108484408)
(0.0591043029765550,0.294903327173987)
(-0.241959097684382,-0.171550174988207)
(0.178966976995945,-0.672224223024182)
(0.817046400600313,-0.443168294745808)
(0.798488111167358,0.202896116845701)
(0.199696601509068,0.345892714196628)
(-0.0983802704308292,-0.184173282629768)
(0.290913475354412,-0.629988465179183)
(0.800150954918096,-0.451357794553186)
(0.823257286610949,0.0106146463570243)
(0.480586829031215,0.184070712787521)
(0.221574774262896,0.0241743626710193)
(0.165074774103933,-0.186985489499499)
(0.189309008280332,-0.343444980382689)
(0.256595747972059,-0.430070741771649)
(0.212194985065941,-0.357421074982827)
(-0.300428921477686,-0.412719414785279)
(-1.01993922741048,-1.44184359603415)
(-0.491112840894023,-3.63819824158193)
(2.51998236065747,-5.21342320096126)
(6.68550142056331,-3.55268142008440)
(8.34859898485202,1.49210733262826)
(5.26371512036347,6.29777448918676)
(-0.308389368014322,6.78373299465288)
(-3.54407082660029,2.99123188956768)
(-2.30875254611929,-0.848140029658214)
(0.667009363417681,-1.21124245938886)
(1.45729938553695,0.873538340875935)
(-0.299939227035733,1.78645543279645)
(-1.60198051757618,0.217923123412487)
(-0.526243060988147,-1.51698594908507)
(1.31532318725303,-1.09718065397419)
(1.38307246931496,0.590806395867189)
(-0.161505591645589,0.979344868118781)
(-0.908600496935572,-0.443741131419744)
(0.231618190175272,-1.58220109183866)
(1.59540909637369,-0.892627770567176)
(1.33080884374116,0.474878373544318)
(0.0404086548882282,0.517919501214710)
(-0.270633050977492,-0.687705005505440)
(0.790401808855669,-1.23948439672066)
(1.47772924366996,-0.325221378272022)
(0.554381835656511,0.512371189929886)
(-0.762635787753358,-0.432196615164162)
(-0.326059083740518,-2.51400724656194)
(2.07925438160731,-3.38115161196924)
(4.37064043130658,-1.83901984004202)
(4.61030118833568,0.827006879255919)
(3.00694472228365,2.50005023768200)
(1.24089737983879,2.46747113412347)
(0.456077050171863,1.63498981613017)
(0.456517034249084,1.06347308248156)
(0.535988788884031,0.950686302914059)
(0.407795893525945,0.936725475001340)
(0.220828742105605,0.788898124625158)
(0.142209250959766,0.547308790837599)
(0.212755922052503,0.324280322977978)
(0.401458192119679,0.233261656885084)
(0.566213093781298,0.367176605411611)
(0.480739034599515,0.635856263044723)
(0.104963203730431,0.726564076820424)
(-0.250148068068027,0.432691368672851)
(-0.233747851524813,-0.0297022330822933)
(0.0947475847541036,-0.235309505454715)
(0.322462514553141,-0.0754824347280299)
(0.205948820379589,0.121613907371309)
(-0.0529420252469724,0.0346848755617169)
(-0.117329618851552,-0.272731178982408)
(0.0748989421119120,-0.507813109132226)
(0.325820178882436,-0.520499995951906)
(0.458549031553612,-0.385665329246225)
(0.433900475586729,-0.238508130835131)
(0.296047442236980,-0.189381226695308)
(0.175566985817491,-0.301940413618277)
(0.247035484579887,-0.460643002060894)
(0.444551442215209,-0.357381759231824)
(0.291308710719393,0.0805599500263651)
(-0.597685780647874,0.243763151368442)
(-1.69660218944803,-0.742189746899308)
(-1.65387268340542,-2.83046504376693)
(0.333968563086739,-4.55074068138390)
(3.30561798437576,-4.21484969330941)
(5.15345434399903,-1.72479886372933)
(4.63803140482085,1.16831601641375)
(2.52384860764550,2.57727772902746)
(0.573094473430245,2.18002119726774)
(-0.246698922472823,1.04307906822485)
(-0.233884641511135,0.147086288211072)
(0.0300427286499010,-0.384883253128275)
(0.442315609865699,-0.716961495798932)
(1.00738487236340,-0.682142884265359)
(1.30901461469127,-0.141355517010266)
(0.912147742805858,0.433407155064877)
(0.118451018304810,0.322978100950600)
(-0.213926811184180,-0.499523224611823)
(0.305857619128162,-1.24672349641595)
(1.14939357240928,-1.26726759403951)
(1.60506504059420,-0.754314013120797)
(1.60906350616609,-0.288462938603451)
(1.54179976667837,-0.0124628919297586)
(1.47620258613437,0.337466624810703)
(1.11400092532021,0.748641569913061)
(0.444311598139333,0.800046113116558)
(-0.0277317114264083,0.327370241353847)
(0.0658548333813574,-0.201651547732357)
(0.408846377858734,-0.263222711972556)
(0.421049998353231,0.0317263403959425)
(0.0157972338420760,0.152274890535107)
(-0.416392398985567,-0.123680202635422)
(-0.636546663952242,-0.593643447781939)
(-0.705197328075373,-1.14915125559205)
(-0.506314369586527,-1.86978883989228)
(0.274599854929024,-2.46217673104803)
(1.37005738324811,-2.22319743664627)
(1.68859380497883,-1.10846181063800)
(0.609229534289245,-0.424863563443554)
(-0.658005502485553,-1.53205518275724)
(-0.0126966535126604,-3.71714485803202)
(2.74645818008725,-4.34282658371430)
(4.87414592823221,-1.96135127027440)
(3.54597138923815,1.19798005141185)
(-0.261012451769378,1.12141350920700)
(-1.95472147596699,-3.15787299979664)
(1.74453228929288,-7.53789062454127)
(8.55532061921085,-6.73848534476982)
(12.3868676998361,-0.149994714732683)
(9.57666584904026,7.11303974542706)
(2.66050563149951,9.37915124235057)
(-2.52137224190776,6.01893265704208)
(-2.87043826900705,1.33593057736825)
(-0.389022103714145,-0.567763516331034)
(1.16989637145360,0.297362218826385)
(0.691626366565936,1.17059032171711)
(0.000872350553234365,0.574398845902148)
(0.608035581476178,-0.258989769498506)
(1.63259947060534,0.227642374923110)
(1.37741755272047,1.49202298301883)
(-0.0713371983957004,1.71174200801110)
(-0.917834616451560,0.417368775693026)
(-0.146329522762385,-0.839511778121862)
(1.12768524769857,-0.624228144489890)
(1.24929059039808,0.488206340028165)
(0.248867924012468,0.827886756709473)
(-0.353541042456974,-0.0502575072366956)
(0.258161198459057,-0.885827499562202)
(1.14372324699855,-0.604401913153256)
(1.07526815300216,0.195076343258519)
(0.314648792722564,0.216055295922104)
(0.163248843969142,-0.609053362204862)
(1.02180894521317,-1.03804466338102)
(1.79900060486803,-0.338137117647012)
(1.47763824572718,0.666215772439931)
(0.523291334967408,0.790814344227324)
(0.132803657270935,0.129280779446470)
(0.513670680795233,-0.229875287099368)
(0.728160659422298,0.123508669358872)
(0.223672890937794,0.387617903297769)
(-0.323499765555529,-0.124957299113237)
(-0.0895304320437165,-0.895222451311355)
(0.616444030229036,-1.00141174009754)
(0.855322889165980,-0.522820807731356)
(0.517320408456720,-0.341339887826335)
(0.411385856711184,-0.682882518141423)
(0.839548641249273,-0.762270154261337)
(0.981130324029920,-0.161556312583235)
(0.201776469574170,0.271427086346993)
(-0.731782533405322,-0.392600993793526)
(-0.618760675264536,-1.62053240440722)
(0.332794852302949,-2.05954123162835)
(0.730724553190125,-1.61123269140908)
(0.220186187894558,-1.69921336730859)
(0.317528914121532,-2.99474001892265)
(2.21666970977402,-3.93116512092949)
(4.58836922579328,-2.60359156011316)
(4.89498138426760,0.350091191794086)
(2.75442183601390,2.18679236045132)
(0.555736560052388,1.56071883859997)
(0.202186966867344,0.177778843456017)
(0.588401744091609,0.0786745128271188)
(-0.376996958637022,0.453867151063131)
(-2.06298150782679,-1.11228304653968)
(-1.44241529127179,-4.49294781708254)
(2.47580812261393,-6.17763329786601)
(6.37092044986726,-3.61906596804886)
(6.27452335501890,0.969557032002558)
(2.62876085287652,2.92429056215779)
(-0.169184532224776,0.830160632973157)
(0.706882394320619,-1.94859032932566)
(3.27437900429837,-1.85656312707861)
(3.88314572527872,0.480141504753503)
(2.04983673389260,1.77886292897515)
(0.416816012848866,0.804395827294112)
(0.575818675074316,-0.508645350340843)
(1.15222226473834,-0.533104235434510)
(0.593441157848831,-0.358583613542562)
(-0.0910483308575081,-1.59777470905549)
(1.00272077542950,-3.35005020952015)
(3.31971783643464,-3.31588475195348)
(4.28525611592225,-1.45038494094517)
(3.14556416204458,-0.356649804170092)
(2.31572425922188,-1.46760033373005)
(3.85212953555836,-2.70039888162409)
(6.15385632326120,-1.40567715809564)
(6.04903092045888,1.50962109898279)
(3.52443256887023,2.53940435347706)
(2.11941413773926,0.597158112569019)
(4.03846970508078,-1.10737639596625)
(6.80902101165570,0.674766238981728)
(6.39313021791053,4.64411080973349)
(2.57636724986904,6.49165709583083)
(-0.780917161702971,4.46497261603724)
(-0.809024398336792,1.32602249826326)
(1.08927746262417,0.341992174248730)
(1.90584160943813,1.24098817788127)
(1.28518498674138,1.55727333750261)
(1.27315430347435,0.730727503019690)
(2.52375074036318,0.686459545498175)
(3.04457943885669,2.35171299885736)
(1.36728921608760,3.74161939098651)
(-0.829132294984216,2.70700102760877)
(-0.812148046830086,0.258383785134469)
(1.33504286098519,-0.596993328390613)
(2.73667144616323,1.04367068780569)
(1.65044662535371,2.81041188625244)
(-0.307116614445512,2.41332269288648)
(-0.645806152088299,0.640712090218783)
(0.580761500418924,-0.119610632793492)
(1.25941889077471,0.616843276471441)
(0.551170499528249,1.03087974598390)
(0.0373010472329771,-0.000728473705557901)
(1.16411165873624,-1.13567958444328)
(2.95527669027120,-0.575147321008634)
(3.36140621792800,1.25316874545029)
(2.16518922635954,2.28152920042312)
(1.20969080183115,1.70322067362895)
(1.75010562080774,0.983615369804542)
(2.78115373101521,1.69514683030256)
(2.53998615411331,3.38087800155243)
(0.850934211616425,4.29430694279476)
(-0.855052397754014,3.66767590080115)
(-1.46915586473914,2.36397691918059)
(-1.25649120474139,1.46150081256934)
(-0.987629092019063,1.07648657060369)
(-0.862935138212570,0.787418270457511)
(-0.670635821007981,0.491927266375638)
(-0.422531926409848,0.342473042487557)
(-0.268289850804327,0.263269216592767)
(-0.0760877259088750,0.109626863626971)
(0.325404619751004,0.107631654658735)
(0.609209959319907,0.550906924243027)
(0.258199064608284,1.09472249922714)
(-0.517658361850979,0.971584959687268)
(-0.778763780731073,0.108004216271915)
(-0.0892124441504989,-0.536994319852429)
(0.740253545148875,-0.179545214854882)
(0.668958985526249,0.648249554311892)
(-0.114966005234965,0.778184403468524)
(-0.441152493903925,0.0538727837377450)
(0.151154952437563,-0.443436149331541)
(0.722127811314268,0.00723576579893744)
(0.311274503097420,0.647167890958693)
(-0.573976056074854,0.282414405124141)
(-0.551198852512839,-0.951135582315224)
(0.740889700074052,-1.62901769594206)
(2.08641347090663,-0.862689178064683)
(2.21612933728791,0.599339685846812)
(1.28894452129832,1.40344803823733)
(0.438555707678170,1.21142002643140)
(0.255901858273982,0.780077162047665)
(0.324272380091876,0.713249603835558)
(0.140985838293358,0.791709531794798)
(-0.153011447502735,0.601692252639219)
(-0.181352905476847,0.242454015898267)
(0.0102100031609354,0.0702009741031392)
(0.104139355645263,0.0924246425917172)
(0.0696460234920950,0.0423234699403567)
(0.141463705447412,-0.102197499289264)
(0.326303397980379,-0.103710230219996)
(0.358259067221091,0.0458742837156894)
(0.204102560614294,0.0415472416687762)
(0.210644339331648,-0.200867780742144)
(0.546765894494602,-0.300263811050072)
(0.829112463002490,0.0333256128934064)
(0.631746643768835,0.474322333471313)
(0.157934706489696,0.488091446128175)
(-0.00987071974350357,0.120644366675197)
(0.232417394740740,-0.0587230169916852)
(0.362642901646050,0.174481742486796)
(0.0592835995569550,0.354127850757019)
(-0.272380410528628,0.0684404198648730)
(-0.131249662364578,-0.353343853055247)
(0.252439594257504,-0.328951534650715)
(0.232990878735872,0.0317076077094217)
(-0.214617630083737,0.0414067985015660)
(-0.379979688467130,-0.469118481278700)
(0.0656738656272466,-0.774661818091691)
(0.390264517594571,-0.342143796050048)
(-0.230543299020581,0.142687347653773)
(-1.31969730757730,-0.516718166276704)
(-1.35594210899887,-2.32581358470212)
(0.400934200359401,-3.72429579453405)
(2.82940449314710,-3.22708706719840)
(4.05717073877985,-1.09251425182132)
(3.39897429331189,1.01591647293223)
(1.81082206239262,1.82214386908846)
(0.587212660655987,1.46306006566391)
(0.121656722198454,0.814497746408664)
(0.0425792786186901,0.365602390591992)
(0.0529814675266652,0.0439397895405740)
(0.191464521257150,-0.225981675758150)
(0.446175172103146,-0.300054769626519)
(0.582529652093910,-0.139759133439710)
(0.459006485930521,0.0184483503952529)
(0.235085564998003,-0.0414143795180954)
(0.131158373940131,-0.268993185287764)
(0.182949908420092,-0.516894222877167)
(0.367486831064656,-0.742035322624900)
(0.748901800488735,-0.858933006633704)
(1.24317617879474,-0.602622026346270)
(1.38751810096114,0.123172647077438)
(0.742406383697099,0.802195782614342)
(-0.378721865972160,0.611893027930617)
(-0.921369001505777,-0.598450808272517)
(-0.144564448907730,-1.86099991578875)
(1.43300607800997,-1.95245003011467)
(2.43586569397324,-0.708988867879264)
(2.03933669874545,0.757785797185230)
(0.781180282368017,1.23358474061749)
(-0.116769117774534,0.609364227373213)
(-0.0553801843449149,-0.197904821824989)
(0.488078406688212,-0.364693317539106)
(0.703976534653018,0.0380363798669819)
(0.377086837713999,0.354111116701486)
(-0.0333935246336157,0.207865683002420)
(-0.0787848177064703,-0.125960632847618)
(0.127770342461225,-0.167809212163115)
(0.0965094291997611,0.131362089287992)
(-0.408708077060898,0.313691185539046)
(-1.05108074700946,-0.0502815209582904)
(-1.27335734249788,-0.849848939672288)
(-0.913064130200040,-1.53699382919945)
(-0.371367105518935,-1.72941686332550)
(-0.137169753988085,-1.61757622465613)
(-0.222575522605927,-1.70256921810444)
(-0.168592000139636,-2.18283302202363)
(0.411041357430132,-2.71134805838367)
(1.40257368639745,-2.76191973439101)
(2.31428598199118,-2.12068949118315)
(2.68094709261061,-0.993501215120369)
(2.28398774602217,0.191309594281613)
(1.17523916938271,0.932789296506389)
(-0.246688646387327,0.774771143593073)
(-1.22784189121425,-0.366018382891167)
(-1.09247552620394,-1.87211211650584)
(0.0627358970177877,-2.70531504736807)
(1.25389661809521,-2.32344352494702)
(1.47305218896050,-1.28845316630596)
(0.695037566478786,-0.740393946035064)
(-0.141003954214728,-1.23701340588151)
(-0.151414466871475,-2.26864999255240)
(0.670952476357253,-2.90229882501052)
(1.62629679403010,-2.66996212387166)
(1.98247534319366,-1.80169664616543)
(1.37887826883522,-0.961140498612251)
(-0.00664824227845170,-0.999613179574151)
(-1.24036762908054,-2.56363844852701)
(-0.851125663629458,-5.28717069986319)
(1.94287806682081,-7.38869692418427)
(5.93403486523687,-6.85122955842421)
(8.46627420217058,-3.54299937044474)
(7.92797673636518,0.232457224328564)
(5.48970677768367,1.95839947081566)
(3.71389956649133,1.54201617257432)
(3.52406672299079,1.02941907412074)
(3.41684009553482,1.66560388804041)
(1.99547232765241,2.22978775148097)
(0.315204603417500,0.998712841436426)
(0.617194478832693,-1.36605224833909)
(3.04985211565713,-2.21430036829349)
(5.01107153682829,-0.311740801316338)
(4.27447479235668,2.37568846152141)
(1.75366597043983,3.08266190288934)
(0.158680069822518,1.62130720528746)
(0.479399942128151,0.194633697578915)
(1.15217442506510,0.156259997923013)
(0.779073607307156,0.428479786387637)
(0.192196057200532,-0.361378046228657)
(0.858082271398228,-1.49920563343008)
(2.23109039212755,-1.27687449309348)
(2.30256273319197,0.0966917663094961)
(0.741978302374991,0.370187483148570)
(-0.126317632193565,-1.51625735128567)
(1.62160012790296,-3.45572762178105)
(4.50383815577811,-2.65938866870755)
(5.09484409116609,0.472479678898699)
(2.35140549124016,2.38879871518371)
(-0.804542286022489,0.528667133591394)
(-0.694774896122670,-3.63050247934230)
(3.17438628294793,-6.22513125886507)
(7.97280099467646,-4.95516913154980)
(10.6031740732570,-0.692472661938093)
(9.96962160065864,4.14125815230608)
(6.70932259967586,7.54420838810752)
(2.17251700134721,8.35462232471955)
(-1.79798690297459,6.20270306590972)
(-3.20902768359624,2.10622795076840)
(-1.34057836174311,-1.44611241396458)
(2.18399086225275,-2.18306098096131)
(4.57218326240578,-0.105254173747688)
(4.37278976050920,2.63012090587152)
(2.45924623210543,3.94868690207188)
(0.594519519083085,3.51197704426081)
(-0.270320438590813,2.19081590437366)
(-0.0713104164052109,0.797952171185262)
(1.07021935448805,-0.0889356955764385)
(2.71202899137076,0.240328678348872)
(3.62581611549084,2.05418406554153)
(2.60266588790179,4.22493091163458)
(0.0458132933489650,4.84183672609417)
(-2.02333456875631,3.27563872818255)
(-2.10174225359874,1.03345457816240)
(-0.851980701745636,-0.00308848854757327)
(-0.0241447522605016,0.269618822800286)
(-0.163983958007520,0.488008187482540)
(-0.263154485847984,-0.0429534484991532)
(0.417346462856111,-0.527783284111075)
(1.22399819136317,-0.152924061194782)
(1.24746479714219,0.603938959048205)
(0.744663995798597,0.797346828648502)
(0.607699870267172,0.491652098804739)
(0.877945625478194,0.493575177974931)
(0.786578431489262,0.884516913055662)
(0.203442596317220,0.862461104590234)
(-0.00885834517345296,0.184961639382075)
(0.563123606978808,-0.255908378075245)
(1.04823291215054,0.143160812801346)
(0.654420229779329,0.559731101808602)
(0.145161731319041,-0.0120613415399335)
(0.806997752637295,-0.912531445183502)
(2.21306065374667,-0.511507451030851)
(2.41183149517131,1.20226204842072)
(0.749026867724080,2.11837521920324)
(-0.789519809310643,0.836466303526475)
(-0.116306041723602,-1.09792595344522)
(1.90870116280039,-1.11073814469658)
(2.48632635238820,0.749320541090207)
(0.819189994362534,1.70992788010786)
(-0.593058228954658,0.129146441888499)
(0.686348267213581,-2.06389885490051)
(3.65188901637478,-1.84206688269819)
(5.13938675372541,0.976488348237105)
(3.83348497474506,3.70890378621531)
(1.44640421294050,4.37426357641808)
(-0.0584972427506161,3.65814821788183)
(-0.754416785625234,3.00623990589638)
(-1.53734008445079,2.37530532441685)
(-2.04808735124458,1.04816402147580)
(-1.31564756569240,-0.370350867896900)
(0.144786802465978,-0.472631931336301)
(0.606950894932336,0.623599141077399)
(-0.318368895023209,1.12080210332122)
(-0.956130801045244,0.176599337085165)
(-0.102976903578337,-0.746332252666150)
(1.03181038283049,-0.142742151712852)
(0.677853555293435,1.07865996527068)
(-0.615584207932102,0.928799672870233)
(-0.703968651468550,-0.457520174367439)
(0.741615186924034,-0.854551615039366)
(1.50714010653923,0.578655919320845)
(0.205363329648657,1.76726669952348)
(-1.38731724255498,0.788114719092136)
(-0.887865426802409,-1.04132487408505)
(0.969147417274589,-1.01142073217413)
(1.30792738711505,0.794626571304193)
(-0.458146633352741,1.49397429148362)
(-1.58420231294614,-0.154878139050651)
(-0.208491574184316,-1.67661883969088)
(1.58801850618368,-0.637071434579432)
(0.860868458873600,1.40426028057245)
(-1.48883259991746,1.08148485624685)
(-1.81293356055935,-1.50296456712620)
(0.695967467287260,-2.62703305909808)
(2.50665238300554,-0.541033400102992)
(1.00471420009195,1.68147076951545)
(-1.39635333656438,0.728391535691704)
(-0.878414466043534,-1.75681240800613)
(1.73528609198696,-1.60812938766382)
(2.05168111287881,1.22162791979583)
(-0.926764900630911,2.24098697781228)
(-2.79137888562665,-0.584692657744146)
(-0.422860508503881,-3.16887987039834)
(2.68488872640423,-1.32843253515301)
(1.37662207745663,2.30700308086533)
(-2.83735352823172,1.76302281018516)
(-3.36691509922857,-2.80103555753377)
(1.18956499394928,-4.42601888457496)
(3.79578006505097,0.0463008601897452)
(-0.651714476325474,3.84965049422289)
(-6.07871036503673,-0.266379286219731)
(-2.83013020595902,-7.49771244989868)
(6.52118426777303,-5.50678031269630)
(7.01900404300070,6.99953144300619)
(-8.72438454942199,13.6551180632533)
(-26.0735683813426,-0.865828903755865)
(-22.0784278652457,-28.5000801417010)
(6.40332133870339,-42.5274644086569)
(35.7182682311274,-27.0308567051206)
(40.4461242908004,4.34623404803581)
(20.7443462659160,23.7853036630226)
(-0.653904561404427,19.6776036711500)
(-5.90500088603868,5.36265057737612)
(0.920204229278193,-1.07842742625592)
(5.15556848815471,2.47534818038639)
(1.91403945657568,5.45992871774870)
(-1.31593440439927,2.27430942780481)
(1.20123932560057,-1.52051910873175)
(5.30019402541477,-0.00163534376011303)
(4.89247100530224,3.95999200771742)
(1.66754144258857,4.29445757045447)
(1.61046922152293,1.75024927216426)
(4.80677653550929,2.42006744195464)
(4.85050778778868,7.51961763472762)
(-1.20366685352044,10.5477572122697)
(-7.59206619499215,6.41903336795847)
(-7.36962082902206,-0.967834778396045)
(-1.78598942661396,-3.83623439754210)
(1.84972736448609,-0.796082964096667)
(0.222835046431942,2.25355128534409)
(-2.46857136434197,1.00047305876246)
(-1.59763520658419,-1.86849978918990)
(1.35388820834965,-1.73581023128693)
(1.90237411980868,0.921273528545339)
(-0.381571622327283,1.85470250919053)
(-1.61427666448160,-0.190091354622203)
(0.180061750324242,-1.82234962463067)
(2.21773238983488,-0.464722840848211)
(1.46004341047109,1.81292872741360)
(-0.822698331561454,1.69170835812725)
(-1.24862832007175,-0.383702141868659)
(0.508168641459553,-1.17913880615050)
(1.52083802121675,0.287346140833473)
(0.282683159164286,1.49448516965558)
(-1.14756719165072,0.531765765902717)
(-0.565192593726462,-1.04173148549209)
(0.994016013715592,-0.834154383940500)
(1.05908264407403,0.648878815057967)
(-0.381077430939562,0.963821221088994)
(-1.01021438589827,-0.380580892137903)
(0.0831175479803075,-1.27795551975124)
(1.05363073983653,-0.468799375113343)
(0.351239057971579,0.481613323025179)
(-0.754250665338799,-0.247123914656472)
(-0.169695893545805,-1.73809586401166)
(1.65755641538167,-1.65827744413433)
(2.28129092562442,0.145208757490770)
(0.890226035937852,1.33286827532917)
(-0.520966510045357,0.508246867212451)
(-0.153710225217635,-0.838562384099542)
(1.04490947679424,-0.713801143085511)
(1.03784016052435,0.432875476599467)
(-0.166472381905239,0.604689302383405)
(-0.672947831069748,-0.604379968849570)
(0.319845494826496,-1.48725723998544)
(1.40067533389559,-0.908590479046010)
(1.22467053038059,0.0945103949064462)
(0.456236581074267,0.119215199588445)
(0.443902962089382,-0.458822267388701)
(0.983550320821028,-0.370502722639835)
(0.824484012454170,0.269489405806521)
(-0.0107910603116128,0.126867967406367)
(-0.0278498062588161,-0.967063798900179)
(1.29704133133768,-1.37067656605445)
(2.31414069504902,-0.0474824407565697)
(1.41213796566448,1.59170859849063)
(-0.510155815269871,1.45636447515497)
(-1.12420415965397,-0.255914134846666)
(0.108823749846483,-1.27843967032735)
(1.23894148838768,-0.441587149889492)
(0.640042055759313,0.780278207618056)
(-0.769018481166132,0.485142953104271)
(-0.987284955684708,-0.999998819720252)
(0.242244252498500,-1.76675128758348)
(1.29859823796212,-1.06076827124007)
(1.10847804890609,-0.0769740466487484)
(0.419984097635965,0.0110948291569197)
(0.339543690705501,-0.398858426373511)
(0.680176395387721,-0.323828812068052)
(0.547893763872658,0.165950000846551)
(-0.0884938974198766,0.215886282096508)
(-0.409010376017379,-0.331762396999632)
(-0.124203414267586,-0.730258712255309)
(0.128028857704261,-0.597531712940471)
(-0.0697639296035432,-0.470057122777829)
(-0.232503777070577,-0.771043381967887)
(0.0941501774960824,-1.01025597520590)
(0.396899018964198,-0.629776520922365)
(-0.0671720301845432,-0.116539656364345)
(-0.951046289624848,-0.437940897478905)
(-1.10601337859853,-1.52645058393302)
(-0.215886561723931,-2.18607457072586)
(0.663775364642871,-1.70697644910594)
(0.535846858630294,-0.839357135913393)
(-0.216965448836193,-0.689388336537962)
(-0.526805715446398,-1.18063167875572)
(-0.266350994193400,-1.31323848799690)
(-0.424941468424789,-0.765964698057914)
(-1.64194923361933,-0.505462198181908)
(-3.18636693771635,-1.60130591020490)
(-3.68170610739169,-3.89176021395933)
(-2.53869794767974,-6.10125115261828)
(-0.469330705544205,-7.06073529492222)
(1.20589306090788,-6.69799093927452)
(1.70850036245570,-6.08502443239936)
(1.63098278956463,-6.53122733843360)
(2.68521181176634,-8.12463323687061)
(5.96340114163821,-8.98294806628166)
(10.0046986377559,-6.73260551561047)
(11.3502444726071,-1.52226716379003)
(8.14954466628679,2.99735558766903)
(2.98212254447988,3.04900067692085)
(0.640004208453718,-0.790566528204940)
(2.63862816003597,-3.94236706729817)
(5.43312327731001,-3.44774217364478)
(5.38017608208076,-1.74238082231903)
(4.15885924734233,-2.91322273817198)
(6.65154325500634,-5.96941547072710)
(13.2462947139201,-4.88965250004535)
(17.2581167230492,3.27180595026180)
(12.4422689725870,12.7356118328818)
(1.64733757416184,14.5173185393583)
(-5.30199171948864,7.20432453730345)
(-2.87532449178978,-0.897956727739594)
(3.83916698136280,-1.59838305133257)
(5.90185847938681,3.71360220311919)
(1.51057352239368,6.89454561191508)
(-2.87052716343122,3.86839590024879)
(-1.81191732801696,-0.943701605892473)
(2.35606871055753,-1.57173188604512)
(3.81731610582846,1.55094348884469)
(1.50995387986706,3.26466401624800)
(-0.284891053422625,1.50286593186974)
(1.10824765121959,-0.288898912596661)
(2.91786742931350,1.00582315022100)
(1.52788953184360,3.21615646868860)
(-1.67105231289291,2.09577168899457)
(-1.86520556323714,-2.18981104100779)
(2.48899628747305,-4.75312428410648)
(7.34486705062187,-2.22657713032991)
(8.08395052303486,3.13715544005229)
(4.74985618035361,6.63501392749781)
(0.933555938678338,6.56399275694542)
(-1.02815325463303,4.84342211962338)
(-1.71901551714406,3.35585857995880)
(-2.11967108747272,1.97356540962269)
(-1.79387626228036,0.321074395411745)
(-0.339925236195506,-0.648651312634450)
(1.07123517086305,-0.0627919701802718)
(1.06592164968018,1.12014684748095)
(0.157912449018175,1.27339212493020)
(-0.0216390348666355,0.493614496124408)
(0.710855203281878,0.328840879427245)
(0.843433473135181,1.16761669218500)
(-0.262359152458904,1.47641649683113)
(-1.08042557350423,0.256315353835913)
(-0.165624604525242,-1.10212452989455)
(1.40558429690679,-0.698922332102890)
(1.34510767640458,0.885589811949094)
(-0.439152527007032,1.10653978815182)
(-1.37041973083353,-0.965820380484538)
(0.402155423750626,-3.08512544517855)
(3.42185097398581,-2.61611930661418)
(4.71436418101626,0.142938264359128)
(3.38531051837406,2.52747070147390)
(1.23664011019524,2.84701064386378)
(0.108962336355854,1.88043000829967)
(-0.0410792962321611,1.08211637102473)
(-0.124614216865683,0.648559898606662)
(-0.216869346960277,0.00783318772157704)
(0.220827076564133,-0.744259423182907)
(1.08832433111850,-0.955834221510763)
(1.69209202288491,-0.582762875668981)
(1.86518444956945,-0.214851402243160)
(2.05520036324556,0.0137718705242570)
(2.22569003811018,0.541698733245470)
(1.71212517707632,1.17551176696232)
(0.653313110593672,0.821574076932811)
(0.603513669320202,-0.805489286656807)
(2.66890584478147,-1.94531580429703)
(5.43915240407494,-0.474006365317239)
(6.00762477327863,3.22201626066569)
(3.31168538109312,6.15850645522984)
(-0.474074293728076,5.97064626115016)
(-2.39741137410412,3.43379988341840)
(-1.86537593813452,1.18990139032125)
(-0.618187056173034,0.635207848467534)
(-0.159553795140821,0.986752218563296)
(-0.329186556919699,1.07912803390638)
(-0.390332798894742,0.856149674836109)
(-0.333244619025675,0.753682471202654)
(-0.464988782636551,0.635455067296738)
(-0.495888668518614,0.180295597300886)
(0.0258988066485468,-0.211538412981173)
(0.683442511337305,0.129594961508389)
(0.562891030568913,0.905554574016439)
(-0.289570026589035,1.01289482275005)
(-0.695880763977554,0.163556046767965)
(-0.0185937048803371,-0.518350705210687)
(0.778055761157139,-0.0768354895096237)
(0.463190758205261,0.764891636570897)
(-0.563492734269374,0.546394647365952)
(-0.687486074594397,-0.760506209193137)
(0.647963029201026,-1.53992000334745)
(2.06483356095926,-0.686931370679492)
(2.04657915697699,0.912067103032936)
(0.847324466045891,1.61460064906854)
(-0.0843051239444691,1.10535945487390)
(-0.101126493773921,0.440160764740600)
(0.129898088316035,0.324042227006171)
(0.00760410762851097,0.321624574101482)
(-0.0902782959918742,-0.0697296215259808)
(0.348187336740416,-0.457148422731374)
(0.963209933074981,-0.227923619674571)
(1.04391834388449,0.386035121639832)
(0.649085172744335,0.657842651096871)
(0.441383649822738,0.515817791401713)
(0.537439719400889,0.553589153274765)
(0.339214074432140,0.889426022678614)
(-0.323021227543965,0.837903686317309)
(-0.666358465862185,0.0607456062428145)
(-0.0804678133338514,-0.654416261578919)
(0.795500125226958,-0.408142149748730)
(0.857582483323191,0.443876022710419)
(0.120802314035798,0.735695086218984)
(-0.321948631190256,0.171652973650733)
(0.0524159967267074,-0.308806889913325)
(0.473468129382444,-0.0420310366111157)
(0.188761890946807,0.344161366464077)
(-0.287374862044221,0.0135983673589359)
(-0.0116364041195701,-0.634924268400316)
(0.775228606851958,-0.534713265067179)
(0.903118754391965,0.294663522226003)
(0.119294379928107,0.638918831049352)
(-0.395365480691857,-0.0462999313805308)
(0.186813821499197,-0.686845332683337)
(0.962039457211590,-0.192353904249187)
(0.604333703732754,0.766246530233400)
(-0.514812497737002,0.668545892795432)
(-0.744534788684517,-0.477560293645849)
(0.322079220843131,-0.978360567292724)
(1.05702351219985,0.0181194928345509)
(0.164047621159661,1.07561844452531)
(-1.24239676143324,0.497631797653442)
(-1.14973096166258,-1.03226631441645)
(0.267565754739339,-1.28153164721086)
(0.645095284662543,0.164375268881924)
(-1.14673205446681,0.932488768796863)
(-2.98399055996944,-0.962239166593731)
(-2.02514028269751,-4.08154360879281)
(1.46070441318797,-5.04592158120248)
(4.20930902899057,-2.71119737069729)
(3.89246681278630,0.512140063736329)
(1.62421179810154,1.77243268084094)
(0.0233594611970019,0.969056090918507)
(-0.0928638212097965,0.0304579690445685)
(0.0324191066695507,-0.0659877855048950)
(-0.449815993110358,-0.185458506296910)
(-0.759812505380781,-1.09658127918763)
(-0.00851401335359603,-2.04162275961465)
(1.21509883189304,-1.89815489682277)
(1.63495875677360,-0.906640748199962)
(1.09010612637112,-0.298115998985104)
(0.598587266083683,-0.534971822547754)
(0.765263021090979,-0.856456255344044)
(1.02865690351736,-0.618990370812996)
(0.713743952672688,-0.249297403293904)
(0.102552532041536,-0.487858034114367)
(-0.0224048417860788,-1.27659823330995)
(0.558781666962472,-1.92364328064396)
(1.42905916167108,-2.01214016552186)
(2.21099399206371,-1.59257501142894)
(2.70948430182851,-0.729423803226659)
(2.55491665651625,0.451281432121938)
(1.46874336553595,1.29314551234960)
(0.0382721598158428,0.967475439884420)
(-0.495806131346154,-0.370568688047918)
(0.314887117465885,-1.40297207284817)
(1.41103486745492,-1.16219753502883)
(1.55265197448905,-0.276200660259362)
(0.965118241390967,-0.0157824249243428)
(0.840143457168493,-0.417008690986437)
(1.36133633791034,-0.330771735843850)
(1.32885092913886,0.579367102529270)
(0.140971698848206,1.02983611649672)
(-0.918113759317236,0.0248653736959388)
(-0.398980713151851,-1.31622231653296)
(0.922545896049360,-1.11867190251844)
(0.833787161619145,0.341507532518598)
(-1.02638076581747,0.643644770080664)
(-2.21243531379924,-1.32463197669144)
(-0.796350414014893,-3.33045182724319)
(1.47648292849131,-2.62977948162594)
(1.11254843752036,-0.159618528081851)
(-2.15761185514327,0.0345744506941069)
(-4.21309235060360,-3.93252892766170)
(-1.39422169149636,-8.69548631379770)
(4.65626869701917,-9.23698393822238)
(8.60780493474732,-4.86963240015429)
(7.61251885531054,0.0304299076585916)
(4.22307192286036,1.35331935788572)
(2.69245027987933,-0.286866209716140)
(3.86453683948313,-1.28538723845647)
(5.06530718615721,0.0298225992663929)
(4.25836722640388,1.87846815725882)
(2.44274128989111,2.14522445484314)
(1.59024456030887,1.17520866110958)
(1.80470566777359,0.623275390969802)
(1.77462163134283,0.769256200622572)
(1.24470235355304,0.478393037744214)
(1.42106332527541,-0.494073203528546)
(2.76377507917641,-0.739290676329626)
(3.77480830744012,0.695513320553864)
(2.88280691528002,2.54472260988512)
(0.765203008368122,2.75192034237741)
(-0.375309539410913,1.20968480221723)
(0.304495003652881,-0.103784315111694)
(1.28501638209377,0.164386051310697)
(0.949645227241764,1.00000517668832)
(-0.132983180375997,0.667967409510416)
(-0.147536243120776,-0.666493706287252)
(1.18736309078385,-1.12390343146473)
(2.01870517058139,0.126316079059054)
(0.896950636869698,1.46312595618252)
(-1.06164016142004,0.879224049883945)
(-1.51348938556208,-1.23548662707637)
(-0.0554719838500310,-2.49674717985105)
(1.11499862826082,-1.77338293185592)
(0.183806864575859,-0.951893299643357)
(-1.45708870190118,-2.59872206085264)
(-0.471061078144343,-6.25907952146772)
(4.24539565527280,-8.21551329707068)
(9.55306240818293,-5.46604886107922)
(10.9892697111791,0.606719912458756)
(7.49038666921277,5.31988368619094)
(2.50662766629944,5.46379254402780)
(0.250235668893642,2.37337187614702)
(1.43929219095042,-0.0455561150898137)
(3.28381502491935,0.230411603566052)
(3.29222228566951,1.63923115661188)
(2.09758490345531,1.70001707377788)
(2.08804008935622,0.388125806291018)
(3.94062276707457,0.0318482953054028)
(5.55156401421660,2.12348361764433)
(4.59189100257252,5.22234179731211)
(1.35937025545418,6.52623259793121)
(-1.56196335584964,5.03118749874705)
(-2.21181821938210,2.43309945122173)
(-1.11975087097360,0.969515837248569)
(-0.176912356420958,1.07254263772033)
(-0.321684507034073,1.48045294786482)
(-0.876181735541619,1.13966306369947)
(-0.861444106405966,0.310316388222875)
(-0.243067101688976,-0.164493961389640)
(0.319684233152569,-0.0312701163509804)
(0.451427257188243,0.287526603259984)
(0.338425007479431,0.428930995953411)
(0.220099481050941,0.429930789428237)
(0.0759259574044113,0.381660949695927)
(-0.103951738948700,0.175932988835481)
(-0.0981309628943406,-0.225971938037822)
(0.251309618657693,-0.543421742377164)
(0.699832437281937,-0.470850014331082)
(0.831295281021298,-0.131422273108257)
