840254377093000239632447060594.
0.040000000000000001
(10.7976189211607,-10.4564231599695)
(12.1749473860854,7.90887181104211)
(-5.62608043281158,13.2539652853542)
(-14.9318828572007,-3.18466458049085)
(-0.841187680352856,-16.2340264174171)
(15.3584185645203,-5.46661299562835)
(8.67822954995427,12.9897305850047)
(-10.9451193292273,10.8990218076761)
(-13.6052588228810,-8.64991913643436)
(4.66934928840014,-15.7702429037771)
(15.6650182897054,0.359596161310651)
(2.27032534052940,14.7311458623771)
(-15.1013765889811,4.80472127530128)
(-9.66038396391894,-14.8218253812515)
(10.7546627053932,-14.6300841063582)
(15.6956108231994,4.79487172159399)
(-1.42503680980787,13.9490953586465)
(-13.7358294113700,-0.302528330447259)
(-2.53925486566412,-15.0511920802199)
(14.1846804094786,-7.17312269341511)
(10.0684053590330,10.9820314864800)
(-8.67791168525815,11.0460020207862)
(-13.0247512806520,-7.20439361270241)
(3.69687802434402,-15.4813733124333)
(15.3194733045329,-0.958840266470168)
(3.41014772353998,13.6080234739081)
(-13.8899273236450,4.96575421967738)
(-9.57083241989662,-14.4581433073592)
(10.5495761439715,-15.2991500196939)
(16.4625490522035,3.74784974422152)
(-0.239835886766228,13.8878688091821)
(-13.7541160990838,0.198239947640257)
(-3.72018978409555,-16.0031238129653)
(14.0947632907560,-10.3417216924884)
(12.8784346612551,7.51772676547933)
(-3.86220860400470,9.82172099480217)
(-8.65738327363169,-5.80925972713704)
(6.42415820286478,-13.1320391833844)
(17.2332862214212,1.09793216880707)
(5.45853500141002,15.8657479806840)
(-12.2672832824015,8.34359054447451)
(-9.67406195503368,-10.4210841988982)
(8.58697686103898,-12.2546195611185)
(14.1633243346045,4.81736471625742)
(-1.22891763681518,13.8917708366784)
(-13.5062676734905,1.09971148609610)
(-4.21496103265019,-13.3197366368165)
(10.8610932189639,-7.44112934148693)
(7.31358289695757,7.63243423402944)
(-8.51389839636586,5.68031720283596)
(-9.01626471993973,-12.0127909800136)
(10.2930504998688,-17.0535461400222)
(21.4816830355299,1.68627272415432)
(6.38935906936355,18.7657887305557)
(-14.3881325822051,9.67510255922181)
(-11.8081233017076,-11.6852955256601)
(7.63623630240561,-14.0822545404741)
(12.4904338887721,3.02017219838590)
(-4.07289539579476,9.02053100046971)
(-12.7709434009791,-8.94950516965767)
(5.78088072720618,-23.6625597489002)
(28.1467858590081,-8.64771297337584)
(21.1337769972618,19.1001433250425)
(-7.37211377720385,21.5766661463113)
(-17.7609222235117,-4.07473875075062)
(3.63692682128031,-20.2804017281587)
(24.5097765795496,-3.90089733926365)
(14.5102895791408,20.3584236963523)
(-10.5987988722935,17.6394267699403)
(-14.1870141991455,-5.58915263172228)
(6.07559516120234,-13.3434885804513)
(16.6856508181901,4.47413245190963)
(0.942001183264333,18.0719792659695)
(-15.9433579084194,5.18012949229523)
(-7.05445518441161,-14.3612851663486)
(13.9666133042231,-10.0015609804714)
(14.2046051105366,11.5738652401565)
(-7.11605643254934,16.6366226753185)
(-17.1829494847603,-3.14982322468215)
(-0.471645886974947,-17.6292309929011)
(17.0884096075400,-4.90884494256879)
(8.38131982476088,14.5766831049293)
(-12.5960449852939,9.80464022991802)
(-12.3206063001149,-12.3533217606024)
(9.93754592578940,-17.4020618689295)
(20.4104362800791,3.18206121159728)
(3.01198762990043,18.1651223898152)
(-15.2902573027744,4.61614106544406)
(-5.84559406245984,-16.2462585902707)
(17.0465922522007,-11.4479639117294)
(17.6814090350267,12.5080070455827)
(-5.80838398444864,18.9761711675395)
(-17.8135698764418,-2.46357745638212)
(0.319841439184419,-19.3064964014292)
(21.1859288413095,-5.54058601706278)
(12.8267922360320,18.2673244776384)
(-12.3471778164628,16.0801492832545)
(-16.3926301195751,-8.59408967881827)
(6.17870366277316,-18.1569674167810)
(20.1889085956131,1.37891523887341)
(4.03815135341793,19.0072859797184)
(-16.9144263510157,6.58988907471738)
(-9.23567849958808,-17.5249942506128)
(17.0316496105561,-16.2200730085374)
(23.2615899075509,9.74081820246950)
(0.729419973440310,22.8595796332058)
(-16.8019241842150,5.75945623796956)
(-5.01534393465405,-13.5006244408057)
(14.7566294243776,-5.68277850183274)
(10.1069183474072,14.8764047101389)
(-11.6364391811700,13.8846057275980)
(-15.3458090571969,-8.48147487241102)
(6.24168265494511,-17.4615196888844)
(20.2905147401672,1.79251317480436)
(4.68276832251545,20.1773655191163)
(-16.9813252680342,9.21101935957527)
(-11.2678442645271,-14.4789292465301)
(13.2085534922105,-14.2439211437025)
(18.4941972587238,9.91584718594048)
(-4.20910996782360,20.7470744392689)
(-20.4111791735971,0.909691855046250)
(-4.99890178659160,-19.9086198512753)
(18.9881929517223,-10.1532759674026)
(15.3887358659564,15.2143668966300)
(-9.76165275392134,17.5744528922323)
(-17.6091565649322,-6.19822495297123)
(3.83772603785190,-19.1453346678526)
(21.4805500563842,-1.14209022674032)
(8.20490854608109,20.3316849679437)
(-15.5812351304166,12.7233946698873)
(-13.7685501337196,-11.6241695334189)
(9.79183120785561,-15.0628053076139)
(17.8335392799151,6.94294836236711)
(-2.09357397446773,19.1872486293964)
(-18.2906668392580,1.96467678217313)
(-4.57083451400647,-17.8603367727590)
(18.3379382330716,-8.57445500579515)
(14.4688801948907,16.4813071882640)
(-11.2652121858248,18.7673696406142)
(-19.8002617642191,-5.84953816162618)
(2.07177340822079,-20.0263347235337)
(20.9385389188106,-2.09187640129742)
(7.85659627142514,20.4322368835008)
(-17.1034179774640,12.9726775368760)
(-15.6834735105121,-12.9268833598309)
(9.65896537287731,-17.4242808813873)
(19.6189423347796,6.16125681822972)
(-1.20821796179172,21.0945169700538)
(-20.5213676192701,4.07525277028598)
(-8.32013153308196,-18.6637446670539)
(16.5718586956794,-11.9399093516449)
(15.5695779097998,13.8116114321442)
(-9.84281332032254,18.5589305313298)
(-20.2188488087556,-5.28371861515269)
(0.771569572999288,-20.8696984682300)
(20.7917971363829,-3.88352443549054)
(8.71424570707937,19.5661202554714)
(-17.0110499550285,13.0900238847735)
(-16.5937198803995,-13.5706109678164)
(9.52908632841103,-19.2967369037788)
(21.0761328386528,4.87592245085291)
(0.0898858373901552,21.6408934697408)
(-21.0881644453650,4.93746670830795)
(-9.61846761903791,-19.5967351818663)
(16.9613560495721,-14.0358236727221)
(17.6154381564586,13.1574416901548)
(-8.76162461567911,19.9925397158079)
(-21.4372159198866,-4.18481107676361)
(-0.734556547977549,-22.0447722637165)
(21.3840814721482,-5.88424709965504)
(10.5987931006097,19.3931047324169)
(-16.5835256991807,14.6062384240020)
(-18.1436434649123,-13.0504554132010)
(8.47186778229691,-20.9145788627110)
(22.2111030759424,3.23024112679377)
(1.81228645128246,22.1243153598349)
(-21.2253456796170,6.58249370594578)
(-11.3374965576735,-19.2795411652558)
(15.9363241826321,-15.3546096620467)
(17.9375116200619,12.1428195704775)
(-8.78807451094355,20.0604006639669)
(-22.6924260653567,-4.68915030947125)
(-1.50613110659067,-24.2865423804137)
(22.7527796037379,-8.22507091005159)
(12.8169158748990,19.1351292061931)
(-16.0632362570136,15.7072781026974)
(-19.2317045263700,-13.2875051948435)
(8.47205576102124,-23.0145293805378)
(24.4381395115464,1.86544030259785)
(3.90262926576556,23.2811557450263)
(-21.6945305746921,8.34996406052118)
(-13.1554413909925,-19.8167806176878)
(15.8838344090905,-17.8487234918760)
(20.1318705741419,10.6442972295889)
(-6.88072078390104,20.6149509672524)
(-22.3743315316092,-4.20554098569304)
(-0.803270809952395,-25.2728264871272)
(25.5362706871627,-8.60696158920217)
(15.5872838324754,21.7590577516335)
(-16.6532070402569,19.7027009272604)
(-22.5952289784231,-12.0096878279174)
(6.60428603274217,-25.2269510998561)
(26.1020255043973,0.0358288826405103)
(5.95421108618385,24.8167569807933)
(-22.9046571144386,10.9457828069397)
(-16.2304296417991,-20.3144092451122)
(15.4522558076816,-21.0933019214018)
(23.2209914672628,9.25481712565391)
(-4.56726125746020,23.2650727608690)
(-24.2191540508908,-1.03999223458401)
(-4.45929604980971,-25.8357184638778)
(24.6677350145537,-11.9326656789076)
(17.8496411156937,20.1012780706750)
(-15.1597011943190,21.0732290909882)
(-23.9053130345390,-10.8532476272181)
(5.11136537225136,-26.7539623432306)
(27.2188941445319,-2.11726939558594)
(8.17453297800827,25.0920374128497)
(-22.8299596660038,12.6928526321541)
(-17.8697354899117,-20.5048039181964)
(15.7199824978282,-23.3359847890418)
(26.2508549588146,8.85548199475150)
(-2.80443737051510,26.6699968621991)
(-27.0883165386252,2.51012523955717)
(-9.40955103795883,-26.8102630386990)
(23.0138368171808,-16.5677591392372)
(20.4037806676513,17.0774355178472)
(-12.9623117028256,21.9995264003654)
(-25.4089900185413,-9.60424722590548)
(2.50703113893604,-29.2982521228790)
(28.2285398775498,-7.11635074012156)
(13.0445278696429,22.5203646382314)
(-18.4012675224105,14.4180952556380)
(-16.8735836239208,-17.4969650158675)
(14.7885014763842,-22.3090828810372)
(26.2160866188014,8.24755328480701)
(-1.71832616644569,26.5706962922988)
(-26.4885641990084,3.30243735065340)
(-9.72874003701335,-26.3867639396479)
(22.6946401103034,-16.9752602203760)
(20.3717894834251,16.3422026320011)
(-12.9611504662521,20.6529966536458)
(-24.2722878951498,-12.1592742951726)
(6.51339530852142,-31.4560083505940)
(33.9541855681131,-5.56629291840645)
(15.9838161623552,28.2481186664181)
(-21.0140525648732,19.7877361155522)
(-21.8486589067152,-17.2848559264834)
(13.2099188022754,-26.2769970146190)
(29.2350675154186,5.53422515887328)
(1.60540586817499,27.7273312524563)
(-25.9904752776443,5.20820336126488)
(-9.58824611322032,-26.9676527082059)
(26.1002739030907,-17.8036855673038)
(25.2614357763291,19.8257847421570)
(-12.1625052836452,27.9569313644477)
(-29.0943906148064,-6.85866042852607)
(0.965310357715684,-31.6068890051302)
(32.1031284623749,-7.88292371981251)
(15.8472225233209,28.1970038436088)
(-23.7493845542020,20.5123249374608)
(-25.8927149915009,-20.7043036660222)
(14.0489623520146,-33.5147360863046)
(36.9015143043855,1.58465215494970)
(9.54712347867897,32.0142121300584)
(-25.1885857810919,13.4484441425907)
(-14.8404021356735,-23.1287100701720)
(22.4838024072878,-20.2564469537535)
(27.2147513270099,17.1583673320028)
(-8.89325019032752,30.1036936473494)
(-30.0335807921031,-2.46396168447540)
(-3.19885685833280,-30.6507800049485)
(30.2364005165340,-10.9764976383726)
(18.4727339476175,25.9374515325441)
(-20.2677147976560,22.6404942462528)
(-25.8714865232537,-15.9850671898419)
(10.2863521778051,-30.2620430670718)
(31.9144025664836,1.33895858917625)
(5.78369798443334,28.4526406282379)
(-25.7226658493519,7.63567493044151)
(-10.4707010150206,-28.5055063903509)
(30.5785973630735,-20.8234321373969)
(33.5500341039038,23.3576967626691)
(-9.51503327131108,38.7215651348730)
(-36.0218753357205,1.47095756373731)
(-7.34888722539383,-32.8646948867501)
(31.7262218781159,-13.2858954782605)
(21.1022983097575,28.7418405769826)
(-22.5476937617559,27.5236825912867)
(-31.4097861572695,-15.7445403490527)
(8.85633142524358,-34.5839960343491)
(36.5647233894806,0.271339509492364)
(8.91062454970047,35.2589999754927)
(-31.6345757309496,16.2045713764434)
(-22.3626346038247,-27.9017783580500)
(22.8840629275422,-29.1566170276581)
(34.6715618035219,14.5787207809451)
(-5.03497808213009,36.1126952545092)
(-34.8961066863741,2.52610448782074)
(-8.92896421503244,-33.8763534605128)
(32.1915779199594,-16.4622554784162)
(23.9843878685618,27.7077902738555)
(-21.5203558861103,29.3865350712661)
(-33.6582341839581,-15.2622114681819)
(7.41195836941171,-37.7335672649465)
(38.9845077661413,-2.88395233558989)
(12.1942430953582,35.8131094382991)
(-31.7029676622984,18.1159863060455)
(-24.0377732572516,-29.3590638398542)
(25.0168055008189,-32.9892241985715)
(40.8662770402783,14.5304352623300)
(-1.25261001730960,41.9791340802967)
(-37.7911836669289,8.44178436573385)
(-14.1986799998348,-33.8931476414008)
(31.3741575601243,-20.1351157873833)
(27.2498676753013,27.2537800812468)
(-20.6884111039272,33.3350513583860)
(-37.7789861208760,-12.9370608384458)
(3.71153096787187,-40.8606500068348)
(40.8088758031186,-7.08445309285515)
(16.5939907863910,36.6854956704835)
(-31.4373677964928,22.8942254448725)
(-28.6400003534139,-27.2945509828252)
(21.4016910286557,-36.0546855038211)
(41.7917287440675,10.9606018509882)
(0.868828868079996,41.9322315914505)
(-38.5362621282804,9.52188743647363)
(-15.9649854925199,-35.7736000492816)
(32.9675070530761,-23.5783404564723)
(31.5107544582286,27.0916570753813)
(-18.9045260028109,36.8156903956589)
(-40.0271914214066,-10.8755638522322)
(2.07127242832648,-42.8700983928921)
(43.3755016040697,-9.14587622748365)
(20.1491157095132,39.0117825529955)
(-31.9983314599713,27.4296913069070)
(-32.3362887514668,-25.9706944341623)
(19.9352608319995,-38.0502381865890)
(43.4643129952033,10.8569838102238)
(0.387809725590080,45.3461804238108)
(-43.9111062985490,10.8821469122685)
(-20.7321238912662,-40.9950608461857)
(35.4544874070643,-30.9618991640562)
(39.1078152962311,25.7979659352639)
(-14.7873272228769,42.3862048575649)
(-42.7831150303902,-5.98553717609644)
(-1.86886551937599,-43.6696410695444)
(43.8028208066870,-11.7957414273423)
(22.4181408073038,39.9998695655858)
(-33.2980190179684,30.2930802094307)
(-36.0189336857136,-26.8877554982872)
(20.0426509224443,-42.3846276090835)
(48.2929863099122,9.72798657353493)
(3.32271311525557,50.0156473604242)
(-47.1322388325338,15.3834863381708)
(-25.2861926013448,-42.2373213984572)
(36.0001359709961,-34.4212245217505)
(42.4479104180256,27.1593112449895)
(-16.3022101730439,47.4963125257842)
(-49.6171622099359,-5.40753128499830)
(-5.37528209163650,-50.1169850340924)
(48.5451822373723,-16.8963074463837)
(28.1985293590560,43.6721657146246)
(-36.0755536285971,37.6265824013855)
(-45.1319883564018,-26.8977853814523)
(15.8990836646201,-50.8124623619665)
(53.3268518154610,3.29676518391232)
(8.90699626534481,52.2537840057927)
(-49.3000429260135,19.8564514518749)
(-31.0205575049202,-44.7811512098454)
(36.4007107532687,-42.0176445185787)
(49.1909002167427,24.1917346286107)
(-12.4295721441367,51.3535400525192)
(-52.5126082219298,-3.20420436994464)
(-7.37270675649725,-55.0211870981178)
(54.5557602380971,-22.2494927320055)
(37.1335020288039,46.6809577263355)
(-34.2982632737518,46.2245748868429)
(-50.4387711745804,-23.1565346972696)
(13.4005581967279,-54.3418736264665)
(57.9980845007524,1.32933038236930)
(13.1013132511547,57.7187459155294)
(-52.7559025177227,26.3437692760983)
(-37.0946617784898,-45.6322713867217)
(37.1332654856982,-46.7605167488260)
(55.1611677263929,25.9108116053318)
(-12.2280554317418,60.2944185954848)
(-61.6277960874921,1.95416460183410)
(-15.8115236220649,-60.0439463918005)
(55.4918004728289,-29.3825576754105)
(41.6601258487659,47.5972294652023)
(-37.2305382401495,51.6006874919856)
(-59.4101869220724,-25.0934822401302)
(10.7136589741491,-64.6847789702378)
(65.6508898362855,-5.12765117907532)
(19.7453493913206,62.2875896376428)
(-57.0557183018496,32.4166047657817)
(-45.3581545848905,-50.2875635805219)
(38.7778583379205,-58.3544155106401)
(66.6260308745680,21.9028263585891)
(-4.85018469699191,67.4984919105302)
(-65.0113268320453,8.14797419994385)
(-19.8133135985735,-63.6377079793130)
(61.1721725751660,-34.5482533138367)
(50.6630728653015,52.6535558061096)
(-38.2562571917301,62.8064894986204)
(-69.4048479447058,-22.2639515438758)
(6.56007869629356,-72.6895480158490)
(73.3346557552350,-9.92501778936639)
(26.9031063255147,69.8659387683486)
(-62.1831972670171,42.3682056672533)
(-55.5578373905446,-51.6168657057728)
(38.3952234332720,-66.6880946498382)
(74.7350304587680,22.2609594495222)
(-4.50950575521323,78.3895515297187)
(-77.9980646346785,13.2193735194294)
(-30.7663077485360,-74.1704517605883)
(66.1102591917145,-47.8488013302088)
(62.4975715937578,53.4992798667054)
(-38.0653753301535,73.2109827078518)
(-80.5703062538942,-21.2555058173576)
(2.63667089248686,-84.7966262456880)
(84.2253310271054,-17.4843526933887)
(36.5541113296857,78.1958319374396)
(-68.6628337199892,52.9390571774377)
(-67.7218066224411,-56.8250832500694)
(41.1159006390420,-81.1891438324762)
(90.5618394676249,20.8028894657584)
(1.42763194449043,93.5558767138158)
(-91.2169841909501,22.8007459170085)
(-43.3129287727840,-84.9186328726544)
(73.7004870965603,-62.9347769760819)
(79.1704938291629,57.1007994281308)
(-37.5463536980653,90.0513592154315)
(-96.6381221437317,-17.2698693476031)
(-4.32505908945491,-99.9875931746143)
(98.4445074094206,-27.7488879428661)
(50.6787819619224,90.4111509184002)
(-77.0969610952990,70.5166164926157)
(-87.0142713531295,-60.2327438676735)
(39.7422736519195,-100.197289863039)
(108.402728838242,15.7828495434231)
(9.58871491762610,110.409746776782)
(-106.873864511121,34.6329888808708)
(-59.0730670343468,-98.0360568032369)
(82.9538249440421,-81.6054651795082)
(99.4551483130702,62.3962487796159)
(-39.1533724506886,111.791190814473)
(-120.063656632990,-14.1188401696302)
(-14.1496653991592,-123.597814774892)
(118.930738074137,-44.4698687593351)
(71.8749696804104,105.329990117601)
(-86.7452518621159,93.4635141310605)
(-111.236496950187,-66.0204852048078)
(41.3096641967445,-126.705000079281)
(136.759607178269,10.8956643034080)
(22.2991607627442,137.785463718732)
(-130.324464165373,53.9739294578758)
(-82.9006245233183,-116.707029761378)
(97.1550148005786,-109.240401798359)
(131.309891735610,71.1241981074972)
(-39.9788801378963,146.808733604920)
(-155.024134645253,-5.83366756053433)
(-30.1497634796173,-155.695980243926)
(147.815139968354,-66.4876400347729)
(100.506284740304,131.175209080404)
(-107.111389131964,130.100055758143)
(-154.355935818388,-76.7287485410136)
(40.5528213660044,-171.833938908486)
(180.596159876971,0.308429418857116)
(41.4438679759081,180.130196218466)
(-170.653999331958,83.3247714523470)
(-123.925040847712,-151.000916166320)
(120.538809994761,-159.315535983185)
(185.577180750117,82.4732362494709)
(-41.1021856039439,203.193937706209)
(-214.522639810854,3.66382271556817)
(-54.3097227684081,-217.344223876216)
(205.982583891157,-108.445210477575)
(158.660474035580,179.044611801908)
(-140.997219406513,200.069923046158)
(-232.996650296304,-95.5053583052417)
(42.2910740600151,-257.464134600081)
(270.104583035316,-18.3354176319090)
(82.5990379271812,267.958819218037)
(-251.061864741509,146.401980925131)
(-207.415909791670,-219.875809836602)
(173.834102828852,-262.793284429508)
(308.177255233450,113.663526649895)
(-42.2319684834395,340.045940448023)
(-356.496522369512,37.5554340695095)
(-123.277076796065,-355.490790507012)
(334.697819365585,-211.426184900059)
(297.439280043347,292.974420837319)
(-230.304312168099,376.899230492116)
(-445.315161489587,-147.076322154331)
(44.6296140465977,-497.804779633361)
(529.838228707752,-74.6648395055719)
(208.050945496999,537.019972608840)
(-514.752775435349,351.679886437742)
(-500.891060160364,-459.556089526129)
(367.592197401470,-652.418609934575)
(801.117294167276,231.245999516096)
(-45.8236334858219,935.919918999297)
(-1056.48189821011,185.888326453342)
(-493.787018372020,-1187.57670004668)
(1305.93530024060,-996.740557419064)
(1820.31022980276,1188.16034274039)
(-417.256819601635,2808.97459211849)
(-3324.91889979303,1231.81450026262)
(-3281.97867200131,-2573.38824368521)
(385.170865226541,-4580.84000235605)
(4130.37069473252,-2323.54760846807)
(4089.12509539859,2024.62938614166)
(522.484070089862,4062.34060599952)
(-2642.46501174442,2172.98263914151)
(-2477.97966123227,-969.347426041910)
(-102.050045344526,-1947.07161589001)
(1317.82405683996,-490.274809485201)
(564.810751446205,927.185943512419)
(-705.271544980343,614.362288773428)
(-679.246155287695,-508.228700094174)
(303.804003652982,-706.433553813286)
(685.064745424510,120.440145545636)
(32.6941653553667,635.699829522574)
(-566.584979078662,162.877994400107)
(-268.705295267649,-477.473164836919)
(375.450631018446,-345.131850700545)
(394.061531266236,269.556213503870)
(-163.472652679241,419.234646481186)
(-421.248307896423,-60.0187273867594)
(-35.7086300085653,-401.422559195518)
(363.594148780443,-119.692119282870)
(189.854433388672,311.352246641323)
(-248.039362550524,244.030547234270)
(-280.929452990701,-178.183311243928)
(105.703585101617,-301.292660511981)
(305.604362305254,32.9234380226293)
(36.8027296260483,293.428370348208)
(-266.483211213981,98.7948483178765)
(-150.602801384130,-228.783386156227)
(182.854026399331,-192.152982266293)
(221.997365528757,129.743612382251)
(-72.7798042344899,237.774563666165)
(-240.203101468055,-16.5773141745601)
(-37.3146598316459,-231.637411723396)
(211.316713481436,-88.4786123318722)
(132.213242793378,177.916303370054)
(-136.154406252727,162.534263168117)
(-180.341400411736,-93.9983449062634)
(53.1037925757554,-191.654204393165)
(197.248944464300,9.01718518080318)
(38.3041184861349,191.142853021398)
(-170.707520129804,81.2711720466077)
(-113.766850215923,-141.461062227397)
(109.589456826369,-137.070506855554)
(154.324563572897,75.6670079805929)
(-38.4276166952612,164.691920044495)
(-165.863601715285,0.281657988382370)
(-37.2050511083126,-158.012954143676)
(142.579194832581,-70.6248082425835)
(99.3257669764595,120.325220462869)
(-92.5271550109188,121.517265569022)
(-136.363778077999,-61.5035293921334)
(28.8108110662296,-144.251993724470)
(144.867608095286,-4.83608711717373)
(37.5446591439580,137.346710335369)
(-122.467096893943,66.5706563248787)
(-90.6486322605058,-102.310090747083)
(77.9764289384652,-109.702617555891)
(122.748498492459,49.9600927769864)
(-20.1094444441055,128.513789361294)
(-127.385616022799,9.25258750548105)
(-37.2767623590473,-120.333740350825)
(107.020660149140,-63.2680260046394)
(84.7883826008034,87.5107604209626)
(-64.4077638558957,99.7970720450355)
(-109.235807238805,-40.4581904981406)
(15.5027573593761,-114.626596172082)
(114.668358666533,-11.2609352973257)
(37.5956011788480,107.306151398481)
(-93.6515561701136,60.0106289201626)
(-77.7896047642031,-76.5986812506395)
(56.9129421010934,-92.0141772628090)
(101.922870520955,33.9533544663722)
(-9.06069560249291,105.541649045879)
(-102.895007938040,15.0090611115643)
(-37.0947939170520,-95.5449460282254)
(83.8791200520351,-57.2250296946736)
(74.2146807178513,67.6070301659826)
(-47.9726384803787,86.3393035497684)
(-93.4609683349540,-26.9549949960244)
(5.25186387842921,-96.1832170213924)
(94.0158411131035,-16.8050661367113)
(37.5811959497557,86.4437860834159)
(-74.5127210334475,55.3684603533505)
(-69.9013609171214,-59.5143525022538)
(41.6289186195418,-80.9772441699008)
(87.3195491197018,21.4729390568501)
(-1.08143302928218,88.4117587406670)
(-85.4459464025708,18.2208087323010)
(-36.7778884402147,-78.9644333283681)
(67.9202765947690,-54.0285648355511)
(67.5751871297491,52.5225717714297)
(-35.2399424988698,76.3215744416577)
(-81.6014945440389,-17.4211849939971)
(-1.93076085249755,-83.5786370827109)
(79.9199010522260,-22.2488826120102)
(39.8124399353471,70.1112449960143)
(-57.5732585403560,52.3888919446582)
(-62.0333919572066,-44.9747197314900)
(30.8111592927115,-70.6724493346123)
(76.2586532242469,13.3618646120594)
(5.24022879220575,76.2006732870268)
(-71.4803844112218,21.8885735524863)
(-36.4706677807300,-64.2978821657222)
(54.4330485232067,-49.9090196965424)
(60.9151694082814,41.0096742497069)
(-25.4135664737501,67.7051119074417)
(-70.6651433872809,-9.59700289437117)
(-6.32799869501335,-70.6812403294378)
(67.0299862298496,-22.3802391507104)
(36.8637555173837,59.2325235397366)
(-48.7386132755021,48.4074784901929)
(-57.5531218843300,-36.7449880110067)
(22.7197253421441,-64.4672247798016)
(67.6006324915309,6.82999122303748)
(8.81405888870325,66.3011230521905)
(-62.0137899691361,22.9419326203435)
(-36.2678794674348,-55.3625271598010)
(45.1058725208247,-48.3939797902616)
(56.8299735013143,31.5243562653782)
(-17.4913379146749,60.7268548371689)
(-62.2030391768671,-4.47796233031283)
(-9.08729944481833,-62.2520898742185)
(58.8260862439872,-23.7619009038019)
(36.9530793095558,50.7745776031173)
(-40.1361430305889,46.6558657256178)
(-53.7717349878097,-28.6761937337552)
(15.7287239044431,-58.9000066504297)
(60.4754454099869,1.30773149078466)
(12.3172038130849,57.9804406955984)
(-53.3485672431844,24.0533491469535)
(-35.3339989428660,-47.2832471914380)
(37.8688566462417,-46.1845493023424)
(53.6727173612828,24.7433414422785)
(-10.9518179542481,56.2138908829464)
(-55.7825161979972,1.26973277701876)
(-12.9391945862605,-54.0098028558733)
(49.7500015835011,-24.8212906773074)
(35.2179339684043,42.2799718559257)
(-33.1890909644947,43.0193887508683)
(-49.2697117992227,-23.3354807312915)
(11.5641960577874,-54.0209872143758)
(55.2505923032188,-1.97037403290459)
(14.8096755307145,52.3568573058066)
(-47.1195746586542,25.7646524943698)
(-35.7664105629921,-40.1446775598426)
(30.2733206655771,-44.3020605203016)
(49.1619670580582,18.3154907799492)
(-7.03262157634969,50.5124804099367)
(-50.7512608083960,3.34051430284657)
(-14.9306222318203,-49.6457167380034)
(44.4667300116008,-27.0086468381289)
(36.0427205337992,35.5509436716392)
(-26.3856286450142,41.5723963662906)
(-46.4490863278104,-17.4779656958593)
(5.98378674797823,-50.4617900326107)
(49.8198774689883,-7.62171266023625)
(18.7664006664851,44.1490593740115)
(-37.6673736264211,26.0002186196455)
(-32.5802335948191,-31.9486184224909)
(24.0980061582881,-39.3611143014949)
(42.9626693471226,13.7917957636850)
(-5.01202067820512,42.9847510597266)
(-43.7729013340495,1.63166000129261)
(-11.0456074745843,-46.1190325807875)
(44.2895329143098,-24.8357597709970)
(37.1449958041708,34.9429370577686)
(-22.5403856850185,43.0387927978714)
(-44.8025489454057,-12.0848027040233)
(2.59406742141002,-46.0674507119497)
(45.6975666100594,-8.23635538007902)
(18.6932959602947,41.6918079049444)
(-35.7191638194030,26.6400923615871)
(-33.3960466298618,-29.5398465336910)
(21.5993205604501,-40.0374360236526)
(44.3041304895101,10.8800903572944)
(0.201452495779482,44.5513456708837)
(-42.4641536253301,9.73551715524546)
(-18.7280381423559,-39.1992463552922)
(33.4698199290961,-27.2426037301775)
(33.0866702784315,25.6502224491937)
(-18.5609835622131,36.4683940998219)
(-40.4956451955124,-12.0209120432142)
(2.28646474423917,-44.8366477276549)
(44.7128957842297,-10.7941039031429)
(21.9990829804183,38.5862438612614)
(-30.8493163715455,28.5049906118090)
(-33.3308474010904,-24.4259479137391)
(16.9574309554134,-38.5744263766397)
(41.6487264813399,6.94671694867106)
(2.81124306708503,41.0178939186150)
(-39.1819529448704,10.8155016728261)
(-19.3946836312949,-37.0146462757021)
(31.6205301978687,-28.7786351459153)
(35.2436925479795,22.6834761487934)
(-14.1626845278444,37.9894846585303)
(-40.8029908519817,-6.79663893930671)
(-3.69259391685185,-43.8189561782821)
(41.2867336168686,-17.4945352924472)
(27.5582500307023,31.4895235375843)
(-21.3103345828645,29.9313417173857)
(-29.9637770852521,-16.1877101160531)
(12.5051515806059,-33.3396946122789)
(37.6870908874044,4.94146757309634)
(5.14757359417333,38.1715417720913)
(-35.1614597890521,13.8076741462068)
(-20.9604099544372,-31.1720775290251)
(25.7640839879961,-27.7860779737109)
(32.9149945650256,18.2365621322489)
(-10.3671181065867,35.5356715721677)
(-37.2851394852933,-2.71393305086419)
(-6.56899539227522,-37.8423998401362)
(34.3265740990799,-16.4623054995203)
(22.8751376499391,27.6022169373876)
(-22.3466769690149,26.0975165976409)
(-30.9837095526504,-18.4272151384047)
(10.3939429842285,-37.1649225488109)
(38.0173249862974,-1.54308794780097)
(9.68724023836430,32.8758667238061)
(-30.0351562858009,12.3108517407713)
(-18.3254235380649,-32.1652742857541)
(29.3830518140851,-31.9026513704594)
(42.7150524610551,14.7358200407906)
(2.91850684078147,40.4187056713308)
(-30.3363692193028,11.0546394251283)
(-10.9035395520713,-24.7832287271172)
(25.4775713609719,-12.6985395062404)
(19.4949434318621,24.7923874889411)
(-19.4481097187117,26.0109654149159)
(-29.4798810901681,-12.7490868148548)
(6.27509185513112,-31.8123119971237)
(33.1521936325673,-1.49425508981607)
(9.85806728772286,31.5100627685419)
(-27.5100083987020,16.3975227392022)
(-21.3992113569968,-23.2849992907131)
(18.3538966194719,-26.3456113528908)
(30.1444953672975,11.4776057863040)
(-4.04817815155467,31.3557549745740)
(-31.1871575012262,2.55269136727510)
(-9.52665930585981,-30.3612847455745)
(26.9869475893395,-16.8725931724034)
(21.6351433533649,21.2508730973199)
(-17.0177136042593,23.7843622665370)
(-28.0736159598584,-14.5410800947186)
(7.76532612148851,-35.2855983497778)
(38.0079240560711,-5.69383703832432)
(18.1942389521387,31.2071343495002)
(-20.9620395441812,22.2597133103223)
(-21.3802253684483,-15.6965505298133)
(14.1357972286438,-23.4109532941395)
(28.3236045455399,9.53978070384114)
(-1.25335466615746,30.3830305350240)
(-28.4381318767839,6.01564613385633)
(-11.0297817396105,-25.9992390813552)
(23.7884589254562,-16.3473488594915)
(22.0303398980124,19.5400974720037)
(-13.3928784365700,25.7610395511376)
(-27.5321190385975,-7.39029364882414)
(1.37451189593780,-28.7275548770693)
(28.5110128740070,-5.61399287315195)
(12.1064437611460,25.7743719942746)
(-22.1162672780031,16.7383421267781)
(-21.0874952692216,-18.7188769590125)
(13.5559251987143,-25.9418757773532)
(28.4266154784621,5.76941066827465)
(1.19002055348410,27.0236870479890)
(-25.1837532839022,5.13073270811373)
(-9.35459864479245,-25.3946917079928)
(24.2614096673760,-16.5849851488180)
(23.3804319106804,18.4980139830008)
(-11.0866369460003,25.8525703301284)
(-26.2377612173985,-5.96917533461388)
(1.24608265194474,-28.0380641557688)
(29.1246942607746,-6.36954229827870)
(14.6119316754239,25.8399007532421)
(-19.9590095209160,19.4064412487473)
(-21.7800000030200,-15.3500000988484)
(11.2560296618659,-24.9253674516294)
(27.8183436784787,4.91845171348049)
(2.44787209661376,27.6804216744755)
(-25.5484362990286,8.10892493477937)
(-13.0229666671239,-23.6982637835761)
(20.7020709139318,-19.0297875874481)
(24.0314544575322,14.5422237560031)
(-7.47842616874952,25.3825615386121)
(-24.9217809169456,-2.51189476455204)
(-1.81050657258069,-25.4578149777857)
(25.5108738513200,-8.02187320907571)
(14.5565680220118,22.5129380035376)
(-17.7619155583993,18.8133186298335)
(-21.7473318433451,-13.3881675673556)
(8.22338514162524,-24.6669832957460)
(25.5527360729680,1.45518669159731)
(3.96286622807480,23.4497427397148)
(-21.9429831959085,6.62776468969815)
(-10.6489352562941,-22.9067682841517)
(21.6406366520369,-18.6579849085717)
(25.7332546766616,14.2061958454793)
(-4.80377234961728,26.5494681069544)
(-23.8464033903540,0.660886274149620)
(-3.66882241375510,-23.0384866807964)
(23.0425045528129,-8.73238303253966)
(14.5281296891896,19.9061696947938)
(-15.2847179204752,17.2260166081547)
(-18.7781516834913,-13.0764668103435)
(10.9587407150449,-23.4232137305379)
(28.7003887931966,3.82540028143650)
(6.55255824919262,28.4141880469532)
(-22.8095110391238,13.5455415077378)
(-15.9000924662470,-17.8086667101316)
(15.2925975022556,-18.2176090594944)
(22.2161960292742,11.7086992973319)
(-5.61777428662022,24.9140801687072)
(-25.0273261630626,0.544388979791517)
(-5.93417026563666,-24.2989803044095)
(22.6299061424098,-11.9540671647783)
(17.5841111610663,18.1741873247960)
(-12.1848975176216,20.1017102435151)
(-20.3490166843843,-7.96034464948513)
(5.11203042001731,-21.6891511615340)
(23.9402391881700,0.324058547871239)
(6.46451011175523,23.7060069969353)
(-20.4487817456543,11.9428212951152)
(-15.2061409865558,-16.9736944122567)
(14.0573102688333,-18.4634194821155)
(22.0938706589359,9.67151849133903)
(-3.53926395569052,23.9143462109454)
(-23.3899174645176,2.23959987849598)
(-7.07155208545669,-22.0884828677906)
(20.0890843488222,-12.0448506550582)
(16.5107258071892,16.2072956957651)
(-11.4493539304958,18.7617342222508)
(-19.7508262085629,-7.95599468420335)
(4.85170021866636,-21.8475246501767)
(24.1986530871656,-0.573734115895323)
(7.80193105626582,23.5961195485251)
(-19.7863139901520,13.4449939259216)
(-16.5519160747910,-15.6979606000254)
(12.3715237775209,-19.3611341253019)
(22.5968803877233,7.83011892623050)
(-1.39503664345301,24.0958036441042)
(-22.7474685213814,4.75581020947237)
(-9.12545497142246,-20.2154927964885)
(17.8681187331802,-12.7227319412850)
(16.5000042334052,14.9666333712064)
(-10.7493192045042,19.6850288552805)
(-21.4666802610226,-5.86180416704269)
(0.973660375473225,-22.1376736256968)
(21.9150571325324,-4.06151639094727)
(9.13490790695848,20.3789189522846)
(-17.5017685085846,13.5323568434586)
(-16.9303291517269,-13.8684803678375)
(9.75208376309530,-19.5320832673784)
(21.2520731172617,5.06359180546476)
(-0.0536495078939080,21.7686685909871)
(-21.1192266033004,4.84145202885501)
(-9.47729534714988,-19.4547589838553)
(16.7039339933862,-13.6519647174501)
(16.9163326760477,13.0633770332442)
(-9.06644322589324,19.2366249750033)
(-20.9758601995905,-4.73968349381250)
(-0.317342690272275,-21.8694569037267)
(21.1347296774073,-5.72540669219538)
(10.4177755609082,18.8424392414889)
(-15.8772113584848,14.1195457479611)
(-17.3449865072212,-12.4245096899770)
(7.99903818769701,-19.8895837034340)
(20.9433914296197,2.96505475477495)
(1.67887587236533,20.6629319752933)
(-19.8656226567161,5.94126831945856)
(-10.4452507572408,-18.3240190858809)
(15.2582537465214,-14.6598853423718)
(17.5032678123069,11.1780963763694)
(-7.16554429304158,19.2644261825591)
(-20.7561788995032,-2.87177647268258)
(-2.47633439711844,-21.2077199936378)
(19.4383782342667,-7.80608281425141)
(11.4924668215098,16.3472924255642)
(-13.5817283312570,14.0672377177212)
(-16.9001976330844,-10.6758751638567)
(6.38039130722686,-19.2704104361261)
(19.7934348387088,1.61800855151902)
(2.14705172978864,19.4359716063144)
(-19.6009957283718,6.08970238840669)
(-11.8138542939316,-18.6114211821331)
(14.1055765823157,-17.3127465760100)
(19.3036255529508,7.70998647239092)
(-3.07453600934554,18.4648139749002)
(-18.0692567082436,-0.335793260853516)
(-3.14768359503049,-18.5095962249237)
(17.5706124352395,-7.69509203870777)
(11.3956722626630,14.9798702079557)
(-12.1919771085779,14.0761181400562)
(-16.6836480810049,-8.93156045821385)
(4.44844240052995,-18.1831774382298)
(17.6303414984338,0.496232009763019)
(1.65650817458773,17.3130693847576)
(-18.8500092670670,4.84648560028118)
(-11.3153975480104,-18.7848128730283)
(13.8661405617552,-17.2682270505593)
(18.4493233984132,7.67407397836707)
(-5.02599308778302,17.9981154131991)
(-21.0678388406655,-2.88826158384353)
(-4.68926389596250,-24.4736522990100)
(20.8334970479132,-14.9310033128294)
(19.1887489222953,11.3641552328146)
(-4.81008818794652,16.4304705397310)
(-14.1768598452253,-4.03530340495439)
(3.31721333738621,-16.0265080725972)
(17.8534643060793,-0.725684047965489)
(5.11047712432481,17.0226035036319)
(-15.8481462277759,8.28550380144614)
(-12.5424895283674,-14.6198267198255)
(10.3333683317008,-17.1835357480553)
(18.1549594933306,3.93501158708281)
(-0.207759436603225,15.9893478039632)
(-15.6295585766651,0.869974612901007)
(-4.15594839965908,-17.2754362306785)
(16.0621392179878,-9.91741447842802)
(13.2804378134819,11.5725923165037)
(-8.47969773990744,13.7343836148049)
(-15.7100815061105,-7.04109614625521)
(2.70372733529985,-18.9745673147424)
(18.4550188279309,-4.04776069462718)
(7.69334286276140,14.4421541672565)
(-12.4537193417288,8.27180255725904)
(-11.0650971606830,-12.2421151120932)
(8.43904218337310,-15.1004644732096)
(14.2677424706438,2.88307625754627)
(-3.08963145564023,11.0210022152071)
(-14.8799891897511,-6.56429897394652)
(1.38838790603137,-24.3578842083002)
(25.4660800291247,-13.4302438566679)
(23.2793792920023,13.5659400892760)
(-1.84014198136855,19.9553713535372)
(-13.7733125486371,-0.633506359421885)
(2.57534113512044,-15.4678718693584)
(19.7910359433943,-2.46288216604676)
(10.6359661573857,17.3757594743410)
(-10.9094140376541,13.3440319222549)
(-12.3050581673640,-7.96225128170119)
(7.29734900820357,-13.8304454804993)
(16.6150242394318,3.70929163395346)
(1.19244585865665,16.1964188242953)
(-14.4962467947245,3.48542557614810)
(-5.51415476356243,-14.9725600707673)
(14.6735807522081,-10.5358336601555)
(15.0954802107308,10.1127995673484)
(-4.79984955753511,15.3178701618631)
(-14.4403753511382,-2.67808107626439)
(0.605835016116091,-16.0723561384046)
(16.7318156694643,-4.71096134777542)
(9.28476600958139,13.0563855127972)
(-9.32915959044502,9.40758075009984)
(-9.43809513284459,-9.57751170542385)
(9.37692113884310,-13.6582724342503)
(17.5848663639133,4.09062823443965)
(1.93368454200001,16.1582497288466)
(-13.4209810699941,3.38515801337528)
(-4.12010829264103,-14.7480988429144)
(16.2736047332340,-9.72984218188125)
(16.5356980680054,11.8466684491905)
(-4.37509010679273,17.8713596903016)
(-15.5224518410268,-0.394144141148551)
(-1.10288764337787,-15.1758074427872)
(15.8823363343575,-4.80598467424032)
(9.40400308609535,13.5777248511834)
(-9.88004534748006,11.1625007644337)
(-11.9325479344634,-8.10425830896163)
(5.87536467793130,-14.4451730948759)
(15.2981926180501,0.874716079351873)
(2.10628406778445,12.0627920658954)
(-11.0329625642878,-0.164539529500547)
(0.0469083745584473,-17.1010485298447)
(21.9840445214798,-9.98679356386576)
(22.5099330724453,14.9495756509349)
(-0.711489295103348,24.1594029849581)
(-15.7901051733308,6.51512979432349)
(-4.00029467959871,-10.4219614391633)
(13.0594601975415,-2.34308026831866)
(7.46382309166230,15.7021520780706)
(-12.3941231915218,13.6613608541923)
(-15.5493181009896,-6.86309400539315)
(3.35999990807388,-15.3465518015067)
(15.8699572750704,0.415385721534311)
(3.60096292583763,15.6677341068987)
(-13.7545304193050,7.01785749045842)
(-9.21988590685509,-11.8142256546282)
