6083028695276545807063248346835.
0.040000000000000001
(-11.6622152491970,8.59644187791633)
(-10.3381887370199,-9.95768568042921)
(8.08183590674668,-12.0849460699637)
(13.5371978902133,5.67047479271816)
(-3.01162695942493,14.3830804211514)
(-14.7949447583157,-0.277516660226314)
(-2.66842003950824,-14.6574246997445)
(13.6936391434335,-5.45390069300945)
(7.64840498120075,12.3662649984144)
(-11.0967699910468,9.77194246037919)
(-12.1577179766750,-9.13109940603457)
(6.08922351307933,-13.6539865984796)
(13.6547203551134,3.51615619626479)
(-2.32442005831058,14.0599626598561)
(-16.2169261870024,-0.206055966693436)
(-4.95448839077077,-17.4619762009484)
(14.5895823804151,-10.5657157399077)
(12.4391063272152,9.44930612964623)
(-6.61321050375189,11.2610766727430)
(-11.3085998149488,-6.44654821463281)
(5.32547876926879,-13.5663542678776)
(15.1097665398231,2.04462041623529)
(1.11592163962903,14.7983001642978)
(-14.3870862373956,3.34690716367515)
(-6.14398616919277,-14.1632168483799)
(12.5817550952172,-9.30947284305339)
(11.1305982382616,10.1315005174692)
(-8.62111198048469,12.3101694571156)
(-14.7645237954084,-7.02457586109989)
(3.09496148044495,-17.1132001764249)
(16.5949566320635,-1.66897849833415)
(4.10905216918353,14.5387345709490)
(-14.2269686750761,5.37052874874571)
(-8.78952777072637,-14.4887327211765)
(11.7602242710327,-13.0855570157609)
(14.3625235989422,7.27548069520918)
(-5.13393308312048,13.6861817058725)
(-15.2359099153947,-4.32164629504274)
(0.451181582348946,-17.8986475709446)
(16.8561213238584,-5.36921192071258)
(7.89673978504958,12.9467400952831)
(-11.6240998018875,7.61430514364371)
(-10.1070463428160,-12.6160962250734)
(10.0233962422939,-15.2722680715895)
(16.7584151417520,3.49960540460380)
(0.371748796733573,13.4029425222015)
(-11.5440377491882,-0.470467596515648)
(0.327695996596032,-13.8845469495475)
(15.5247080677913,-3.76077197237827)
(7.67955280084487,13.6322067918148)
(-11.7362516231989,9.11201875814069)
(-11.4677138628789,-11.3944905179721)
(8.74003478741833,-15.7174946968698)
(17.2800967902210,2.80680397690162)
(1.41303884276888,14.6456734651670)
(-12.6374466988987,1.79712755886582)
(-2.64732854487029,-13.6108562327626)
(13.7229354796126,-6.11897996833076)
(8.54100732213663,11.2308283590109)
(-9.93665379276630,8.57924253719995)
(-10.4155338612045,-10.9389729865090)
(9.59434258549767,-15.2514550604659)
(18.2333202717942,4.27369178424202)
(0.434730359863799,17.3526361717511)
(-16.7139349418371,2.65121352366276)
(-6.38290511655775,-17.5696130816514)
(15.3225706510821,-12.3448106931149)
(15.0549040140287,9.13810191656863)
(-4.99472878697390,12.9728658063522)
(-11.9230737378200,-5.12455637970698)
(4.16320656862398,-14.3272151384405)
(15.0610804816069,-0.00613378697801972)
(1.99165152173020,12.4583117247355)
(-12.6781687394450,0.316992661240427)
(-2.15968269152413,-17.6157156874766)
(19.3281652734193,-10.5920999571939)
(17.7381640631017,13.1155616307034)
(-5.78425392816036,17.5694207753708)
(-15.3344483665878,-3.74835460680431)
(3.00731880492116,-16.9107696913077)
(18.8468027537420,-1.41487151759639)
(6.07314679838729,16.9833571148178)
(-15.1017969089743,7.48481441932885)
(-10.1918321766880,-16.1997175288134)
(14.5460231247245,-17.2942567530342)
(21.9706860590431,5.96046830011447)
(2.55035785160108,18.2275103094730)
(-12.0235573890880,3.31940083006701)
(-0.494148130749851,-11.7712989676076)
(15.1047959428661,-2.16686796118096)
(7.21675655886901,14.9528808558267)
(-11.8537206411319,9.88930735106651)
(-10.7957856887416,-10.2404383231905)
(8.84001453596059,-13.3338423383819)
(15.2218606920798,4.74472671940074)
(-1.23091747935004,13.4555326325451)
(-12.0479135304820,-1.80850644768730)
(2.04928355004316,-15.2419674227259)
(18.5620026301004,-3.13788428833921)
(9.65936929685271,16.1478825020452)
(-11.4113424567694,11.2464164751558)
(-10.6958077627025,-10.5972194444987)
(11.2059760639379,-14.0932385344934)
(19.0925682195729,7.11552057815462)
(-0.307883466520279,19.4149109316359)
(-16.4527217766372,3.04017508728631)
(-3.89316718842650,-15.8783902439158)
(16.7007275049164,-7.33065256977707)
(12.0283495662187,14.1448674236827)
(-9.84413041985997,13.2023140247343)
(-12.6725488923469,-8.70976378520463)
(8.76607898550954,-15.5520538218301)
(19.7904578295138,4.51961439855780)
(2.18942985086286,19.4007732627685)
(-15.7008391102225,5.04358412724821)
(-4.76914979146478,-15.0309078703077)
(17.1445274464665,-7.56656428642070)
(13.6532763077446,16.0153039830477)
(-10.8867388786926,17.3618049328690)
(-17.5558090710545,-6.71255548009315)
(4.50892676117093,-18.3329112039439)
(20.1286252663063,0.712932390972223)
(4.49429590724554,19.4135692052254)
(-16.7313024225858,7.37389564171046)
(-8.69484032222443,-16.0268170212013)
(16.2829141085671,-12.7174326869179)
(18.3491410844114,12.6356220085307)
(-5.75122736298909,20.0439750441667)
(-17.5979003032969,-1.45970488731996)
(0.814148330787424,-16.5344659200367)
(18.3710541702980,-1.08438599358445)
(5.86714482981976,18.8125601054389)
(-16.2971748198653,9.74598037160647)
(-11.4083061136375,-14.1905003826526)
(13.3683352485776,-14.0349149220854)
(18.1159081518215,10.4491307218439)
(-4.96708764578320,19.8571047277357)
(-18.4660202026584,-0.970283710933169)
(-0.374875383533370,-17.9568883835003)
(19.7542484145340,-2.95176047972993)
(8.46253681311864,20.0890982084877)
(-16.8895888719674,13.4080813596683)
(-15.5010097365981,-13.1156583363144)
(10.8823395643585,-17.1656615420582)
(20.1651689067789,7.92830920220659)
(-2.56688274379694,22.0978056656712)
(-20.9793003244096,2.81850946095538)
(-5.96271408759690,-18.7660125873499)
(17.6402949390777,-8.24557823066331)
(11.5111609234969,16.5870851625180)
(-14.0589670218116,14.8934315354592)
(-17.0648893752523,-10.7822257354981)
(7.78285591739976,-18.6226487889248)
(20.2512554379150,4.39941571313655)
(-0.0812357980770118,21.0595710450535)
(-20.3792267224146,4.17769822092470)
(-7.62493426968874,-19.0459613700405)
(17.6593722791420,-10.9164505684204)
(14.4470933039333,15.5207397942880)
(-12.2205244220900,17.3878933660859)
(-19.1781100243591,-8.50975907003234)
(4.92487783100900,-20.3033519341791)
(21.0520543756676,1.12321281944658)
(2.99915080897804,20.9900915739883)
(-19.9729653077185,6.93344618640467)
(-10.4817795709973,-18.3699037876138)
(16.2194040661387,-13.8352801920603)
(16.7994990060887,13.2939380233515)
(-9.81280009140923,18.9924270625115)
(-20.4903665244291,-6.12448056051440)
(2.14885669487621,-21.3902433803099)
(21.3574995995383,-2.03720550302528)
(5.84409693897935,20.4041643995964)
(-19.1892486187774,9.17682450349149)
(-12.7402485436555,-17.7690419431493)
(15.2205305736299,-16.5621908789094)
(19.4839973548149,11.2983874727621)
(-7.11418021622371,20.9186309500469)
(-21.6907581889653,-3.36868476700425)
(-0.596099657551803,-22.3286086773057)
(22.0742833542797,-5.17540566269144)
(9.51910950328429,20.4187410322430)
(-18.0457918457183,12.9782391324374)
(-15.9734244976807,-15.4862380838225)
(12.3805652434407,-18.7555983416266)
(20.8660219600107,8.62816425269254)
(-4.66519198035603,22.2366816255970)
(-23.1481638412233,-0.345556279361491)
(-4.65925754118899,-22.9907762013390)
(21.0096972252357,-9.37272382431616)
(12.5187234645632,18.1581473715582)
(-15.9713868936791,14.7927980936148)
(-17.7532440167355,-13.9149004927509)
(10.3998609893655,-20.8935189974790)
(22.5791635262404,5.86897170469853)
(-1.83876640580358,23.2243730425814)
(-24.1747002972030,2.40553744493976)
(-8.43987821703274,-24.1073966583728)
(20.6027332788198,-14.5606216995953)
(17.3126997046495,15.0289176167414)
(-11.4332363356320,17.1395045420465)
(-18.0499106076251,-10.3487699790112)
(8.16657999777333,-21.2838767085891)
(23.7792049287149,3.16882786767176)
(2.29531197196594,23.5592787945826)
(-22.1780173007279,6.38768336852161)
(-10.1228304008227,-20.9247483777608)
(18.8671385364850,-14.1874529995913)
(17.5216232547623,15.6420012578453)
(-12.2840290173712,19.9258254523622)
(-22.2919319769280,-8.64023982537700)
(3.73819450803342,-23.8957904392103)
(23.3526750474395,-1.22871796204975)
(4.38926970805461,22.0500826335406)
(-22.2397258494825,7.23089107829062)
(-12.4315405014892,-22.2837943148721)
(18.9012292081221,-18.3331702124748)
(21.0918378386158,13.4671066962954)
(-10.1033357302100,21.7193888001219)
(-24.5403705335736,-7.91695663809437)
(2.01700213394764,-28.7131654437776)
(28.4731035953972,-7.33378434161475)
(13.8820155718908,22.7600626085277)
(-17.3620501952384,15.0761824730509)
(-15.4976855850493,-15.7045272370212)
(14.4588098826347,-18.6185597899175)
(21.9827476393943,10.5783132442465)
(-6.00374509992756,23.1112210923831)
(-23.7219880357266,-2.58267621792908)
(-1.53492289604881,-25.0937484563757)
(25.0043188071765,-7.39628414126234)
(12.5577332193157,22.2529243197817)
(-19.1282293207435,15.6450523886232)
(-18.6759846208898,-16.8658896238071)
(13.4688482487557,-22.5924120126570)
(25.2508819835305,8.06691017482829)
(-2.71790911486507,25.6449473198293)
(-25.4293172539002,1.64156208345874)
(-6.32061866298013,-25.0600836984048)
(23.2363524432719,-11.1586037466980)
(14.7076907641813,20.6003380878750)
(-18.6609430198033,18.1329447305129)
(-23.1387616068300,-15.3830512567199)
(8.25552021204239,-26.6315244165779)
(24.5831600437872,1.03981587453163)
(0.424555420526962,20.6256245991205)
(-22.2318071797356,-1.12666266304415)
(-2.97832439277786,-28.1536235336588)
(29.2012454183914,-13.4203648304312)
(21.4647020051074,22.7141632755879)
(-16.0927473399252,23.1069653288350)
(-24.2310721265459,-13.6484922839557)
(10.4981616651482,-28.7813151378890)
(32.3835704508977,3.09113288995621)
(4.69058423069790,31.8601927129924)
(-30.6785307774656,10.5311428049926)
(-18.3741441506637,-29.7949464909842)
(23.4007601722504,-28.3784888839780)
(32.2935335188124,10.3506461985959)
(-0.275318657591099,26.1745571226171)
(-18.9469637560037,-0.431048950332884)
(4.37250616435154,-20.2063666505239)
(26.6955629832977,1.81073406169565)
(6.92768364252779,28.9666160811177)
(-25.3003356572785,14.3249253539866)
(-17.8601795485319,-20.8398396969706)
(17.7455054693611,-20.6468289497085)
(23.9538193598914,14.0854452303536)
(-9.30790547615213,26.3674236782430)
(-27.7374734010542,-4.41144746244567)
(-0.893157760636330,-28.5360847064128)
(27.8282558087994,-6.71011994988524)
(11.5389596809334,25.5583861862756)
(-23.4858489542564,15.3599323245798)
(-20.1611347137846,-21.2791005053818)
(16.3260203305395,-25.1240325611499)
(26.6344391176265,9.60492951763302)
(-5.73147435531101,25.3543875039686)
(-26.7064540951467,-4.64118442757961)
(0.233168224053306,-31.4487989085640)
(33.0713622310324,-9.45236192308194)
(18.1970806431499,28.1950296732288)
(-21.9423862194563,21.6455837507967)
(-23.6294620954060,-18.7049400308897)
(15.4024070365436,-27.9219845051712)
(31.5924874045424,8.85708760439228)
(-1.99303294673033,31.8375642845823)
(-31.5901459381373,2.87866954239220)
(-9.14586301421999,-32.4773655673432)
(29.9727081568515,-18.1385115119415)
(24.0281323036314,22.0870275797638)
(-15.3220840143399,23.3794585420813)
(-22.4777874235989,-14.6757130630613)
(14.6998171432753,-27.5646838618955)
(34.4289675439674,8.30618373252863)
(1.85839993497555,35.7006333813756)
(-32.5015875285408,8.97823882022221)
(-13.3432966048816,-30.4545723829822)
(29.2035108086982,-19.5305772744218)
(26.8439618750982,24.5013230196920)
(-16.9204987519930,30.9762114916352)
(-31.9607996884256,-10.4830537920964)
(5.46676827545094,-33.0333327654786)
(34.2719661073266,-0.581055621390675)
(7.38689485732159,33.6852818260983)
(-31.7739403395679,13.3778488899606)
(-19.4622301095407,-29.4794221841769)
(24.9483106866885,-26.0920129828700)
(30.2076405555307,17.5305916396743)
(-11.1074569093052,30.3019643989555)
(-30.4612528651059,-8.17865381396415)
(4.80545499012949,-34.0198694943016)
(37.4141463552550,-3.13259192007014)
(12.8873707831605,35.8531176118910)
(-30.8718629577622,19.5827292719750)
(-23.7644689979036,-26.6187883593310)
(22.7681462043387,-28.5559317678719)
(33.3224870407441,16.8226704724602)
(-9.60071669780901,35.7904389396054)
(-36.7154186238223,-2.99793985554720)
(-3.94514680531531,-37.2741493199584)
(35.7422267365965,-11.8281498474186)
(17.9729082927960,31.5413077310741)
(-28.0622922822294,21.4676316612859)
(-26.2877847193237,-26.5833396782729)
(22.4328304755640,-34.3079716072830)
(40.3911959954712,12.5547106037901)
(-1.67349779873846,40.0320337719021)
(-36.6774566227485,4.87215442159280)
(-9.22412528018009,-35.4627157790764)
(34.8761900654713,-15.7875716298424)
(23.1395969846397,31.0867242404609)
(-25.5032576468264,27.8140639157990)
(-31.2695991208536,-21.1462392366515)
(16.1563008979522,-36.0990169870666)
(39.7995679111800,7.95356575831607)
(0.539479758320744,39.3949916410099)
(-37.9108968080347,5.98229235472494)
(-11.6010284967235,-38.9105455648345)
(38.7497199081270,-21.5277132736432)
(32.0977679806399,32.1113146108041)
(-21.7015131424614,36.8053452664864)
(-36.7741104430102,-14.3440528498348)
(10.1933151367232,-38.2138311127283)
(41.8715320295714,3.87958639367194)
(5.65114203686736,43.0062790343174)
(-40.2414326366259,14.3195572437719)
(-20.7063534319405,-36.7735175794375)
(33.5452138353913,-27.3221429960126)
(34.5630489826555,28.1170296401204)
(-20.1118571046373,39.7900453171295)
(-42.2792532347279,-11.9438025733914)
(4.34247766559239,-43.7675318056740)
(44.4576439013944,-3.95844773599291)
(12.6771216945267,43.0309504440812)
(-39.8152172923988,20.4000851237632)
(-27.4640904052306,-35.9121279741734)
(30.5059738611691,-34.5905421316235)
(40.2718993100458,22.7425720535137)
(-14.3888046685475,43.1427271273953)
(-44.7825599986306,-7.03683593120292)
(-0.888683408927253,-46.5723877834278)
(46.4946517134663,-10.6865438675799)
(19.9429215127166,42.8604477557188)
(-38.0393471756038,26.5259875798678)
(-32.6909871957230,-34.2324399498677)
(28.8898013701789,-40.6910101413539)
(47.6071991750470,19.1248618307252)
(-7.53169410640796,49.5581471020340)
(-48.0932686561323,1.53461462555313)
(-8.69669516029962,-47.1945701740015)
(46.5117105547298,-17.3599874797789)
(27.2162179615169,42.8279839475574)
(-36.0821000027285,35.1443809722638)
(-40.6351572250390,-28.8402681087207)
(21.5279807885795,-45.4363502240959)
(49.4370023702048,12.8084415003529)
(-3.10791164931455,51.2389702845746)
(-51.1828059061264,6.27351682919455)
(-15.7825264820271,-50.0468808863056)
(46.7302911434457,-25.8161182725451)
(34.5838307797988,40.6136161680933)
(-33.6571617424017,41.0720385169700)
(-47.2464894139892,-26.8144952308195)
(17.5559966761757,-53.8347671695014)
(57.3481979966829,4.67643865019203)
(7.97205467409182,55.3089960011121)
(-50.9011487202866,16.8019911157364)
(-24.0259889864810,-47.9401819715747)
(44.6757814371274,-33.2187767706437)
(42.7586391049194,37.5059748645736)
(-27.6305707818390,48.8295402269788)
(-51.9793064711866,-18.6790993593581)
(10.3745687114427,-55.2775638484172)
(58.2893288135584,-0.0574095377413920)
(12.2460635209054,58.1435250923062)
(-54.7151107185867,23.5146906002486)
(-33.5483366838201,-49.8471893616378)
(43.1574011435566,-43.4598044843527)
(51.8884943318191,33.3038144138752)
(-21.8565750778250,56.6185513299321)
(-58.6220417656230,-11.4833906623238)
(1.69997975957612,-60.2757265439195)
(61.0184309702459,-9.54153776579023)
(21.5796308004046,58.7056145558517)
(-53.6860543342754,32.2253404466489)
(-41.5884044427845,-47.6833647351730)
(40.1951733885823,-50.9165559103237)
(59.1362379423965,29.7447870701885)
(-17.2763315102060,64.1568592934962)
(-66.1981787412195,-4.88335922333048)
(-7.35925460339470,-66.5909295748317)
(64.8681906376459,-20.2057335831115)
(32.6163363986537,60.0695203692906)
(-53.1316787108405,43.2850710086546)
(-52.8836176540583,-45.0715902582235)
(34.7894522532491,-61.9135876187025)
(68.4230253625045,21.5574124251779)
(-7.54425004288205,70.7668434690069)
(-70.4749085792103,5.05105833131261)
(-17.1969501553486,-69.4801510016929)
(66.7070293612208,-30.5011830333312)
(43.7394579297851,60.2897227856117)
(-50.9499936804440,54.7636265620076)
(-63.6420869688498,-40.3405202886524)
(28.2499346674115,-71.1303829819549)
(76.2488352192561,14.1669921494161)
(0.613634657427586,78.0146760026993)
(-77.3129576807602,14.9607184569120)
(-29.6027229401555,-74.6502466709652)
(68.5743238294897,-44.5510048587722)
(57.5366053189745,58.6322778480587)
(-47.0441111882732,67.3513403782141)
(-75.7407982001202,-35.0248096402718)
(20.5840449337843,-83.4421574361828)
(87.5648325563728,2.70920077426419)
(15.4628767379552,85.8508724747312)
(-80.4588956935397,30.7264721860772)
(-44.0941377381020,-74.3509015966894)
(66.7604214173596,-57.8327248297260)
(70.9793424035348,55.4911638230984)
(-41.1221870781958,81.0804908085129)
(-87.9704946010811,-25.6652097080130)
(9.28046295693312,-92.6373883526776)
(94.4124300860966,-8.61883574994473)
(26.9424032851125,92.1599548385960)
(-86.3965282713312,44.2310196999575)
(-60.4943498593050,-77.8541998022773)
(65.9209378315241,-75.5900012665925)
(87.8857711440834,50.5276142558225)
(-33.3722195526871,96.4416459427586)
(-102.199350912152,-15.4876337689795)
(-3.91599143223259,-105.345243045180)
(104.206120382388,-24.5867349834765)
(44.1491632234257,98.4115577340051)
(-90.0494114075434,61.6199514653759)
(-78.7713353848038,-79.7829104498493)
(65.1094785439245,-95.9173730939252)
(109.597710745296,44.7661602400754)
(-21.7529759223160,116.881843240737)
(-119.027858327676,0.491229647665173)
(-22.0780988356587,-118.417734677882)
(114.631561695761,-44.4050534143790)
(66.5921826500040,106.075905374053)
(-93.0445082543078,86.7046613857997)
(-104.284670662288,-76.6931422085828)
(56.9886491879851,-119.351159517057)
(130.714262066726,33.7942754974691)
(-8.32252629719981,137.145029355280)
(-138.646111080286,18.0297189665855)
(-44.7063199615409,-135.356791083926)
(126.859999149363,-70.9310738067553)
(95.3593281440756,113.290451535012)
(-95.3770879869526,117.261573165544)
(-136.258090847767,-73.2116000994981)
(46.8850440928867,-151.047479376409)
(160.489453567190,17.8352587504799)
(12.7700042059414,165.074102706869)
(-164.609082240192,45.7223794501271)
(-80.5721887965151,-156.016418628178)
(137.416967615127,-112.372839919548)
(136.232428745632,113.012325800903)
(-88.8511409580103,154.091266206244)
(-171.666465098152,-64.3753360706122)
(33.6618624606914,-188.952883633968)
(199.387855244704,-4.87552880200985)
(45.7169234370256,198.894684184345)
(-190.066267004316,83.9388905243667)
(-120.067651473509,-176.118267524478)
(156.062533501829,-155.592805612701)
(188.605583006360,127.960806860721)
(-92.6232361677310,216.150130434315)
(-237.156457913198,-51.8925936568436)
(6.52681009506210,-251.088157172126)
(256.567134720709,-42.5413269872291)
(93.3825003507943,252.692427650133)
(-239.468764424075,144.441943732980)
(-194.620450183883,-216.423281230132)
(182.848659188224,-241.847057746454)
(283.537912080295,139.304382932198)
(-87.0704326734925,318.084250030992)
(-344.236481817715,-26.8266101967044)
(-40.5950353878234,-360.031830971635)
(363.697651596584,-113.394017770669)
(189.799268241785,354.152048085300)
(-329.927822972837,268.120437035120)
(-345.549186491405,-289.669490530633)
(233.447967294154,-419.231052709388)
(487.572123810744,161.093949878953)
(-71.1838898630605,547.963846702168)
(-596.751015232697,36.0270432121204)
(-160.949280806596,-633.335289070446)
(653.414342159321,-311.610793694692)
(489.967948052408,635.677298479889)
(-565.468477744450,665.296624697014)
(-809.294236192682,-489.311297966196)
(478.232429260118,-1004.57721893458)
(1445.46711252435,435.793302540895)
(19.1087383893784,2160.37781664392)
(-2682.52931882816,1258.15071744561)
(-3058.18085770336,-2201.69833866183)
(317.995882169008,-4412.83577741770)
(4213.51138271620,-2311.28385729435)
(4272.82453195119,2277.13179849896)
(370.116160735130,4515.81617909734)
(-3184.09202315691,2323.51581977817)
(-2898.89762651933,-1341.23510814914)
(-16.4216259847736,-2430.91485840274)
(1675.18208505816,-611.486615043682)
(734.188401340138,1112.22857070403)
(-787.350766985394,731.086687999179)
(-735.969103102370,-569.405099716179)
(379.076710280907,-737.808919144324)
(715.906998741976,208.928571592711)
(-63.6982606363556,673.597886643523)
(-616.818705173506,59.2071695652737)
(-161.239080298155,-547.985008417423)
(470.849275127021,-242.573452403817)
(304.973429408180,388.824878139472)
(-303.808792449808,349.501771098965)
(-376.544477536657,-218.641831186113)
(136.185018224360,-388.090948760891)
(386.016324597082,57.3611082062434)
(16.4504643625403,370.444687971499)
(-342.690345839235,82.1023568908532)
(-138.063810289414,-306.225934901213)
(262.949166628691,-184.988521642979)
(221.638964871305,213.175909374807)
(-160.292455098045,245.602407217160)
(-258.958454777282,-109.407290931338)
(60.2971925776055,-266.757862065675)
(268.525555495449,8.42255691385427)
(45.4394818900095,258.104330679332)
(-233.809903394950,93.3799100184747)
(-130.200260305804,-202.062629965107)
(168.702740878196,-158.549816824746)
(181.923067521838,133.071805663650)
(-93.3242635928436,198.767018846427)
(-206.463607471612,-51.7560361572801)
(11.7402674303470,-205.894565808494)
(199.003127239651,-26.0375267581501)
(61.5419308638466,185.835495573907)
(-166.392796937022,93.1882765756760)
(-119.656357798490,-142.195507786173)
(114.472289045865,-140.934233580122)
(156.503843489716,83.6103520586523)
(-51.0448439704883,165.289914564887)
(-167.727711631222,-18.8747619958283)
(-12.4207327832888,-165.056122306082)
(156.840450781526,-43.0170288199348)
(71.0584219422269,142.185767091730)
(-122.703135484534,94.0628422817235)
(-112.193877384897,-101.058397223403)
(77.4899492257422,-126.899569040106)
(137.369155175390,51.0546185018162)
(-23.1375619327683,141.725866730207)
(-140.472983143972,3.75220502124586)
(-29.3440428193733,-135.221211813307)
(125.407551721720,-54.1731553639869)
(76.2879706182935,109.985240934143)
(-90.8960723775272,93.1957877962029)
(-105.635032546765,-71.0031349259302)
(50.0319072599389,-115.548044776612)
(121.823274756238,26.4823338384768)
(-2.03443624571720,122.091050198570)
(-117.278845940602,20.1138402092874)
(-39.9387049208141,-110.143726655467)
(100.499956516640,-59.3719013057912)
(77.5099334573982,86.1648398613814)
(-67.7136793530636,91.2584621242270)
(-99.9576302567628,-48.1756482262799)
(28.6867357847797,-105.398229202741)
(107.875944549975,8.27994523407041)
(12.5799144209631,105.957370489323)
(-99.6852593550778,31.8409378799883)
(-48.8118803538154,-90.6405179024992)
(79.2355635966814,-64.1328974123229)
(77.3054106988552,64.8638740293058)
(-48.1641211333102,86.9919381541278)
(-93.1009189385443,-30.5686946366759)
(12.4053667847550,-96.1752769692904)
(95.6813361651930,-6.27594514246910)
(24.1164958634705,91.1161474739878)
(-83.5746442708206,39.8374894486216)
(-53.8533921815085,-74.1473966653164)
(62.2657975085859,-66.5206162120098)
(76.4640049918683,47.5887947371834)
(-31.7031134736604,82.6047322489309)
(-85.9075533198472,-15.9708691331904)
(-0.263470205617151,-87.1276620515297)
(84.9755298193278,-17.3190735955205)
(33.2710024998033,78.5705850458149)
(-69.4602010651045,46.4488154058793)
(-57.5411899454812,-59.1725683677309)
(47.1363136735615,-67.2563071904088)
(74.3944326951416,32.9530907084040)
(-18.0951051281096,78.1651802597343)
(-79.6402444514824,-3.40865208090238)
(-12.1333372726075,-78.9284343878979)
(74.0048905094737,-28.1212189043816)
(41.3639456503611,64.5936890421134)
(-53.9954382334160,50.2556031876769)
(-57.3028251550229,-44.5173754268500)
(34.2318311995787,-64.7089072583240)
(70.5884471986780,20.9508023389274)
(-6.29872595749204,72.3517429510244)
(-70.8048678147682,7.06046470760167)
(-19.3300145495436,-67.9105875545163)
(63.2221218920272,-31.7297861483744)
(43.3257220976374,55.5026286265233)
(-45.5019127731319,52.5315479589548)
(-59.4855028592394,-34.4995433486589)
(22.3581564421669,-64.5448464936524)
(66.7644689838377,9.22340413606834)
(3.28451124575046,65.9384426757714)
(-63.6245231381789,14.5246433904225)
(-25.8484228506699,-60.3017863491971)
(54.2640516759510,-37.4456600850910)
(47.0873565117847,44.9881297788211)
(-34.5478521255694,53.5956639347860)
(-58.3450008933946,-24.1425850231249)
(12.6442888701462,-61.8093019311253)
(62.2772847117494,0.133870618923585)
(10.9941347185983,59.6540409128900)
(-56.5064623086140,20.2620687414373)
(-30.3028950818522,-53.3300539320828)
(46.9713351408478,-41.6633892289850)
(50.6291516227096,36.1304421493483)
(-24.2600299470102,54.7643679955829)
(-56.5054317988586,-14.3061732800461)
(4.61104711795594,-58.4372518487305)
(58.9601175308020,-7.00853152822586)
(18.9307883963332,55.7442948534738)
(-49.8873744737096,28.6401642931336)
(-36.5865498420750,-43.4481387320071)
(35.9786073055120,-44.0412646285733)
(50.0580060345889,26.4898033876360)
(-16.0890347924568,53.3823197292948)
(-54.7391511506377,-6.06077499102976)
(-4.10173526018087,-54.8751659993628)
(52.9002522269202,-14.6680787220283)
(24.3060648914098,48.4272472735802)
(-42.6661761630094,32.3592955596247)
(-39.6755276529877,-35.9932995082310)
(27.4040085415180,-45.9822294280195)
(49.6148872808215,17.4095286791846)
(-8.09188040584812,50.7677459704633)
(-51.4255587763447,0.543472610741253)
(-10.4678153031551,-51.3181473716551)
(47.9701842249220,-21.2064089133013)
(29.7600649658475,41.4528777185681)
(-34.6400313760014,35.5920356602237)
(-41.0327056285561,-28.0990835194114)
(19.6532169437902,-46.1044758280094)
(48.1860671017797,9.68536591010123)
(-1.30991813970212,47.6158900357678)
(-47.7685468152720,5.74029709035467)
(-15.3041080059858,-48.2617774284396)
(44.3274846952295,-27.2681386195296)
(36.1294627028007,34.9189913170840)
(-25.2314822968353,39.3123493931463)
(-40.8005972358144,-18.6877419663613)
(12.4630511040325,-43.8856765889376)
(46.3157553051757,3.74284187191126)
(5.53194389032136,45.6093295846052)
(-43.3497445752086,13.2962828412035)
(-21.0615719788749,-40.8838788037248)
(36.1609058493741,-29.6198817561375)
(36.2275350233704,28.2214522289412)
(-19.8932160924457,39.3101466925322)
(-41.1680066275113,-12.9868607107547)
(5.60114414801598,-43.2141544670522)
(43.4153500883629,-3.21380522809379)
(11.1695122942027,40.9139417156154)
(-37.9547711532961,17.4536080155358)
(-24.2657521466783,-34.9003786709691)
(29.0486707822516,-31.3428561157811)
(34.9782957279634,20.8456806389112)
(-14.9787221370564,35.1790661277892)
(-37.3363004521256,-12.2244921376429)
(6.68040611179160,-43.2891688125393)
(47.0468794136111,-5.02379621168717)
(17.8243956194505,43.5466767058795)
(-35.8762155765402,25.7862454010606)
(-29.9730171286400,-29.3908045039164)
(24.0032867068224,-34.2897826154729)
(38.5781875179022,16.9756299596541)
(-8.70990284891043,40.5855369925052)
(-40.6358456691426,-1.11529156212906)
(-6.08286194144997,-40.0143846604256)
(38.1051525192134,-13.5682640735672)
(20.2853863917893,34.4316869805704)
(-30.1707585149004,25.8332343536198)
(-31.4059861317884,-25.3089566595966)
(18.2020042325287,-36.3753561726428)
(38.2234433251070,9.70918196153073)
(-3.08987432457349,37.5092625010267)
(-37.8560016830825,1.83271147535889)
(-9.02779839177276,-39.3100816583919)
(37.3601380235938,-18.9861832385156)
(26.9283367908968,30.5493477731309)
(-23.1233613572774,30.3784477078086)
(-32.5098420945360,-17.8798543595582)
(12.4767495092047,-35.6793180286367)
(37.8308944435687,5.17192749370438)
(2.07543934299452,37.6961440412708)
(-37.1419635516290,8.62014738778690)
(-16.6610540507380,-35.8993863299783)
(30.6941780185658,-25.2801912234362)
(29.8744585262292,22.2079898386556)
(-15.8100252260126,30.2046957029671)
(-31.7097467158001,-12.5653622793808)
(7.07304870096639,-35.8540564431143)
(37.0052152670743,-2.51618155869577)
(10.3838339845383,32.5614975060042)
(-28.0657992939732,13.0376644624353)
(-15.3803148858350,-27.6158235371778)
(26.9851201343065,-21.8095556164282)
(28.8035661875879,21.5976627784060)
(-14.1007051544136,31.8679533557702)
(-32.8685586272756,-8.35834290966975)
(2.66314279779129,-34.6940127461475)
(35.1270536156997,-5.22288027851118)
(12.5084768102779,31.9316542959617)
(-28.0675341494382,16.7177176543407)
(-20.8129106964084,-26.0268925794103)
(22.5797941282621,-27.2633867447598)
(32.4811883575070,14.8382186940717)
(-6.23833501865543,32.7989272644104)
(-30.8507125077304,-0.927983682187901)
(-2.82505790150649,-30.5790796192764)
(30.7525135490427,-8.38096755405313)
(14.7023452998141,28.5420774957911)
(-24.8208752095198,19.4810994690709)
(-23.5795286399627,-21.1742217720696)
(16.3027586365046,-27.8556744230066)
(30.2747905916468,9.64684718730268)
(-3.76939188523082,30.1488449506807)
(-30.2156916560434,0.567015029071775)
(-6.33936192505106,-31.0154775311011)
(28.9493283678657,-13.9290161468568)
(19.0206559954691,23.3264889586981)
(-18.7991106496318,20.3109451374133)
(-22.4195388117426,-17.1102120505976)
(13.6407815136574,-27.2396576645699)
(29.9455227290294,6.34892762657393)
(-0.294025263979374,28.1860628362658)
(-27.1972617314980,1.82089022534178)
(-5.50188719025983,-30.1065069836853)
(31.1324396306929,-14.6852365495118)
(23.8454788202122,25.1147545643606)
(-16.4334614546769,26.8247697654506)
(-26.4313452852989,-11.2764387653729)
(7.91269886655505,-27.9445963830341)
(29.7983138829411,2.15674423226260)
(4.02713190660060,28.4825926045458)
(-26.4710575319406,7.38542802275033)
(-10.9461312053694,-27.0367523784301)
(26.5867158228318,-18.4268249894192)
(26.0792196559694,20.4501718291108)
(-11.6998513201873,28.2573053531259)
(-26.7784666828383,-6.24837379026868)
(3.32554261069722,-26.9598832669118)
(28.3944013115602,-1.48878387332190)
(7.68443199263250,27.3167910607526)
(-24.4239019557946,11.8959231011904)
(-15.0667581608801,-22.7660925912019)
(21.0080217811834,-20.1371795640841)
(25.4939455848075,15.9347071174436)
(-8.94748367050668,27.5267695569065)
(-27.0472285683214,-3.63295889274444)
(-0.423465067341940,-27.0770085977301)
(27.0859039748731,-5.59436938397120)
(10.9982972556535,25.0377707807047)
(-22.0385770444499,14.7622484779295)
(-18.1849026263856,-19.6660743726539)
(16.1540032295109,-22.5123705618826)
(25.2914885371690,10.2667368069251)
(-4.98544856810939,24.9275840275816)
(-24.6215073557071,-2.31556594683708)
(-1.07352815669576,-26.6696538074124)
(27.5840891967638,-7.81957663912509)
(14.4674939426193,24.2676649365199)
(-19.8469905344287,17.6643253248581)
(-20.3055059055220,-17.4707966120373)
(13.9012376822361,-25.2199212738275)
(28.3868310273610,6.08394846514296)
(1.41703547324445,25.7882002464489)
(-21.8178152605682,3.34771349545458)
(-3.33270345130718,-22.7149154778747)
(25.9250152128449,-8.21359315499920)
(16.7267753792824,24.3947606318994)
(-17.9801112034219,22.2114889831054)
(-23.4635617754288,-12.2212798239880)
(8.54129756329166,-24.5946658973494)
(26.5061248910666,3.85916715029190)
(2.09234351133043,26.5048820801131)
(-24.6684988441095,6.75492039312687)
(-10.4631880639655,-23.3010699939273)
(21.5914249581761,-15.2891827184408)
(19.8585235479143,17.3732994767843)
(-12.3365902290995,21.6767217048126)
(-22.5339076892091,-9.19985840515401)
(5.95766867572892,-25.2712923685823)
(27.5372846235500,-0.622169803696657)
(8.16063053567757,25.3348654179304)
(-20.4509938697365,11.9907769513708)
(-13.0186826621453,-17.6116734129828)
(16.4748901303199,-15.4733222301442)
(19.0379698740561,13.3727053190045)
(-8.90328198282579,20.3224029729072)
(-20.2525439244363,-6.48593428240670)
(4.94621300251574,-22.5579418252000)
(26.1004514583966,-0.0254234667782466)
(7.86952998387514,25.9970158005951)
(-21.8009828900082,13.6560313440776)
(-16.1107632869225,-17.7550544119866)
(15.2671849832217,-18.5063765846197)
(21.8398134221509,11.6738739352296)
(-6.37309731080363,23.5692330750203)
(-23.2202242988869,-1.89853090191499)
(-1.36120906557399,-23.1990390591626)
(23.6793388507262,-5.74737124659507)
(11.2980600496870,22.1652734061311)
(-18.4626920137795,15.3736492705012)
(-17.5283071714580,-15.0477905572596)
(12.3616508499373,-19.8712600061162)
(22.5786160122459,8.52514845642475)
(-3.61701432286691,23.8029235842604)
(-23.8375300268474,0.561075769346737)
(-4.73760534270170,-24.4694445138630)
(24.3450006178048,-11.1505295097414)
(18.2376251272688,20.1180784377879)
(-12.5670392164412,21.4548608345703)
(-20.0181891484938,-6.63577910463764)
(4.57535045874300,-18.1641730901953)
(18.8301158036292,3.46917016634274)
(-0.486850863230771,20.3492846334739)
(-20.4404660136967,3.56537529226526)
(-7.12292461339063,-19.4709376163565)
(18.3243454897426,-10.5366868121311)
(14.3061115998296,16.3506641088370)
(-13.0188884863680,17.5107979293436)
(-19.4322523588555,-9.18328803800076)
(5.51740101256703,-20.6320975153832)
(21.4826088047337,1.59337742486042)
(2.74934750374974,21.4092103872095)
(-20.1801691362889,6.80138295982532)
(-10.2058842051160,-18.3835066666493)
(16.2829253710985,-13.3344953198623)
(16.2393320496146,13.5385804360206)
(-10.1517572210722,18.4788094910278)
(-19.9611905644737,-6.52553621608130)
(2.71619030064265,-20.8839547577223)
(21.0665295421806,-1.37671419682849)
(5.40071932793274,20.2690435113042)
(-18.7663165407528,8.97896023980389)
(-12.2532845362739,-16.8386344025503)
(14.2711649601502,-15.3153111126534)
(17.7608708539514,10.9745816304436)
(-7.36953920972841,19.3556251960980)
(-20.3493079191720,-3.68855486168662)
(-0.248127607872186,-20.7540347675355)
(20.2316837882157,-4.28292191096402)
(7.93034717758146,18.8813795716632)
(-17.1032136293775,11.2031225686985)
(-14.3333575127741,-14.7407182418565)
(11.5329020204698,-16.8815122054416)
(18.3929088901043,8.05985077742558)
(-4.86258068201517,19.4291212752647)
(-20.4537034710072,-1.29585880525996)
(-3.11357471745376,-20.5392465090564)
(18.9767750735162,-7.19307909142578)
(9.98518035678540,16.9665821032248)
(-15.5026612834414,12.6859544863416)
(-16.2551390037298,-13.1488643590723)
(8.73449536687730,-18.8325501231764)
(18.7477615518884,4.42679959566221)
(-2.46619533079859,18.2531873922843)
(-20.1623662796758,-0.597599218521591)
(-4.73955775107965,-22.3233215735618)
(20.2758891581341,-11.9267646320429)
(15.9064819544573,14.5048785487982)
(-9.90387561216232,15.8088101741953)
(-15.6841415163473,-8.29886352227269)
(6.64970245700808,-17.6773796006959)
(19.5681327800625,2.89436201065195)
(1.40045307136948,19.5340946191148)
(-18.5812591192701,4.82076972905467)
(-8.02732055866252,-17.5314459187791)
(15.7713712950064,-11.2687518779794)
(13.8776250110542,13.4343263452117)
(-11.1185020077909,16.3338877100814)
(-19.1655721316808,-7.76247483525325)
(2.57736479012701,-20.5577975937725)
(19.0784967760584,-2.05924826935980)
(4.00187856317092,17.3109207225827)
(-17.9789375134152,5.90505045064967)
(-11.1268049095582,-18.3035543025120)
(14.0134820562530,-16.9379688082019)
(18.0897741509329,7.24992755204295)
(-3.80155660774408,15.6426124471780)
(-15.2663413899174,-3.71090266637899)
(1.84305150369624,-17.7397104122902)
(18.5506452916211,-2.93319160199005)
(6.70724622530640,16.4835678001169)
(-14.9152244363044,8.45140978410398)
(-11.2599750801521,-14.4412276992039)
(11.8686993951775,-15.3179336434477)
(17.1529461842314,7.10848178136704)
(-3.72741077556097,16.5049467624083)
(-16.7467110731043,-2.09293510789093)
(-0.903435348401742,-18.0992602748163)
(17.6162577011710,-5.17436856308662)
(7.87829001758504,15.7957599691262)
(-15.4770034593075,10.1775592656373)
(-15.3721690480862,-14.5618983437802)
(8.51655148331884,-20.6273597470721)
(19.6814320999981,0.0440813565920055)
(3.16444136125542,14.0483080263326)
(-11.9123123419701,0.881933855308579)
(-0.815527446095440,-15.0695379413585)
(16.8891086263018,-5.72148416087634)
(10.2425820185821,14.4024057595278)
(-11.8905526603971,11.9675773315854)
(-14.7738069547399,-10.6281249186686)
(6.15486157074916,-18.7991423817930)
(18.2462495385401,-1.25730059449131)
(4.44621513220473,12.7483759566436)
(-10.1786638795974,1.66322088953677)
(-0.613390612692682,-13.8185356294434)
(16.8668537967079,-5.79010323734332)
(11.7662913841305,14.2378429966685)
(-9.89500729399997,13.6833072634259)
(-14.4840823867263,-7.70082532485830)
(4.87975434424439,-16.7338423612867)
(17.0528022158099,-0.174621624248100)
(3.20912763963342,14.1479676860684)
(-12.9846381258048,2.77171438512473)
(-4.31460833325531,-15.3586452194618)
(15.4674788040919,-10.0872337798782)
(14.1184692504248,10.4784612003237)
(-6.26344199555601,12.9871823100537)
(-12.3008503475896,-6.67096039360116)
(6.33849590852001,-16.2274888522218)
(19.6767520858463,0.699213595431547)
(5.70265585634887,17.6491670650192)
(-13.8296326995734,7.73549842453565)
(-8.25043321276016,-12.9736016364820)
(12.6947404561922,-11.3299076175431)
(14.7274379137888,9.53221710611478)
(-5.65067996576780,15.5148404813874)
(-15.8023304188174,-3.30830005128004)
(0.158098622822549,-16.9924541596935)
(16.0579971897723,-4.44242412073817)
(6.53613464038052,12.7602133394905)
(-11.9673176188614,5.99162666366477)
(-8.56244716948992,-13.7947360828474)
(11.4491698973595,-14.4234818019158)
(15.5085448326530,4.43453746735520)
(-2.24232780392091,10.5526705263759)
(-10.4935542178912,-7.51439805136017)
(8.11786892230676,-20.1701342176837)
(27.0979075509147,-3.84822664443840)
(17.0674997456989,19.9826379161236)
(-7.33984231865580,17.5851097845548)
(-10.2395695553513,-4.16998158711027)
(9.07879127465478,-9.41019457846343)
(16.2414751001756,9.34650956481508)
(-2.24647831574071,20.0762271482048)
(-17.4173341868610,3.71817536286791)
(-5.03702438855439,-14.7403369315790)
(14.9585597398227,-6.59121898612623)
(10.4750463027167,14.1954160519561)
(-11.0575563748163,13.4392431704193)
(-14.7138900459812,-8.22869838316569)
(5.68603195359713,-16.4780231879033)
(17.7420755241210,1.44195376295017)
(2.64883502376119,16.3315393460359)
(-14.7281164672382,4.08797404421746)
