3118860705463931156579181296.
0.040000000000000001
(2.06952512043816,3.98761863105356)
(-3.07841221898510,3.00562135571020)
(-3.87121931763940,-2.22781164866686)
(0.835190369697501,-4.74602439390774)
(4.81959571734812,-1.11667348586090)
(2.71987639578768,3.92737763259313)
(-2.81163258892851,3.69998869993720)
(-4.55661540904442,-1.57663083133127)
(-0.262760406596634,-5.02689618393943)
(4.37104616078336,-2.19621541997879)
(3.23487326184167,3.07125213154207)
(-2.11884913476243,3.75126555945550)
(-4.58404827575454,-1.04407165299118)
(-0.977408498208185,-4.93933122180273)
(3.74717257958879,-2.85293149761465)
(3.18169283930956,2.18653997499462)
(-1.87161720678379,3.11007599886347)
(-4.39166906961981,-1.61866670020868)
(-0.579755298412018,-5.76017792073566)
(4.83565965594727,-3.55207972910074)
(4.68658582358828,2.43299560032447)
(-1.04787817278690,4.42026080130647)
(-4.92849445106844,-0.331239695900062)
(-1.71317632624746,-5.66804865439431)
(4.57384162149148,-4.38569469323672)
(5.58953493669904,2.27309064463326)
(-0.563706183417227,5.90607630847268)
(-6.67252353418893,1.55924087500784)
(-5.38174317397635,-5.93874428874747)
(1.67489087131172,-8.02561148771388)
(6.18308205090343,-3.00093183246936)
(3.68019280000483,2.34874129778614)
(-1.31926244323484,1.81078248199832)
(-1.87370914315036,-2.51522507580556)
(2.12521821150861,-3.67672927863237)
(4.13838452923793,0.441232236045826)
(0.0833463279447751,4.12696565672181)
(-5.83054973199454,1.39974441377132)
(-6.21173345959280,-5.92002716206692)
(0.177358593416673,-10.1519027882486)
(6.88179028161927,-7.07093723796525)
(7.67879810741911,-0.630944498385491)
(3.58321276776083,2.47545800324528)
(0.409679816252109,0.841679914334887)
(0.965946516498777,-1.21762766398082)
(2.33507762765440,-0.361572991948144)
(1.01393313562918,1.52211632848104)
(-1.95239689030834,0.803676773761901)
(-2.88717160307292,-2.35623927573965)
(-1.08363549037599,-4.48985319810356)
(0.380479783805014,-4.27809139452195)
(-0.172462874224976,-4.57925862048556)
(0.261732204526477,-7.61788908229782)
(5.16405602236658,-10.2727301478442)
(12.1787159196678,-7.14276622577262)
(14.1909678651945,1.67097389244663)
(7.86039419949085,8.74452041189513)
(-1.13659167346157,7.28909875656364)
(-3.87509597467444,-0.439241883373809)
(1.35478031829856,-5.34536846050508)
(7.01590237524491,-2.32240189393640)
(5.72423015700943,3.66634498590589)
(-0.534066815360617,4.08775471495437)
(-3.06864044008663,-2.16949056991383)
(2.29677585723816,-7.27611441091476)
(9.73910319791973,-4.35846625130569)
(10.6316365293111,3.82071359011164)
(4.15672706519947,8.36040631926820)
(-2.09221686487497,5.19236046939474)
(-1.86791246525794,-0.509870161578339)
(2.40486388660103,-1.63748984272248)
(3.79320648187375,1.82835219741800)
(0.343162851514367,3.69910323345246)
(-2.79253386390550,0.480201287949389)
(-0.879988196375998,-3.99686055362140)
(3.88116645791580,-4.17322311304496)
(5.69039590000314,-0.484884208172596)
(3.39917334351939,1.55939961991391)
(1.98813891431246,-0.462846752355778)
(5.06096402377385,-2.10514693649210)
(8.88193261061845,1.65297930995320)
(6.80481720003401,8.47658556311473)
(-1.29860338461104,10.4773184953806)
(-7.51760671359593,4.25085427198475)
(-5.23529619027076,-3.95634016272027)
(2.38397275183473,-5.38040947902942)
(6.05197117629956,0.486019342036067)
(1.88030763286504,5.37778258650960)
(-3.97047138484584,2.86198722306099)
(-3.53434713082335,-3.58039696365822)
(2.58244126165469,-5.44046970290748)
(6.24022946673796,-0.528477369421467)
(2.75031405349117,4.19295959002572)
(-2.78766751752466,2.00502606149191)
(-2.24436615103413,-4.42923151030483)
(4.60067781866929,-6.38213725044944)
(9.47117555720479,-0.553268087994339)
(6.24824411085541,6.42442152014575)
(-1.11826728013564,6.44935838229285)
(-3.81070374398019,0.255553397107026)
(0.504955457225740,-3.93878421293378)
(5.17263138766514,-1.41818600028653)
(3.95379639285831,3.15582709578242)
(-0.519915807854353,2.70260345055507)
(-0.718400660069649,-2.13315000615273)
(4.83706425525715,-3.65658953525061)
(8.78263779918909,2.04096490915039)
(4.59974103318218,8.82571754094919)
(-3.98104919094753,7.89933947206582)
(-6.90226823501786,-0.441704899946509)
(-0.586758146602470,-6.41157460239315)
(7.05362144814420,-2.91470319816658)
(6.42852177373855,5.25603689097353)
(-1.45959431967980,7.39736672340379)
(-6.24698305236855,0.626683651412989)
(-1.56718345541109,-6.37505910109316)
(6.69481793906256,-4.57911450247731)
(8.00492748172240,3.68874892297412)
(0.819507918537785,7.74669311347438)
(-5.42065794712139,2.36863565227630)
(-2.48026218158487,-5.50076903227660)
(6.14609012155676,-5.73472088938301)
(9.89374798881343,2.07823651406861)
(4.65502386697222,8.47307161363707)
(-2.45140461249009,6.50728699214949)
(-2.87644295311149,0.303415922759760)
(2.28557336735553,-1.15676224124021)
(4.46717519494028,3.74688854469089)
(-0.324347861009290,7.42348227610373)
(-5.98596144276194,3.78360894906840)
(-4.69890212377581,-3.16166583042836)
(2.21735975419865,-4.51822985376246)
(5.75396355965002,1.44434211964195)
(1.18581494923875,6.70049521576919)
(-5.46127569947019,4.01404335996128)
(-5.26497192211406,-3.36569998015590)
(1.74278885073042,-5.88535350221118)
(6.53477062815023,-0.322467899422440)
(3.02335335949649,5.91582889767168)
(-3.86417009642062,4.62525883885632)
(-4.76913392013434,-2.26859036138879)
(1.56395416522359,-5.28057415133366)
(6.53084258116904,-0.0920646437165639)
(3.14383246694606,6.52289790965926)
(-4.48740989028665,5.59656244479909)
(-6.40063163313375,-2.02632216217842)
(0.0461448103974349,-6.58729461933029)
(6.53285364464729,-2.20439958862968)
(4.63250968354652,5.30633867288404)
(-3.08310888168796,6.00244841657854)
(-6.37470700959724,-1.12227253415208)
(-0.765080268095034,-6.80003975081426)
(6.61823816605881,-3.64205464779398)
(6.44536442250033,4.25211048585438)
(-0.645689514664518,6.84449735604306)
(-5.15836349063915,1.39866784733548)
(-1.49054822017568,-4.16138415761344)
(4.72061410258062,-2.09712195357811)
(4.39273828502500,4.69282997102487)
(-2.59459871086330,6.61581691008507)
(-7.07132171515159,0.426794930189209)
(-2.85124415637997,-6.15913428675157)
(4.80141511919303,-4.59927937925578)
(5.96176839179588,3.03571354488181)
(-0.810482347844225,6.64922071270701)
(-6.48031425867906,1.44725876229163)
(-3.47418679688672,-5.67245203413069)
(4.25052367283688,-5.24444277164702)
(6.42846187856149,2.17635792553761)
(0.133598787425740,6.70783948280306)
(-6.28311507868635,2.26249865268503)
(-4.26193443251320,-5.31987222879133)
(3.56211597006243,-5.99018194884257)
(6.81275675605512,1.14434888005894)
(1.15589254591366,6.58598619772531)
(-5.89884922476362,3.04658013273511)
(-4.94331744776095,-4.83677983672404)
(2.81217745707997,-6.62274747711672)
(7.10688547959305,0.0607349133196596)
(2.25026882828560,6.33085252021828)
(-5.29236044213234,3.83109433991388)
(-5.46380621070426,-4.15220057155083)
(2.02304106684597,-7.03072430396849)
(7.29001768183463,-0.969333045590140)
(3.40681375385970,6.02600121901612)
(-4.42318458979219,4.75765522635625)
(-5.82317174029107,-2.95178160772351)
(0.933768673178347,-6.74380855128800)
(6.66851283986432,-1.57436299111914)
(3.60450404268461,5.56493792586523)
(-4.21679822008701,5.03484094936206)
(-6.36008971919864,-2.51288363876633)
(-0.0198806918238978,-6.99257846399861)
(6.16290040181829,-2.44288087016124)
(3.69163689644039,4.87884459864714)
(-4.27182453435090,4.81901253273839)
(-6.99698492077296,-2.97689040784896)
(-0.561940627892213,-8.40237927837943)
(6.72978625508438,-4.34368695667043)
(5.34406377036422,3.67687731354463)
(-2.62575895674792,4.74577336752639)
(-6.05207415994202,-2.76005656691384)
(0.352355992334715,-8.70433432719856)
(8.64416396877636,-4.54768533806963)
(7.87162130110778,5.05323868480865)
(-1.37004501947796,8.00930594523415)
(-7.40668904083519,0.625989570075849)
(-2.66428088526180,-7.37545220399608)
(6.33378881525308,-5.49344409641803)
(7.45590303329250,3.74797375469868)
(-1.09014932158908,8.05370150419522)
(-8.34496398313545,1.50159262926647)
(-4.96525791609602,-7.65553152489567)
(4.53281479079310,-7.83419439448140)
(7.79753431289082,0.687478421618698)
(0.951539783370523,6.28524451540705)
(-6.39854545952326,1.49105421481663)
(-4.06974656809606,-7.08982517624980)
(5.02060125890374,-7.62340034841534)
(8.61280941580251,1.06609903322639)
(1.38863677744058,7.68544471663058)
(-7.79132611401801,3.24017206347024)
(-7.34654077818824,-7.11028074145210)
(1.97070816148041,-10.7910662694752)
(8.29454077414422,-4.22086169094055)
(4.43708631200564,2.81246279756271)
(-2.74073879256058,0.509541825834813)
(-1.78809922504480,-7.69551650281374)
(7.69646988841501,-9.66859069171746)
(14.1312755851055,-0.885515448631119)
(9.07027449933571,9.18479598290218)
(-1.63102107222200,9.18517060464773)
(-5.39480951678973,0.497552952956694)
(0.804818070568659,-4.89329870281796)
(6.97209209288586,-0.321481131838896)
(3.80871535387824,7.04247292669773)
(-4.82278956560199,6.23990323093984)
(-7.28345362329164,-2.50497786678309)
(-0.0190448638079820,-8.00005087461268)
(7.47554905585726,-3.15058119337241)
(5.29242818348308,5.40721260501013)
(-3.61554495673792,6.10083652322784)
(-7.38829113410797,-2.12935157177959)
(-1.16202237845671,-8.50442299224628)
(6.49645431239065,-5.02277942238656)
(5.37182478649571,2.70897339382660)
(-2.28640996705858,3.21072184356486)
(-4.61666979952681,-4.85416402306937)
(3.49573465230446,-10.2001010417247)
(12.5848586987294,-3.91298068493323)
(10.4503127374337,7.87318677873503)
(-1.49521724756209,11.0067868439915)
(-9.20453613577703,1.48776406858759)
(-3.65272541496895,-9.00101859872383)
(7.65490939817070,-7.81828111131322)
(10.4489190148251,2.63533925805830)
(2.04626755437566,8.47531416975227)
(-5.68706345609004,2.65990629087209)
(-2.43175902711140,-6.07977836488910)
(6.89367835502803,-5.32685180509059)
(8.97634683317586,4.19324070996363)
(0.217706138942006,9.54495571651925)
(-8.19622211693489,3.02108090807760)
(-5.15512417038768,-7.28938029052866)
(5.41128569387010,-8.09589413263117)
(9.60207968277918,1.35932906114729)
(2.06607906108160,8.19257342392181)
(-6.76572848536921,3.08628092004938)
(-4.61100690685718,-7.10392984117358)
(6.02908190602141,-8.39096631827588)
(10.9198594487950,1.47983214532538)
(3.10449863999653,9.60697592747398)
(-7.41066851101697,4.91886377043790)
(-6.57485154084257,-6.81263411272393)
(4.97495456847279,-10.1589499048628)
(12.3227679913878,-0.341235191088882)
(5.71682830038905,10.1597136626159)
(-6.44826638103672,7.76895341706276)
(-8.46234623577321,-4.30780486673291)
(2.05879352615010,-10.1674299228112)
(10.9261163261689,-2.12411131797986)
(6.01732166686851,9.02619493259181)
(-6.61287495161630,8.07056717393306)
(-10.4423982144383,-4.57291663172469)
(-0.0235765058288329,-13.1881508994914)
(11.8868942907384,-7.10994247944147)
(10.9299138458067,5.58962610805062)
(-0.393507615707937,8.92664303070810)
(-6.56679052110253,-0.113755109647619)
(0.186122701110867,-8.17998307412435)
(9.86847598680987,-3.82075694820211)
(8.54668041148103,7.12870261042380)
(-2.65375147122569,9.55093253033496)
(-8.90934002036090,-0.386006380055405)
(-1.64754844356472,-9.76681052901009)
(9.66726467853744,-6.07619998464683)
(9.91287571507714,5.88061708345628)
(-1.44823798407688,10.0747413726375)
(-9.33623421799630,0.550446004735181)
(-2.92982057703599,-10.3765711748925)
(9.79284332793180,-8.18433128620198)
(12.3058750353702,4.59619555937551)
(1.25276063035928,11.4800499023117)
(-9.03472872114688,3.57392200158048)
(-5.25905945018711,-8.79733314068750)
(7.54817357484971,-9.69283577872555)
(12.8998811981044,1.64381119051287)
(4.60624380121469,10.2260947404258)
(-5.47987255454640,5.47031085108024)
(-3.77544665405475,-4.94084724012314)
(6.71287412759923,-5.86307560985699)
(10.6475652279054,4.54489522888728)
(1.39924684890689,12.1351298784356)
(-9.55612299359096,5.89212369911396)
(-7.76863361218699,-6.84137810932029)
(4.66290741913399,-9.74601367098563)
(11.5178298357269,0.750717801427855)
(3.93022593133194,10.5124033729019)
(-7.70334311923795,6.43621399008283)
(-7.53578180378307,-5.97075959911297)
(4.42663214783795,-9.83653952973407)
(12.0979850492458,0.412384661292585)
(4.79510569081417,11.2632259140125)
(-8.15073445758103,7.95942060719745)
(-9.47257471018625,-5.58179662573798)
(2.98593959804652,-11.5433175380706)
(12.9981442623938,-1.75596125624958)
(7.22069216212441,11.1839566757691)
(-7.01423823139033,10.3099400534336)
(-11.1761589453748,-3.27338775627867)
(0.00627366254250879,-11.7288941945313)
(11.5171251034387,-4.06018422086707)
(7.94610035808479,9.28099578535233)
(-6.01616158285007,10.2601781505126)
(-11.7932767152467,-2.73218219060680)
(-1.67884411274656,-12.7263138821465)
(10.8861452490770,-6.85850879933025)
(9.38156965431596,6.37833998864907)
(-3.45211858050772,8.57393044188734)
(-9.11383752880874,-3.56387006056304)
(1.60634594734202,-13.2444838018830)
(15.5049767909651,-5.89864525328274)
(13.8907063186543,10.7232663753930)
(-2.40454416390912,15.8851145394564)
(-13.3216016135454,2.95867688717416)
(-5.45742404056077,-11.4790550691581)
(10.3444460502960,-9.03678092108055)
(13.1425220838785,6.47921662921700)
(-0.594770958000309,14.1731432678400)
(-12.4285250171231,3.73101999187032)
(-6.49625168272104,-10.9046680813281)
(9.30065837958000,-10.0915182010620)
(13.7032212313690,5.24182001203014)
(0.457138180985295,14.6011638418072)
(-13.0815893864803,5.12907415330630)
(-8.81801845650370,-11.0544032000614)
(7.90715262804126,-12.6577332888794)
(15.0934040839724,2.51730670014881)
(3.14666583172708,14.3876681081714)
(-12.2144541323559,7.00408021480400)
(-10.5269741740349,-10.2569029522845)
(6.41461584672806,-14.8876553759373)
(16.8689294061276,-0.833886270106504)
(7.75504882802629,13.6593078231214)
(-8.34914060980572,10.2745235218709)
(-10.2720012115135,-5.33725573329847)
(3.53713096599478,-11.6363367124302)
(13.3780036028383,-0.384365200911414)
(5.32815631079960,12.3421103009074)
(-9.57456029124205,8.22324419292093)
(-10.1555357762021,-7.87897410112533)
(5.72983726842844,-13.8221041974273)
(17.2508552424429,-0.131622866949482)
(8.07890645352585,16.2079450572549)
(-11.0681507798871,13.5002218382591)
(-15.5898889772425,-5.60502034840422)
(0.665022354338500,-16.7116835754284)
(16.7187580941501,-5.41592111138469)
(11.6553361286529,13.4807093758406)
(-7.78288403244783,15.1547021948565)
(-15.9002124265685,-2.51389289472919)
(-1.99895727755630,-16.0023747173619)
(15.2865576862400,-7.28072738233107)
(12.6090483020974,12.0511127685838)
(-6.87890704674035,15.9113958886735)
(-17.3080731774698,-1.53888098859083)
(-4.30287115464111,-17.7028722133260)
(15.6313996779003,-11.1957601367374)
(16.6065148453596,9.71228631466829)
(-2.42479652474371,17.7843971074076)
(-16.1787072256385,2.80890612091734)
(-6.56547688614821,-14.8327453506462)
(13.1961365564659,-11.3013038521102)
(16.1671791193278,8.77570135499455)
(-2.17557840280397,18.2776660255745)
(-17.5107402985143,3.87093796848176)
(-8.97315135963210,-15.7275695484849)
(12.6413072855577,-14.3150244099692)
(18.7329216419777,6.71725247753476)
(0.912431549799195,19.7242627568293)
(-17.4415521735236,7.37531969737519)
(-12.0092310478153,-14.0292994654885)
(9.93936156014933,-15.9650015916219)
(18.9169940302841,4.22173004659928)
(2.55577953645701,19.4061486228367)
(-17.4623143053060,8.75945275980093)
(-14.0284312969857,-14.0272355827745)
(8.90480432277293,-18.4961010640279)
(20.9446455881525,1.84993122503459)
(5.61864839704658,20.2137194039771)
(-17.0948826590633,11.8105289861445)
(-16.7884340158343,-12.7116994114784)
(6.70555867181835,-20.7410811662834)
(22.3407556999452,-1.02688970105521)
(8.80018887236778,20.6598009276985)
(-16.6454997763820,15.1843172398422)
(-20.3341840576219,-11.0052472573795)
(3.16661018495134,-23.6980243201630)
(23.2593787836071,-5.99975946742872)
(13.4664451551866,18.8787092629302)
(-13.2625568631818,17.9592243058117)
(-21.3188590838762,-7.69619425408928)
(0.335661168779223,-24.0217850564557)
(23.1666632433297,-9.08311205245459)
(16.8113530450713,17.4574636335496)
(-10.2485584513243,20.2333753942063)
(-21.6030470066455,-4.49701641329957)
(-1.56747546969854,-23.3359076604748)
(23.2402020118110,-10.1908359543189)
(18.9861643650071,18.2474741680766)
(-9.76014734508551,24.0218405868808)
(-25.1808786663540,-1.33036048942056)
(-6.38120357455442,-24.5637882560187)
(21.9974276335566,-14.4708407507013)
(21.8369512791406,16.0112421007568)
(-7.42056902888759,26.1312414559981)
(-27.0613325412148,1.55960342470358)
(-10.2776274363255,-25.5881943674478)
(21.3571430540015,-18.8019228621756)
(25.6379208205357,13.7317182486759)
(-3.98866740107808,28.9324751618146)
(-28.6438547307557,5.87258234650148)
(-15.1236316358168,-25.4887033788799)
(19.3036641446890,-23.2910449449982)
(28.8553346511887,10.2341670203456)
(0.112027981041342,30.6787496066012)
(-29.1288539244872,10.1869333328005)
(-19.4918860888784,-24.6157797219889)
(16.9292565705104,-27.1304506049552)
(31.5229602110820,6.85798674865771)
(3.79272742880970,32.3055651501937)
(-30.1429622660507,14.3304590780924)
(-24.6685391988319,-24.3846323347652)
(14.0262580561089,-32.5501774989260)
(34.8440658575535,1.28703546505259)
(9.60009298375524,32.1401403426627)
(-28.0971984423971,17.8887137238952)
(-26.5017845620283,-23.3564084749419)
(14.4216073802557,-35.6621783337618)
(40.7507971743556,0.0364693282638687)
(15.5957240012814,38.2878500387641)
(-30.0262240677505,27.8663225540062)
(-36.1454383705080,-19.1825113694708)
(6.46490340296372,-41.1795434981395)
(41.9185249950254,-7.97623943157951)
(22.0999244505541,37.2994348626254)
(-28.2133011976985,33.7389063684418)
(-42.1360920162798,-15.8195012336533)
(0.572722382413984,-46.2612645287565)
(44.4029709667698,-15.8073927759501)
(30.2040935028839,36.6327919507567)
(-24.9954257822064,40.9338762807985)
(-48.0301348412058,-10.6274932894984)
(-6.37435416344106,-50.4290093023844)
(46.1489740693077,-24.0075394357902)
(38.6952054747106,35.5801632086980)
(-21.2652829273543,48.8252663556234)
(-54.6385956607504,-4.40419524541600)
(-14.8475362713005,-54.8692936896166)
(47.4259960889425,-33.8913679245120)
(48.5627403951177,33.3012843621456)
(-15.8572419695158,57.3973405037776)
(-61.1586111723164,3.43508136298420)
(-24.4658494611545,-58.7973639039614)
(48.3371683797295,-44.4891017259200)
(59.3173530322424,31.1217303772099)
(-10.5387993946532,67.8267172096075)
(-70.5689864562091,12.5191953589021)
(-37.7948014830468,-65.1816823448519)
(48.9421850812368,-60.5275270231517)
(74.3495584095282,25.0518565602232)
(-0.140844740549084,78.8387656399399)
(-77.9644908077469,24.1394235522340)
(-50.5901641724892,-71.2887914422352)
(53.4708204946418,-77.4523575356158)
(96.6188282809906,23.3102643449906)
(12.8911407049338,102.055424880247)
(-94.3927883779022,48.1727264871614)
(-79.6764680419067,-76.1376533825118)
(47.7598415844345,-105.450311874412)
(121.583150789097,10.1784003073736)
(32.9622696693842,124.366472423253)
(-112.229197664012,76.8499407578935)
(-116.734433340481,-84.9875306687052)
(43.6811269479717,-147.546379722890)
(164.429101012065,-8.81163949744174)
(68.1808042720275,163.472007382096)
(-141.723623058129,128.731565984032)
(-183.358614544936,-98.3232853851061)
(34.7855426349248,-225.520931433672)
(248.904678399243,-47.5108850790679)
(144.835893214104,243.610833434102)
(-202.365600282714,244.309575709101)
(-336.557247809304,-133.076604042962)
(34.9937295442588,-441.746257348815)
(573.573728827285,-159.986403666096)
(557.541178394924,617.884429838027)
(-302.657065903017,1095.46420323073)
(-1370.72181256209,536.190931192542)
(-1568.15332414078,-867.938431942868)
(-446.881423088387,-2001.13242165652)
(1253.56373945034,-1814.77671173391)
(2205.10852847360,-345.611542860900)
(1692.75805147040,1281.78522461419)
(228.962937701120,1880.03091308612)
(-994.997348851692,1222.15647149436)
(-1209.10397327845,89.9740228675989)
(-617.795145004612,-581.884069612225)
(23.1806566012976,-523.412029146444)
(218.166818371131,-150.675241107001)
(73.0275203816557,45.2082270651199)
(-41.9404261845806,-14.9655933739258)
(21.4654791358026,-88.9238277139855)
(107.877589121386,-17.3716132617654)
(56.5926496327060,96.3963874439007)
(-70.9982384403084,84.5913586699068)
(-101.624512066517,-38.2583901994203)
(1.86614503711440,-105.973718299077)
(97.4121267814289,-32.7710261163529)
(61.4451507223047,78.2485489868723)
(-51.3445492695988,81.3557688450381)
(-90.5854419080046,-20.4032390102780)
(-10.5414803989962,-89.1322843571469)
(78.0978707483080,-38.5797520226891)
(60.9537420238332,58.5093742347080)
(-32.9128401398137,74.4234122293743)
(-77.7902667854976,-5.87966835612903)
(-19.1157410661229,-72.7751830024025)
(60.9065684543242,-40.8888277365598)
(57.6456447465377,42.5131707488514)
(-19.7383925825558,66.4644660649814)
(-66.7552894007652,3.22405154816132)
(-23.9336325961599,-60.5580738100031)
(48.7214210265338,-42.0583978656874)
(55.5846765639289,30.7902804792295)
(-9.07858121655629,61.0560731849386)
(-58.1626941325506,11.6141697193951)
(-28.9117287124989,-49.7799075219616)
(37.1420185938190,-43.1934784608138)
(52.9455960674435,19.5788145253726)
(0.677309004567895,54.7544056572702)
(-48.6068719525811,18.4514781734284)
(-31.3131872614052,-38.4504079584179)
(26.5848786809324,-40.8402891474714)
(47.4524330476110,11.9208914903339)
(5.31233057514471,48.4764811207958)
(-42.4954803053791,21.4793557668402)
(-33.4260877585326,-31.6649201854927)
(18.5394662761957,-40.8846199904328)
(44.0704985319623,3.97243812829625)
(10.9575627001700,42.1965952452747)
(-35.3022108204792,24.0286489632833)
(-33.7184400026815,-24.8608060087675)
(12.0718708393283,-39.6039749458858)
(40.8633920598658,-2.16745435828858)
(15.7725801402962,36.7770615673353)
(-28.4939311944639,26.3788385305683)
(-33.4287455014455,-18.0306517288380)
(6.08526562107918,-37.2441223830359)
(36.9281051567535,-6.98904416988629)
(19.0995983558983,31.5606144820384)
(-22.4696171497881,27.7818101855884)
(-32.6777472106309,-11.9302331622931)
(0.705298576239458,-34.4309853880062)
(32.4626730847785,-10.8995521942819)
(21.0111541706418,26.2181346802214)
(-17.2047077143235,27.6822360962112)
(-31.0540095390354,-7.40990494851984)
(-2.88508539573892,-31.8235952254128)
(29.1728246157174,-13.5731314568786)
(22.7491334237773,22.4214273314904)
(-13.0082013936686,28.4676472240289)
(-30.7056814760833,-2.77149620732274)
(-7.77269961747129,-29.7059946537740)
(24.6827159128137,-17.5867771675489)
(24.1382420435788,16.2188773776254)
(-7.28985188876010,26.5240548110130)
(-26.9043496760373,0.455788731226761)
(-8.69159101657046,-26.4510229271699)
(22.7781266067892,-18.2203278916596)
(25.7904320188013,14.1387807614926)
(-3.27609720748935,28.0598878000820)
(-25.9950457126263,5.96608221606775)
(-13.2147527080095,-22.2813435236214)
(17.0204182862937,-19.6885543368681)
(24.3898149135422,9.22798998767918)
(-0.201297150100020,25.5119593262725)
(-23.5039594932254,7.88512583304222)
(-14.7643013057260,-19.6844767463037)
(13.7959542492928,-20.6398690363497)
(24.0483713623104,5.65867440176822)
(2.82599352419433,23.8290377429301)
(-21.1643627272742,9.89126652965889)
(-16.0096020002687,-17.2521768353217)
(11.2025927469560,-21.4851611358098)
(24.3416045197739,2.58965032274662)
(6.29911437080985,23.0122944278318)
(-18.8131012391963,13.1225512600504)
(-18.0703454395337,-13.5146654111908)
(6.88996209112342,-21.6946293653713)
(22.7420614035980,-1.20334539114592)
(8.88674570983069,20.3332146334294)
(-15.8005052373828,14.5582282393926)
(-18.6536668970506,-10.3639553679627)
(3.55210948354501,-21.3115071044245)
(21.0417839268763,-4.32057147973299)
(10.9755656699398,17.4890421540567)
(-12.6296705568343,15.2144324072482)
(-18.2064948815693,-7.57882196776341)
(1.28809661131975,-20.2414982945961)
(19.5073175866257,-6.11382331356931)
(12.1720430053666,15.6171898526930)
(-10.7566263099220,15.8447494993193)
(-18.6673601252664,-5.76322769695305)
(-1.01720589402206,-20.6220963103934)
(18.9781056302099,-9.26861288267290)
(15.3358153537050,13.1595808914338)
(-6.56001273321890,17.3724704933728)
(-17.6696589050512,-1.40340438779641)
(-3.93000945810921,-17.7619033386852)
(15.6583556474666,-10.2706041937055)
(14.9215418478525,10.3673911284233)
(-4.65187552771352,16.2119525749397)
(-16.3765993136280,-0.429205048474579)
(-4.29407917763839,-16.9631275406249)
(15.5518771137692,-10.8923427534706)
(16.5858012384181,10.1417228717955)
(-2.93720212314530,18.5193169983216)
(-17.6453846508861,3.23625327715757)
(-8.60474438613305,-15.6750647449428)
(11.8939164562554,-13.7308635939161)
(16.8740464255993,5.87530986381155)
(0.256030386468476,16.9386708780000)
(-15.5703618081430,5.03960335718246)
(-9.69846174671225,-13.7435114173420)
(9.82162326478901,-14.5468696654448)
(17.0926171042077,3.38480501157432)
(2.79189842006710,16.1122975586650)
(-13.8165121059613,6.96034800246650)
(-10.7395437922486,-11.6183136926535)
(7.70711257744571,-14.9229304078868)
(17.0032768448572,1.24449797478773)
(5.05392117031933,15.3817414339677)
(-12.1017187441849,9.03889004441299)
(-11.9275874080734,-8.95310185654341)
(4.79534161281624,-14.6548067634388)
(15.4642900759936,-0.910497809718042)
(5.96635678895050,13.4961795449048)
(-10.7321878189334,9.17526730294191)
(-12.1610108718409,-8.08472305078295)
(3.67241424611462,-15.2525122639012)
(15.7838646995127,-2.79950444901702)
(8.22242460357702,12.7429861277623)
(-8.82749051972734,10.8818290830205)
(-12.7427720642226,-5.67632605145386)
(1.48813890157385,-14.8079095674039)
(14.7713162260466,-4.42449719389575)
(9.35978087090318,11.5776709952892)
(-7.65069049343512,11.8387177004180)
(-13.7831015231107,-4.21089029747631)
(-0.831412529866451,-15.6876228932228)
(14.5066802865670,-7.76464066110370)
(12.7225833349750,9.10974017980451)
(-3.14633947065736,13.3208578704519)
(-12.1295149436406,0.415011905909589)
(-3.18962585423635,-11.7330635121091)
(10.7384277900694,-7.10181182465794)
(10.6125813607577,7.45891387656957)
(-3.28844449565209,11.9833002621290)
(-12.1683857197265,0.306262730695408)
(-4.14990917766565,-11.9088809719981)
(9.89906264101361,-8.38462446116295)
(11.0946979399381,5.97819611185171)
(-2.16001867315840,11.7863565819256)
(-12.1361122093115,1.13473742693607)
(-5.53230799091636,-11.9124261803147)
(8.82695629398066,-10.1988291624120)
(11.9002676683253,3.63773092234115)
(-0.0925268738865333,10.8027161526804)
(-10.6555154397628,1.54461463459389)
(-5.10080899615383,-11.7499514224498)
(9.74305519342635,-11.0152544005836)
(14.4538477987470,3.39932708172989)
(2.72307677902797,13.0375733741323)
(-10.2611366122219,5.64152127788482)
(-7.82892439216142,-8.75259401318488)
(6.29507461115515,-11.1611728355370)
(13.1193100551684,1.32749011169040)
(3.55636109135169,11.9251486386168)
(-9.71048437882448,6.50166718613738)
(-9.18440429544257,-7.78676113683339)
(4.29775342445471,-12.1290063415189)
(12.8151389381919,-0.982115885300519)
(5.13260303985153,10.7237060773526)
(-8.55880301417652,7.42449707330095)
(-10.2562972212698,-6.60667322223752)
(2.12642964704644,-13.1156685346196)
(12.2684008888336,-4.02096240911316)
(7.18476059476168,8.16349188245727)
(-5.75908443432939,7.16769730118322)
(-8.91541636779028,-5.50441743736964)
(2.14405977532758,-12.8195979619560)
(12.8989780166875,-4.97335746007435)
(9.30205063499968,7.64779490168302)
(-3.56651331414894,8.35017099827103)
(-8.26438990201713,-3.70206837484001)
(1.94074382373461,-12.3570714740409)
(14.1952272233114,-5.70600251740346)
(12.8862891764187,8.40303743872920)
(-0.175879814456239,12.7688045544400)
(-8.57732775175788,3.11275259250354)
(-2.88316700024739,-7.03003853273731)
(7.64636643408973,-4.63682402528658)
(8.13970846026443,5.93767310748035)
(-2.01406293266572,9.58731299110234)
(-8.91256426313754,1.04294820611732)
(-3.24873996823243,-8.29258779955462)
(7.17734294342930,-6.03642825849379)
(8.17965750913899,4.39301023688529)
(-1.55745292117481,8.46449507621884)
(-8.66097321926530,0.224055064238879)
(-3.07888500921063,-9.55977366395551)
(8.30032304212972,-7.74110966418822)
(10.6951922699613,3.58927841913202)
(1.06224636003251,9.78749046813127)
(-7.89189867443398,3.04992171003667)
(-4.62380070458614,-7.35104148382840)
(6.00200309094535,-7.56728819318255)
(9.41509897038629,2.35088732924733)
(0.937111664597554,8.65690685862758)
(-7.93836641382623,2.44144531125937)
(-4.95978745684975,-8.31223139162628)
(6.37542566062131,-9.29072413840684)
(11.2993292510042,1.02122506909464)
(3.35313499368338,9.15966013209160)
(-6.96132911730328,4.43492033402768)
(-6.00340453738508,-6.91807460245000)
(5.01316371213963,-9.97769044875034)
(11.7004340744500,-0.840640735815142)
(5.58885456872853,8.32621472147582)
(-4.71194583046978,5.54491465585810)
(-5.07547316571116,-5.01692536568423)
(5.22250218319198,-8.58978175131507)
(12.3658217260747,0.477294923328747)
(6.23520029695011,10.9651646079189)
(-6.05838279384655,9.36028373530852)
(-9.27734402216400,-2.38590794883175)
(0.0904023597156189,-9.30727196893559)
(9.27174051758918,-2.91642829566038)
(5.89974857518067,7.76869888889587)
(-5.87991955254808,8.00590214291674)
(-10.7914265351180,-3.55253063428107)
(-2.06588100221896,-13.2008158432363)
(10.1976121836426,-9.76018290826727)
(12.3160148596934,1.66222479823713)
(4.14077667675999,7.15006406405752)
(-2.05649724451910,2.10099648434313)
(1.49797564390691,-3.88754912692343)
(8.20993120198797,-0.985177021034546)
(6.93388406326903,7.36400608686842)
(-2.35403633363954,9.37002476104159)
(-8.22772990847453,1.18395561141245)
(-3.06654853779378,-7.54233798319223)
(6.69431389522170,-6.21227202810255)
(8.94952594313469,2.91405829935934)
(1.61633600714413,7.95183537560656)
(-5.16398478388705,3.05476941869263)
(-2.81944808791454,-4.40977761875788)
(4.55835804516263,-4.31283547230921)
(6.37606303639292,2.63408301763446)
(0.110934656760827,6.34473026864496)
(-5.54236004990920,1.40924547118745)
(-2.87483359530801,-5.64265991414435)
(4.27822267332878,-5.62501644264230)
(6.14481574010374,0.487488020307143)
(0.957440365415276,3.05752371758301)
(-2.27089575708491,-2.29939049097854)
(3.53111576720371,-7.71133278887637)
(12.5437841826955,-3.33409588841079)
(12.5717365666262,8.41673672839167)
(1.32566821373104,14.3566405450017)
(-9.20885252402337,6.99738041176614)
(-7.12266137855546,-5.20312141573908)
(4.30582488368689,-7.80675377298678)
(10.4896623445232,1.60777730862360)
(3.86680686744425,10.5130032667122)
(-6.74217725187574,7.50068192477605)
(-7.75626937439274,-3.28791808294232)
(1.67485111304572,-7.88907678996254)
(8.91156527484745,-0.754156784398844)
(4.51401721403335,8.25835010151311)
(-5.53042016782157,7.01337842475041)
(-7.85357876820265,-3.02580939861220)
(0.757860315452021,-8.87208323527861)
(9.30931462972131,-3.05353711648517)
(7.07179408415115,6.80543542678734)
(-2.59070237008245,8.17745004252384)
(-7.00200941751208,-0.0801088541720927)
(-0.891911445992178,-6.67988043234194)
(7.05093824326140,-3.06578577529563)
(6.08784072642398,5.47499512647039)
(-2.30538638624702,7.23298344460446)
(-6.67947092267117,-0.178783773117658)
(-1.07713292978857,-6.75739155640066)
(7.00836017855724,-3.60803040482113)
(6.69436063823332,5.12410037827312)
(-1.72622607982112,7.76772594816348)
(-7.12396686377709,0.681856960667730)
(-2.30294775951928,-6.85001967945632)
(6.41125822121954,-4.88460914027469)
(7.47012890769101,3.99654057559352)
(-0.665928841966093,7.99699908536549)
(-7.40839382856361,1.54395115459220)
(-3.76504276339026,-7.39832060633112)
(6.08320994167581,-7.59328822621451)
(10.2933365435242,1.16755947287753)
(4.45523545816564,8.21634876174002)
(-3.39859466353389,5.91364413527854)
(-3.82485389830903,-1.11206061844501)
(1.98196982251917,-3.00683034964631)
(4.77723968017010,2.03879546417045)
(0.273596511367318,6.01704361642259)
(-5.20575063978553,2.60530340569765)
(-3.73691586857570,-4.01802625666552)
(3.11856256786555,-4.92854556337330)
(6.28346016945051,1.24976207183544)
(1.45129735246692,6.29876926217976)
(-5.01327268372859,3.39635512291001)
(-4.56179797423782,-3.72909396530806)
(2.12844378013877,-5.84003233639488)
(6.21478934039973,-0.590788544902320)
(2.73998987832939,4.48245909686952)
(-2.68447291479091,2.41588556876364)
(-1.69306780265793,-3.49067828325448)
(5.05613346741475,-4.04556804269520)
(8.25821582091781,3.08584307277529)
(2.38322592230206,9.51313396325086)
(-6.37658481232566,6.78275020437502)
(-7.59503502100260,-2.29623798416342)
(-0.0530508975637148,-6.82802695836085)
(6.53250563404885,-1.69651517965002)
(3.96678573937726,5.92397459810743)
(-3.96276944673972,5.97359126610668)
(-6.65463488170212,-1.45927890972909)
(-0.630000053284245,-6.49249069038559)
(6.05954241123160,-2.57651052284116)
(4.59994953313012,4.95433241942410)
(-2.96897792799229,6.06756081558417)
(-6.57363010743633,-0.689208405333780)
(-1.47861556075952,-6.37392464863577)
(5.53416529796880,-3.55993682558248)
(5.24788725915567,3.89187808152484)
(-1.80166333220035,6.07010337793887)
(-6.16020433697622,0.176102996733713)
(-2.06423330690450,-5.86569339187281)
(4.97281984221356,-4.01982989381287)
(5.58032750895951,3.21395469526380)
(-1.01643612932210,6.21145454339710)
(-6.04708207454048,1.03796307214118)
(-2.89710481108542,-5.39358103585719)
(4.15795830370218,-4.57764603925847)
(5.72276209328628,2.31265567167407)
(-0.230416676558094,6.08484011566637)
(-5.76514204609130,1.78484977875983)
(-3.60795336909518,-4.79747299264152)
(3.22849580448997,-4.93007918161410)
(5.56820615734027,1.45832876796737)
(0.307182162797797,5.80425463250798)
(-5.57548968009714,2.38181124999795)
(-4.45069924392989,-4.16825777239358)
(1.81345069355807,-5.22157639339250)
(4.54087318195808,0.220311758952784)
(0.0492202974014225,4.29132066705356)
(-5.35064184596589,1.00008958867575)
(-3.89601985480171,-5.54102012904631)
(3.01945644592268,-6.52870115751466)
(6.48809534995867,-0.340631569217506)
(1.92444141941519,5.07001872740393)
(-4.68330187236722,2.61623842090587)
(-4.56514106015973,-4.46297580713461)
(2.23104009067247,-6.76839837773586)
(6.83105324715289,-1.11306212260036)
(3.19239768787910,5.26680332813998)
(-3.98610696990463,4.25294116122735)
(-5.56552233172725,-2.50754620157387)
(-0.0827074380323256,-5.95986747130262)
(4.43630806079719,-1.83093119987035)
(1.38145057335658,3.61172575057590)
(-5.35409727198596,1.97249398476337)
(-6.31072241432486,-5.81213344373402)
(0.959648113497164,-10.2621560163523)
(8.29402582222857,-5.56420434501500)
(7.19988380960927,2.75796900261530)
(-0.323084410508168,4.80806212626781)
(-4.48626897900517,-1.13206858526776)
(-0.307657794436970,-6.73630458081150)
(6.32265120550399,-4.63381372749513)
(6.72086744182267,2.26554403507911)
(0.691138290416154,5.09328302003537)
(-3.75399168309972,0.828442633881258)
(-1.37928059820605,-4.15905711152650)
(3.51361459431506,-3.17092362389554)
(3.43569196594243,1.68428268293529)
(-1.72080839159218,2.63792614303046)
(-4.38127669570166,-2.71462336637480)
(0.245433242824993,-7.63393321718119)
(7.13011678783756,-5.08387677989264)
(7.59988887258241,2.53945912167857)
(0.789332652153896,6.02282574645284)
(-4.89373693102512,1.18151130941728)
(-2.50412587136368,-5.62024459951902)
(4.48988386584566,-5.67869678370900)
(6.81720129590007,0.797451780012858)
(1.52240106006532,5.14143502778735)
(-4.34346542005073,1.71236548808970)
(-3.22117828523696,-4.79659497114467)
(2.95242146863828,-5.82529523583768)
(5.51924727796311,-0.484394211867672)
(0.906493106087692,3.26224042268172)
(-4.34248732633752,-0.596103147819191)
(-2.16798800034089,-7.70765407676597)
(6.06410659189766,-8.68787352684603)
(10.8406568636267,-1.36916493432140)
(6.53847877024689,6.11550074792746)
(-1.44348905575547,5.55937831552887)
(-3.73517241530358,-1.08409804535936)
(1.06869149950061,-4.72190599631595)
(5.17610550386277,-1.20982183050330)
(2.42618203852067,3.50126513590357)
(-3.36919776981701,1.81594245464801)
(-3.69191395701230,-4.89736364277667)
(2.86774895810499,-7.85032684632232)
(8.15421714429723,-2.66552740531733)
(4.97665063781606,4.21860048715071)
(-3.03966249187954,3.41311698222956)
(-5.43072700381784,-5.16348753381509)
(1.99931392394254,-11.5606474999324)
(11.6169749398228,-7.86204850842427)
(13.1128857869680,2.12102854512427)
(5.84045809907007,7.66173694159151)
(-1.02053544371620,4.13419875537892)
(-0.167234983365704,-2.13188315147847)
(5.33157405296741,-2.65955191421740)
(7.02139227775678,2.51891482646895)
(2.32690033428780,5.76156725662311)
(-2.52136529803327,2.29117367355537)
(-1.01594131045303,-3.68580997078254)
(5.23923017262209,-4.68631950497700)
(8.88589377207249,0.552089201379242)
(6.12705800544556,6.00899476838030)
(0.752926444001817,6.30544742969427)
(-1.52373266814272,2.78986457977056)
(-0.100215037362335,0.478141693048954)
(1.14976784606099,1.08962826073160)
(0.0859737245475149,1.77482787172005)
(-1.12368105116249,0.277725967224169)
(-0.123331969140913,-1.66692988278471)
(1.67373601257131,-1.55568580088476)
(1.54028457054295,-0.587119422815721)
(0.534808904843724,-1.98190198325380)
(2.85548462661566,-5.09295306044372)
(9.16072290671323,-4.45887408212378)
(13.2844471720933,3.15621467735222)
(8.60307686300710,12.5450924992902)
(-2.83406831255453,14.2229193790187)
(-10.7039650831411,5.50152031089300)
(-7.56021456691890,-5.18545350572826)
(2.26450267561684,-7.23039477408843)
(7.43051342434725,0.000147708762160997)
(2.84540256221260,6.69495079329886)
(-4.69724638932142,4.63553485917655)
(-5.40837702574847,-3.05345566381765)
(1.28401228842273,-6.43988511967333)
(6.48720386556308,-1.62389243617401)
(3.58123730116028,4.47090212748477)
(-3.20257336026236,3.26382058500242)
(-4.25091006413651,-4.27452313119465)
(3.07018211164387,-8.69729935840918)
(10.9520461239121,-3.91276481289076)
(10.7689177173052,5.33788320093737)
