9999999999999999999999999980.
0.040000000000000001
(0.818418977987604,-0.312762707464661)
(1.94553597589506,0.115376630408167)
(2.27431806882868,1.39639953203639)
(1.39946985702667,2.46985231210440)
(0.0433708457065169,2.44399071759765)
(-0.706992296656017,1.48568602327442)
(-0.485849093715892,0.528166030757624)
(0.159912185435302,0.248661856217214)
(0.520363097246098,0.522254621011287)
(0.419751563287649,0.807332116353847)
(0.162867210982124,0.801576599104126)
(0.0411753084038131,0.608944650476024)
(0.0743761084487325,0.443455427464590)
(0.136241301949478,0.382376530280155)
(0.126845327273074,0.378360136653753)
(0.0100329219310812,0.327184849252020)
(-0.144156956838337,0.0879535522499086)
(-0.0914779899725518,-0.386379765339604)
(0.430965062007676,-0.828291005515179)
(1.30326731982486,-0.727519110029585)
(1.88002680331000,0.131810754154096)
(1.52993595987118,1.21495001906915)
(0.412799832195731,1.58619006691369)
(-0.497398045816967,0.892915737960375)
(-0.393158473660660,-0.141000062947595)
(0.432763237134850,-0.453144435792370)
(0.889680572868048,0.131457040629709)
(0.387803481234628,0.668972111557784)
(-0.405608940409134,0.232391820742373)
(-0.328390870888029,-0.913544342422897)
(0.869787235717681,-1.54914566864156)
(2.17832883616767,-0.894374959442354)
(2.45220143248111,0.515490870744920)
(1.63381754301517,1.48772908686892)
(0.644157329453201,1.48501313627033)
(0.225030857403100,1.00281159562364)
(0.242171654101056,0.722522346891261)
(0.188840064302167,0.684267230074032)
(0.00824600819037195,0.508370167759894)
(0.0667037762596698,0.162290240129135)
(0.431790474003873,0.0742550686833161)
(0.618249847684241,0.435735193204163)
(0.249536392029695,0.772122351473969)
(-0.306616518846927,0.510130245984988)
(-0.321237303879215,-0.186921371095735)
(0.320434683266102,-0.525732657710759)
(0.887098644584073,-0.0912732584929841)
(0.708789773607719,0.573651936808168)
(0.0532447893866831,0.644962132409314)
(-0.221877284404932,0.0891399053550924)
(0.193242901919315,-0.307434652974534)
(0.658086012521451,-0.00965693140073511)
(0.470236279374855,0.537775144955739)
(-0.157018925560041,0.526025313363162)
(-0.376137941737312,-0.0867025902455950)
(0.116525607131922,-0.489729831114131)
(0.625378272679595,-0.132887407190131)
(0.392003536056229,0.476324444629825)
(-0.325558531309044,0.429494451689553)
(-0.543120093123367,-0.311359382820971)
(0.104484995801406,-0.775212036468522)
(0.767636821564229,-0.257466897139557)
(0.425089194845961,0.646684524491972)
(-0.728873712274534,0.687777060595316)
(-1.39514378736729,-0.455194711870962)
(-0.725170589096439,-1.68388849825147)
(0.626896064199930,-1.76005254944013)
(1.29536102210028,-0.763075208900436)
(0.828105932409859,0.0966951974813184)
(0.0971013230554583,0.0164140287541516)
(0.0511485538866259,-0.502433587075029)
(0.494686679609653,-0.488601883781891)
(0.461831597247374,0.116173865420959)
(-0.383809098282586,0.365303809475137)
(-1.20966517433249,-0.412861213086325)
(-1.03155558715355,-1.68059486593288)
(0.0678943655115202,-2.31231560685552)
(1.08255476121729,-1.92427766557192)
(1.32562404742406,-1.20190784800488)
(1.12849250279944,-0.907743694425081)
(1.18513753230689,-0.959881298978907)
(1.54985208813212,-0.744787403651658)
(1.64596411077513,-0.0992545950215524)
(1.16497411716600,0.440547178595228)
(0.533726488220879,0.409730424000413)
(0.315049612915001,0.0588855612964542)
(0.439436137859311,-0.0383354967858236)
(0.373587732862636,0.183854635977361)
(-0.0423242909296429,0.231934873975582)
(-0.336259901472783,-0.144573813496553)
(-0.140980765514234,-0.494672524594058)
(0.142706653556607,-0.300367880316840)
(-0.180753127801871,0.148676078103553)
(-1.02908266531003,-0.0208470512648656)
(-1.40914668906789,-1.05480711151487)
(-0.640668009636236,-1.98102003790357)
(0.544116539538740,-1.64841176828518)
(0.607787708600458,-0.289165343248475)
(-0.951725256252416,0.414194084901192)
(-2.70681444912031,-0.879960491651209)
(-2.62270150975633,-3.48043666964938)
(-0.277955987909869,-5.12224571931068)
(2.51226573699515,-4.23490141142364)
(3.45083227972624,-1.57297405492909)
(2.01831649611162,0.576419655728808)
(-0.183297018766081,0.724717628562255)
(-1.29290698970624,-0.476696845062016)
(-1.17456058650959,-1.26308180677228)
(-1.38477339879176,-0.957017328891065)
(-3.17367806931407,-0.934805853481590)
(-5.63422968479632,-3.25223632209052)
(-6.01612705865889,-8.21034910269338)
(-2.15545278517878,-13.2835939051167)
(5.10832567541949,-14.7087801279579)
(11.8877857280345,-10.6339701480369)
(14.0190677499304,-3.10582994095603)
(10.5160348459412,3.14427001613194)
(4.59814661728473,4.44954015054219)
(1.03423587104401,1.30199544503153)
(1.95357427625207,-2.20409430021380)
(5.05874628665274,-2.31810504177328)
(6.14886431632787,0.756579852493934)
(3.55919290562860,3.29200592528674)
(-0.0923631259844971,2.20328499458463)
(-0.859386143328841,-1.42417956559432)
(1.93437923892399,-3.41709918145549)
(4.57167735569802,-1.28333729068306)
(2.86924796115086,2.49443731801789)
(-2.85052385326071,2.53625649228105)
(-7.21432620376665,-3.80340518663807)
(-4.64275184477583,-13.0770323028969)
(5.16640149014398,-18.3108771526181)
(16.6034186352835,-15.0652539394783)
(22.8748855865209,-5.09671507138262)
(21.3623192166999,5.58629248123685)
(14.7737364843916,11.8532129262664)
(7.85504864396781,12.7751156856730)
(3.48524132546783,10.7764975474016)
(1.57625306470956,8.55661967123576)
(0.688555894458371,7.11609214999622)
(-0.106820659690019,6.07174196000265)
(-0.812962802550182,4.90996914646066)
(-1.12653774067548,3.58949144633635)
(-0.918238344979017,2.35299735790983)
(-0.255002556987264,1.47710859590961)
(0.609200343774917,1.21462605498897)
(1.17546093601639,1.60592812828574)
(0.972141330624550,2.17674811236274)
(0.156205929678228,2.10133813184749)
(-0.320669704264122,1.02500492539760)
(0.465004829984317,-0.286406587560796)
(2.27543999161531,-0.463116232264488)
(3.63524401376394,1.04480916843650)
(3.19023509253892,3.14945107850524)
(1.19067863517210,4.00008283668854)
(-0.561863912964918,2.81287945552210)
(-0.403929047186609,0.757831754601810)
(1.54163951157716,-0.0879721953966001)
(3.43338856877025,1.29866222977330)
(3.40365178900874,3.94658313878812)
(1.19356845053384,5.80695538249175)
(-1.75339980968969,5.52924852789031)
(-3.62913829434063,3.42963739670615)
(-3.66298374488254,0.961500111516504)
(-2.42280765056309,-0.577836406377048)
(-1.03373754597162,-0.887189861176392)
(-0.224568044682756,-0.509045655731116)
(-0.00395177152786027,-0.107716931071883)
(-0.0114731943991902,0.0537159144368781)
(-0.00336587655553982,0.0776499953699168)
(0.0130627658686032,0.0909298537064491)
(-0.0133478025019112,0.0656713416251749)
(-0.00701340442937068,-0.0451311640535717)
(0.119966415893140,-0.135306179508308)
(0.256510346228479,-0.0485556123107667)
(0.154546919100801,0.140944794179488)
(-0.218895524849972,0.0954862246211536)
(-0.495383800663036,-0.398734513458394)
(-0.253103785533505,-1.05242888030204)
(0.411823325269185,-1.27983013093414)
(0.843374571323630,-0.906152615440896)
(0.553797394687547,-0.541984016705451)
(-0.0414287107904045,-1.00126358835250)
(0.132781073172282,-2.26735383380957)
(1.65288359372016,-3.23371673888027)
(3.77339448662846,-2.71263672422382)
(4.98592517282833,-0.714731151931425)
(4.47428398110404,1.45123016404391)
(2.88818438746553,2.44029507453267)
(1.58903743569818,2.11872720040626)
(1.26176657695219,1.45650769073650)
(1.44477660835113,1.32512471742598)
(1.34013237041833,1.66330770536238)
(0.762639988184334,1.84792448979572)
(0.128934886063765,1.56168097979863)
(-0.229385136439625,0.998912992017376)
(-0.343537384040107,0.356166287677264)
(-0.189229687526242,-0.427557618893070)
(0.564454885193397,-1.22394285580136)
(2.00693989484329,-1.35536231893588)
(3.34710476086980,-0.189996631638517)
(3.35076113290479,1.82985994483080)
(1.69743470580834,3.18395482655725)
(-0.354854422164349,2.69502195674046)
(-1.06856256622507,0.874858944736661)
(-0.0309387275819410,-0.503041732104126)
(1.43595807254084,-0.274359289405438)
(1.80167634257582,0.945059885646069)
(0.991332666861360,1.65206619731232)
(0.226348149418153,1.27070589034450)
(0.361441118536401,0.658290091308801)
(0.876085565032799,0.793968158190082)
(0.735785571497086,1.45071220823531)
(-0.123831898565649,1.57403225635646)
(-0.693445252013520,0.780459290537093)
(-0.269000294212231,-0.0790888614254393)
(0.578857997977993,-0.0471106081655976)
(0.764095222476929,0.660079682247830)
(0.143810494970251,0.960718377465151)
(-0.305711488633497,0.391080442381985)
(0.155999682935482,-0.250490698805973)
(0.981459066799450,0.0106225508562758)
(1.03097761498469,0.963872538576139)
(0.106293719908556,1.42811658482457)
(-0.738635819899262,0.786981230227508)
(-0.549322823433072,-0.196170439250776)
(0.303197968477596,-0.377202055442401)
(0.648170837478720,0.283278918898989)
(0.0787032603257030,0.719694008076796)
(-0.537081691263050,0.222820061601044)
(-0.257779478993270,-0.609353981569780)
(0.654141797614814,-0.691324512183770)
(1.09045434391219,0.0904178631001746)
(0.577452017126121,0.745636150723560)
(-0.131009591181896,0.520944310656680)
(-0.117829735741109,-0.127169096027531)
(0.462129973065077,-0.225812538225093)
(0.658013577166850,0.349025809617464)
(0.0899329944791971,0.725910375926376)
(-0.507848679834690,0.289997224682666)
(-0.319952361998890,-0.427384557185872)
(0.388307480379083,-0.472108277701863)
(0.613887851770561,0.198089916289900)
(0.00287111830552001,0.636236726190308)
(-0.651705793455340,0.215090019278954)
(-0.517462095907142,-0.495277682562472)
(0.0940467522779924,-0.529748277145489)
(0.144891256917964,0.0802384492768013)
(-0.644553106446561,0.284830176022778)
(-1.30733251463768,-0.539998156706540)
(-0.883198068362210,-1.65023189284361)
(0.253557857531541,-1.84210891271046)
(0.828783688421700,-1.03387282161826)
(0.323061147419486,-0.373671827818180)
(-0.389307230910859,-0.706456088182563)
(-0.287262992531921,-1.48912202429339)
(0.393211437922195,-1.64368448437977)
(0.565634964998885,-1.14909391215581)
(-0.0431516084782705,-1.10453981849222)
(-0.342571659930914,-2.10538231857252)
(0.670922058223562,-3.19698801239936)
(2.40406655442286,-2.98602000113247)
(3.26601651784142,-1.50474820059628)
(2.69608253579696,-0.249012330308446)
(1.87178375833538,-0.221133103134577)
(2.04066520929840,-0.613903355651120)
(2.71664951326746,-0.0242024275154304)
(2.32039435351943,1.39430982377876)
(0.531224356130649,1.89913583760271)
(-0.920298038552199,0.523008556566468)
(-0.379623332392437,-1.32706383866747)
(1.37453177547138,-1.46135201339810)
(1.88900642019857,0.155085402005392)
(0.249276027733709,1.09875673050067)
(-1.44421445688456,-0.420596602234715)
(-0.605077208226842,-2.95251918781511)
(2.31191032414290,-3.34223457595397)
(4.00354252402105,-0.794296134514893)
(2.39449265186487,1.77991709109431)
(-0.491013876850106,1.25785889041334)
(-0.873665850050019,-1.54075920692544)
(1.78615220392615,-2.57479381707113)
(3.55420161680149,0.187087743109407)
(0.728310153594368,3.43233207598984)
(-4.87279178678213,1.77833897190853)
(-6.80998029799075,-5.58030799241633)
(-0.876647529670551,-12.7079086704404)
(9.63206096265070,-12.4051686591834)
(16.4625966395247,-3.68322124573366)
(14.3224259309459,6.94697733818833)
(5.75282510188462,11.7660379555471)
(-1.93973991094153,8.89612283645334)
(-3.88526029490550,2.94856576088827)
(-1.29839367735840,-0.495823664671455)
(1.36452495932384,-0.0491235484411415)
(1.51910178523494,1.66987737594816)
(0.178180523757793,2.02046710788208)
(-0.499773812536727,0.999796756072314)
(0.00173021965161098,0.196126291428043)
(0.576715184531599,0.346071242288269)
(0.416359045294395,0.718767423316104)
(-0.0365411893757249,0.506290461816785)
(-0.00921500480950113,-0.0761334726972925)
(0.477095015354119,-0.315352503594255)
(0.806238577240579,-0.0653095039458251)
(0.715047591376187,0.198223064634296)
(0.523813110618508,0.176408889401859)
(0.483701310290263,0.0772736809921598)
(0.400311356868626,0.0697792067393131)
(0.130086849780664,-0.134860180175855)
(0.0937548982005298,-0.802605423458401)
(0.846239563699963,-1.48689485935753)
(2.16266670970697,-1.28908254078754)
(2.96333717969288,0.0558787313081558)
(2.39193506811732,1.64283418176050)
(0.808435793150599,2.20811640709614)
(-0.524726610483431,1.40371782715255)
(-0.702276009230267,0.0719346303591734)
(0.0628746411848778,-0.700950328761029)
(0.894748863448954,-0.579036137117138)
(1.19013491473692,-0.00711732348612649)
(0.971539690461625,0.455829538843609)
(0.552246278085842,0.584720148761728)
(0.181883246594398,0.407411110339007)
(0.0251780176957503,0.0289702181883686)
(0.184102321358964,-0.346050090216441)
(0.548807628632789,-0.449515969736569)
(0.781413489145615,-0.231288495196297)
(0.677787509623351,-0.00968593833800634)
(0.490943312717782,-0.107223319729710)
(0.643301277986037,-0.352279783643554)
(1.07621343681524,-0.217075511689596)
(1.16845210066035,0.425123608999744)
(0.523594998847396,0.936745689158661)
(-0.348819419227275,0.619525808434562)
(-0.512606400749037,-0.302797725120309)
(0.196412426015621,-0.803264473174444)
(0.834920839580285,-0.318004735706582)
(0.503456289841930,0.439440801219212)
(-0.409659628911558,0.332576888570025)
(-0.629677478798273,-0.635525540000407)
(0.283636459438229,-1.15079584857923)
(1.11727825655235,-0.260439551900573)
(0.373478651296243,1.15565650038719)
(-1.71186175230681,1.16582359459622)
(-3.11086414162723,-0.900607056216828)
(-2.22125824764845,-3.43069352273451)
(0.232360808978942,-4.20510261212390)
(1.96798940331267,-2.86358704948434)
(1.70760641109442,-1.20753594112664)
(0.459792687114099,-1.02432563348522)
(0.0845748514103982,-2.12864241976338)
(1.06226371502492,-2.90821127361246)
(2.20342509877803,-2.44746804638441)
(2.39415263705663,-1.46095036658802)
(1.92685667042368,-1.05836479689003)
(1.78610593036644,-1.24230313444741)
(2.13611859764045,-1.16715737741608)
(2.21279191953908,-0.575973944473627)
(1.65623889321925,-0.206923792075851)
(1.18796425281605,-0.570867124999335)
(1.51593860881816,-0.994088951265938)
(2.07049242715969,-0.533870406440526)
(1.64603022599966,0.431582575116413)
(0.304369746754991,0.435390610608094)
(-0.276824865331082,-0.929220342879918)
(0.959005707288270,-1.88568466967277)
(2.37204034197581,-0.506608869264732)
(0.992713317914233,2.19212476905896)
(-3.55526360632263,2.36031852489393)
(-7.35259669827473,-2.51382031791342)
(-5.64016030317569,-9.86005682776878)
(1.76478850092026,-13.6396861185463)
(9.37443665559324,-10.3889345177994)
(11.2124647777609,-3.20669223432753)
(7.00937726892934,1.11533570413957)
(2.54569271217484,-0.910938134313501)
(3.55577453806215,-5.88084568593199)
(9.74460937174428,-7.21178918958126)
(15.2870108024830,-2.03926712340913)
(14.9568043534198,6.10689112443993)
(9.09268471016363,11.2782905443418)
(2.45929627208024,10.9315462479897)
(-0.952224271953904,7.43951487237975)
(-1.20204505411475,4.54918405168678)
(-0.838105434938256,3.47775743276699)
(-1.29596857341084,2.79862520224592)
(-1.68989428926475,1.26313119934918)
(-0.779487335444156,-0.415527098143762)
(0.978611051594922,-0.766072906689694)
(1.93949834961862,0.275429430779149)
(1.41106800584694,1.17847488866935)
(0.535808881967357,0.734266585884562)
(0.843661411316957,-0.455433478571061)
(2.36233585429576,-0.739847426510770)
(3.57318187272892,0.593213322987802)
(3.15010512067274,2.48989330371337)
(1.38660884097633,3.30283138057652)
(-0.206457855620255,2.49296928929896)
(-0.484524002676569,1.01672525612378)
(0.337207820672109,0.209312679379539)
(1.13481568707631,0.513916375704882)
(1.05752357758223,1.26866766575402)
(0.226252795387182,1.50682481200904)
(-0.535396362832352,0.860348330086149)
(-0.515165105311304,-0.186782519751776)
(0.252960608707392,-0.785253972649395)
(1.01093418329808,-0.510667620627079)
(0.962249345448816,0.177910321367614)
(0.104064794192879,0.277248680635118)
(-0.594147184079418,-0.770150390808345)
(-0.0493686887791065,-2.32479560721394)
(1.70529281458564,-2.97324407712900)
(3.25997008746539,-1.98795124859587)
(3.14305058858499,-0.387576635972556)
(1.59722433084951,-0.206859629383235)
(0.836200644112553,-2.33690598083868)
(3.07790909439792,-5.06842885153327)
(8.03350163501502,-5.15434097537830)
(12.4675241055754,-0.772250492637848)
(12.6509501737304,6.37072687013902)
(7.63849468981356,12.0079710410813)
(0.298152906356916,12.6942447862119)
(-4.94856889487760,8.56899681105802)
(-5.63187722412620,3.03013179299084)
(-2.85699563082291,-0.242677374182298)
(0.180799337480348,-0.113237324306722)
(1.12395977044467,1.73158951385744)
(0.0862918157608475,2.87995398149286)
(-1.18056398242046,2.41012442418105)
(-1.34119589805811,1.23968822731797)
(-0.613719835408622,0.698013588400942)
(-0.118307469433339,1.06240532526909)
(-0.458794496673596,1.50498069802739)
(-1.13953872250265,1.22693164347237)
(-1.28986088648828,0.370404434178580)
(-0.708482643147049,-0.253176072137765)
(-0.0222667166168398,-0.161832341924688)
(0.119834611232761,0.285505151089233)
(-0.207660786359018,0.402526993441788)
(-0.385042410024038,0.0182160898471833)
(-0.0567379678407062,-0.378543935253697)
(0.455791542556260,-0.310149335151142)
(0.617184266549347,0.0877841013160827)
(0.381823093923277,0.286883334884672)
(0.221069308559884,0.0883978687833580)
(0.453910895960891,-0.117386539436817)
(0.782350171414160,0.0930178586826834)
(0.678817943007937,0.540832037942020)
(0.145898507907203,0.608958703327416)
(-0.172027102540787,0.0551807200526627)
(0.248501935086264,-0.568624502854314)
(1.09800137108340,-0.498469521593498)
(1.50761697902311,0.319136713525804)
(1.03508542764207,1.11010174662520)
(0.172974704204576,1.14262471100495)
(-0.245777517003281,0.536996736288492)
(-0.00702879726602654,0.0386916425742643)
(0.336932636259274,0.0746260411929779)
(0.263713291422547,0.291516915226304)
(-0.0345176605477588,0.123863403335818)
(0.0497623538000462,-0.389956396395541)
(0.678069823158074,-0.618190584930908)
(1.28217565702872,-0.150236848231495)
(1.22745519457075,0.648800824853857)
(0.566399490969445,1.05002621216759)
(-0.0603828661542138,0.792779481858790)
(-0.195482648543969,0.291838590549911)
(-0.00264608999488452,0.0386474450396199)
(0.110039126471767,0.0445261771930977)
(0.0636728437648352,0.0120832263172713)
(0.0868447439049911,-0.132841639664722)
(0.233441380877403,-0.169651533470767)
(0.246232199663661,-0.0396944993078225)
(0.0173028206704727,-0.0575443793125871)
(-0.0831512917658524,-0.437647516776842)
(0.336843818153155,-0.787928965450126)
(0.953676708871805,-0.466254947396458)
(0.846010835927896,0.441563817054039)
(-0.367308880735734,0.829473012462547)
(-1.68365114777652,-0.336694080631098)
(-1.44728334959394,-2.60851140851412)
(0.864583640555367,-4.09004961287658)
(3.77958495124937,-3.19515043783702)
(5.05413523676045,-0.337931682756192)
(3.81853642939955,2.35103845647447)
(1.35681078068132,3.06160553762350)
(-0.288686125660253,1.92440636090008)
(-0.307843545852661,0.555596717825125)
(0.410114449445193,0.211309180823822)
(0.604591778340841,0.663835960640288)
(0.0641092832535386,0.863827443241997)
(-0.412719268399954,0.341994682680975)
(-0.192962725378644,-0.350409696051272)
(0.437939377357410,-0.486424037561751)
(0.754491214331439,-0.0733070096257143)
(0.522734453338632,0.269286746739277)
(0.188561714829701,0.148987089745305)
(0.213239440657613,-0.176387090026668)
(0.506759633495338,-0.243026379631514)
(0.644178266631189,-0.00298595181601670)
(0.469604590802546,0.184499760104944)
(0.259765350254814,0.0861145703112978)
(0.296879357946500,-0.110649160033740)
(0.484149928472294,-0.0969738096004766)
(0.505850346225633,0.124963284257284)
(0.264548315682214,0.260388872501071)
(-0.00552129713429946,0.120611633961468)
(-0.0595538431106802,-0.157148599016662)
(0.0710440858007403,-0.327554568575191)
(0.188377927359955,-0.345946344642060)
(0.222018782097167,-0.350838189319605)
(0.277612423049698,-0.403490909501968)
(0.411025506662972,-0.395185521315200)
(0.500955782142913,-0.244726807038883)
(0.420322903806810,-0.0610479828952978)
(0.236159832038892,-0.00290263179659421)
(0.108008320811509,-0.0423656237404930)
(0.0142758832614121,-0.0201376323730421)
(-0.253797519108607,0.0380003023304983)
(-0.731532338996740,-0.181205265585831)
(-1.02737953820099,-0.901967244954888)
(-0.633961987118569,-1.80873664948737)
(0.435101481050296,-2.16321154647784)
(1.44212039766021,-1.52019735121899)
(1.52603516093135,-0.298575524991853)
(0.553942888612864,0.491134629494530)
(-0.690707679051814,0.162031812161245)
(-1.21881775260670,-1.02400781716621)
(-0.715377117302294,-2.15678143691706)
(0.294957293468371,-2.54763568043573)
(1.07524594365341,-2.25495330845334)
(1.35895948679607,-1.81296327773506)
(1.41229363564606,-1.59307196789322)
(1.56616521813228,-1.51956841212757)
(1.83974421760181,-1.33236273069256)
(2.02794340785371,-0.957671786195566)
(2.01470441546878,-0.540517228919103)
(1.87225360812414,-0.202555100813979)
(1.67921400149254,0.0857503176068213)
(1.38057047481436,0.360843668876673)
(0.913271009685603,0.506212377931600)
(0.408941038585273,0.357326176441992)
(0.140735735421868,-0.0355955253409825)
(0.213134684125021,-0.358903838618328)
(0.369468201813422,-0.339173903586149)
(0.204139519936550,-0.0822466603153290)
(-0.407551051338711,-0.0364441487772658)
(-1.13028329105781,-0.580287132635572)
(-1.44054740382452,-1.66425143924630)
(-1.05068894773656,-2.86455435158255)
(-0.0563938353430547,-3.73267977809745)
(1.25019985713319,-4.03579324029427)
(2.58183377902946,-3.71267494757062)
(3.64483340274688,-2.77375240756999)
(4.08561642604491,-1.39096093101033)
(3.67559871199258,-0.0345727259155899)
(2.63205246657575,0.701603066044244)
(1.61556728748334,0.590761680622504)
(1.20385209853963,0.0576954455285405)
(1.31905655511481,-0.200150108366890)
(1.31284590994841,0.0328467925516721)
(0.742165857779347,0.215660623971293)
(-0.00880223724179122,-0.318106778722228)
(-0.0672179472875897,-1.46758112758346)
(0.901297508992554,-2.29391205738249)
(2.15640391212306,-1.98868490943071)
(2.57098425681391,-0.833497116618778)
(1.85686793409156,0.0175854167588185)
(0.910315983435442,-0.212634529993285)
(0.800174858104450,-1.05388130295852)
(1.52647440944490,-1.35281084753135)
(2.02142928219088,-0.660181814532078)
(1.43675991991748,0.195668786136969)
(0.205463469724427,0.0699007433613829)
(-0.417583340343294,-1.11757650990353)
(0.172634987603413,-2.24442817923887)
(1.20352654895136,-2.29504284760082)
(1.44196148533492,-1.56492945535634)
(0.677389924251245,-1.29588021118959)
(-0.0264387582419885,-2.15409905164931)
(0.345050064671806,-3.39154843253805)
(1.43377384099646,-3.76259002949980)
(1.83977816355341,-3.17203085385035)
(0.858096004134937,-3.07880930312041)
(-0.313463394695604,-5.01628182616914)
(0.642084752173501,-8.70352850680512)
(5.01748386480271,-11.7458317494585)
(11.6188157611136,-11.3377792706398)
(17.3344033845802,-6.45906909622890)
(19.1934138168162,1.27775206480652)
(16.2303010672375,8.64307193409712)
(9.91926833537563,12.7185300801815)
(3.16655599058693,12.4073036527968)
(-1.32702590826615,8.77977971670752)
(-2.41234492682673,4.25288945144406)
(-0.883213091048610,1.10949387218098)
(1.31236129688290,0.195054838815744)
(2.58050855674656,0.658563505992449)
(2.81293642558648,0.994372464047137)
(3.16971924784610,0.572918492092365)
(4.65063216030871,0.279584136775707)
(6.78074703476522,1.59127763520100)
(7.73906763173910,4.90897459437177)
(5.91849495026761,8.75841052323935)
(1.51175264324643,10.7018894835712)
(-3.33378983790227,9.21602789353430)
(-5.95486582829213,4.94165805264963)
(-5.02978522798320,0.318897601942880)
(-1.45952237714952,-2.04382921972898)
(2.26870424486826,-1.05778397771623)
(3.72188578018973,2.20151886919147)
(2.09080093595991,5.25689502028451)
(-1.31326191606127,5.91556510361800)
(-4.01958635662179,3.78582336928798)
(-4.22848731404799,0.509493011660735)
(-2.14854793014947,-1.57475940784199)
(0.304453223128975,-1.32633163751906)
(1.24461922089871,0.379513683386204)
(0.416342778276828,1.65871635892181)
(-0.842335440882050,1.45084238281180)
(-1.14110139010058,0.350145839546367)
(-0.413159824771886,-0.313601467662818)
(0.283609353560619,-0.0158423058024731)
(0.156270483824963,0.520991230210748)
(-0.411041939289742,0.358259175132960)
(-0.417537284964244,-0.473109116794707)
(0.494187363876805,-1.02188468996090)
(1.59946727120949,-0.551887245286038)
(1.91804928644429,0.630295774531178)
(1.25278371155418,1.56335255419565)
(0.267208374024861,1.65587316505988)
(-0.321309236628555,1.13523808142941)
(-0.380562023683313,0.569078059237223)
(-0.199278781737092,0.226302289555226)
(0.0313487958414874,0.0349398929516297)
(0.338303809028471,-0.0369806622913802)
(0.663939414214605,0.140926784284074)
(0.740094010058967,0.564354513845237)
(0.407181635477909,0.909679752782902)
(-0.0869170272904304,0.840250743079420)
(-0.306919981010048,0.431456118942518)
(-0.138748773306655,0.105675189323894)
(0.0894750767692821,0.116535433687363)
(0.0528690943142135,0.255874741327752)
(-0.149587291241720,0.173747578100315)
(-0.161948048718819,-0.127673989926815)
(0.112872334662689,-0.300179422020990)
(0.362123283545112,-0.140789592612245)
(0.285495584645810,0.113188568942973)
(0.00908482946113118,0.0950411986495475)
(-0.0789641091857482,-0.198354685836749)
(0.151825457143771,-0.404045824545528)
(0.404754336036789,-0.281700569257223)
(0.359283474720945,-0.0293713566449473)
(0.0945421329525721,-0.00879299292695769)
(-0.0297469979038287,-0.264976342763980)
(0.146540941490459,-0.481956420612885)
(0.389650930314451,-0.405813176408669)
(0.388699326275152,-0.154130259751943)
(0.126250770563676,-0.0368481964379323)
(-0.160326563028091,-0.189203176613100)
(-0.284107971806449,-0.501440973694691)
(-0.227837804081716,-0.832012753658443)
(-0.00863930058109882,-1.10918634094885)
(0.364755958780265,-1.21662770104926)
(0.723428940392866,-0.999022346810627)
(0.726695247513007,-0.538141632270246)
(0.243822685141805,-0.276767783017195)
(-0.326484373157181,-0.595286427661184)
(-0.416719495457319,-1.25711220063578)
(-0.0705656018218196,-1.59065510519873)
(-0.0560258596136048,-1.44479946005579)
(-0.833224289202066,-1.71997059391560)
(-1.49228346731917,-3.44645207719458)
(-0.257937701873531,-6.16612308394941)
(3.52066604346770,-7.64784332982126)
(8.03249246647555,-5.78736000657827)
(10.1745369093462,-0.932148244559564)
(8.36502853809074,4.01364712279563)
(4.06604346459354,6.09760856701223)
(0.320626630811997,4.87332358549503)
(-1.08587268909628,2.32314497344599)
(-0.753442238293038,0.475294765740554)
(-0.146093784022844,-0.406660514974829)
(0.375159761906961,-1.15488496481289)
(1.49289178511369,-1.85125396521784)
(3.21949585489079,-1.47964482991818)
(4.14510072889295,0.420620762569994)
(2.97096891618153,2.45024293054613)
(0.473791084932356,2.48695278640338)
(-0.836042467464100,0.190640459357069)
(0.641990659480255,-2.22485453628086)
(3.66514194882170,-2.18998999817690)
(5.33975749640516,0.423187998636158)
(4.21070787396217,3.15629511528147)
(1.72992996147589,3.68123427379764)
(0.466310942730305,2.25245177084593)
(1.21044953986545,1.14434815927915)
(2.29806161571103,1.89148148179785)
(1.74832728300192,3.60135119573376)
(-0.424025336803777,4.14866807217171)
(-2.32916924770786,2.64885601402797)
(-2.37171818896517,0.336113882206133)
(-0.855789667969178,-0.922164479508769)
(0.613148283338503,-0.545077036352284)
(0.919956640832342,0.500131855334874)
(0.325442019133461,1.02018956907920)
(-0.236407636938715,0.761531205290982)
(-0.281613515064583,0.277625004961157)
(-0.0343935814010516,0.0547715482944066)
(0.133817671083161,0.0739794291641157)
(0.156636302307804,0.102676648572627)
(0.156847407937584,0.0720250768064094)
(0.163741040387179,0.0444361816500450)
(0.125704653245165,0.00178158685565732)
(0.0910566478319419,-0.134507060238841)
(0.183433939816126,-0.318050288666771)
(0.392706376355690,-0.384990853987401)
(0.538188096168760,-0.285559612087172)
(0.503571633771380,-0.186126689163174)
(0.411084197310909,-0.261019903678450)
(0.471833598026371,-0.457289001534051)
(0.717182107075999,-0.562673397191558)
(0.979507072737495,-0.470221848906547)
(1.11807988467367,-0.268703357397186)
(1.14831077960455,-0.0737408539384648)
(1.12399590766589,0.106169653783108)
(1.01727677286227,0.277639276916039)
(0.813696660216499,0.350151686745699)
(0.642752742428297,0.248191864575697)
(0.658325777626539,0.0905827894595923)
(0.791396179084696,0.0924207840358161)
(0.789882018213171,0.248506890130494)
(0.590415259953604,0.279061083950277)
(0.500514975079702,0.0301584756309978)
(0.812518422190212,-0.184417669662807)
(1.28099467103072,0.113252029610159)
(1.24976269581834,0.873070377933909)
(0.446004128073910,1.36696556373172)
(-0.525939201219064,0.953491873718924)
(-0.748651832568747,-0.0940349246468691)
(-0.0485385137566794,-0.793326750019096)
(0.764874728839574,-0.557230093294832)
(0.846874645930303,0.138969904697803)
(0.300731667149429,0.386025095274087)
(-0.0479705840672531,-0.0239843573410813)
(0.223851088500742,-0.419887034766500)
(0.610636792230026,-0.240115532556919)
(0.449165285047340,0.168340984075543)
(-0.0834410633525627,0.0507421292849955)
(-0.157773698304274,-0.629302868355550)
(0.535771576470590,-1.02541952767688)
(1.24446711482878,-0.519716094573415)
(1.07322890165056,0.367693820562128)
(0.194256616372776,0.573887988488627)
(-0.318764268077530,-0.121203750103265)
(0.109204990526538,-0.783090800815986)
(0.783692926319701,-0.570220582344391)
(0.691412689199344,0.111033512507775)
(-0.0726773353218483,0.153222577441147)
(-0.379315329570205,-0.685864435451601)
(0.376237736814163,-1.35081397042941)
(1.34147118330937,-0.881810619546150)
(1.27298987171454,0.207400405522761)
(0.248739166269607,0.523240392713381)
(-0.346506615344839,-0.322970314093203)
(0.316483158352367,-1.10151275068138)
(1.28597833201031,-0.599203856341333)
(1.04130647238658,0.621734840229480)
(-0.350077777290546,0.840855992985636)
(-1.11800621569007,-0.453616388763694)
(-0.126469828832484,-1.63125208400094)
(1.35926646236650,-0.939534836913547)
(1.05965492380151,0.984837449966390)
(-1.28866603195826,1.56553855115734)
(-3.22411645498973,-0.534775747104975)
(-2.40762774492822,-3.49488902951086)
(0.421660066435970,-4.36045195592891)
(2.27577707474747,-2.64683142318766)
(1.66212768119451,-0.865454818555351)
(0.403737882543932,-1.12393221227216)
(0.957678619016565,-2.20808562235135)
(2.62117676468331,-1.26638981177261)
(1.93378294234110,1.74433238469826)
(-2.56551638680264,2.81736370355095)
(-7.10855018112591,-1.66922780851944)
(-5.82222066840569,-9.68983754227592)
(2.55484875605267,-14.2586387846547)
(12.1372010697760,-10.2888448011573)
(15.1434353171293,-0.285485058643188)
(9.62394646445674,7.74099528875995)
(1.23482936214902,8.14626956057170)
(-2.80182505522629,2.80069636419736)
(-0.760832924527667,-1.78448126461538)
(2.99986929503357,-1.60352016123823)
(3.72860547136051,1.46414699608969)
(1.25144817060264,3.04042846066504)
(-1.00117037938010,1.56919636692842)
(-0.717057309507587,-0.651546763383051)
(0.895534443501232,-1.05375866498686)
(1.36694873785270,0.0668032266175446)
(0.307948930039561,0.533887475206631)
(-0.469381791131949,-0.537885737999490)
(0.300305300966874,-1.73266301848219)
(1.65493157649043,-1.49355223261268)
(1.87039116518010,-0.257127987654350)
(0.827885682545568,0.256603936234656)
(0.0675773889263381,-0.583595970256322)
(0.635772442522838,-1.55715301913729)
(1.73315975553799,-1.32532318716086)
(1.87815922688856,-0.190835738734580)
(0.850557153326855,0.417090903160671)
(-0.190062391313987,-0.164555243796442)
(-0.348367264820939,-1.19092225025857)
(0.0153045259661609,-1.79453753766953)
(0.210722586673958,-2.15620384462046)
(0.473066371981653,-2.86190553652344)
(1.52863109234481,-3.55080004891397)
(3.06331675183999,-3.12521375044097)
(3.56409555900773,-1.52056284159108)
(2.25703143975850,-0.467506376478110)
(0.692366898844219,-1.64803330768255)
(1.43267821441129,-4.22165445323428)
(4.89616265670807,-5.09730377026402)
(8.19025007902904,-2.25179972170469)
(7.83326165492442,2.57921579638423)
(3.60474975129523,5.24227907591258)
(-0.896852735490557,3.37649757313480)
(-1.80555848166231,-1.12490700518190)
(1.22052315734867,-4.11794119693045)
(5.02784403570997,-3.35415256575051)
(6.44746235273500,-0.242562231357733)
(5.16461911019572,2.26515703549710)
(3.14299137258798,2.78120803646687)
(1.99274150358290,2.13718151533967)
(1.63562416507913,1.56397362580252)
(1.35466615915855,1.18673750654105)
(1.19248493395560,0.559611232092640)
(1.67752940943529,-0.0629570032477621)
(2.55483477433800,0.157257923158259)
(2.67253167547657,1.26303704445239)
(1.45407917106067,1.98788319821172)
(-0.0428546406214263,1.14732123330077)
(-0.161991090598970,-0.739679952094461)
(1.31573231094449,-1.85572292122557)
(2.76598854306166,-1.25143703875685)
(2.66968846349757,-0.0976806267024356)
(1.59620703871230,-0.295434745042945)
(1.65324757159494,-2.00641743863589)
(3.88506787166426,-3.18002409774398)
(6.73830083026844,-1.85134692379291)
(7.59698338712322,1.42351586662234)
(5.73967281538338,3.96159206835095)
(3.26386158477882,3.88217456025446)
(2.78675980101550,2.25013683974579)
(4.46004911759366,1.91736804392347)
(5.68874560831504,4.28213485390749)
(3.93874407407636,7.56087033859490)
(-0.411481018298821,8.50923724057080)
(-4.25431786444394,5.76407908288722)
(-4.76373124250971,1.28085270244812)
(-2.08516842710961,-1.56407517479191)
(0.969038599458211,-1.17133189526916)
(1.73793711157107,0.986488665814634)
(0.144848362647803,2.06410965761478)
(-1.51377607993528,0.655629498657480)
(-0.951450961108199,-2.00941377795253)
(1.97891419337299,-3.39590831943594)
(5.28882175291697,-2.01495980168773)
(6.70033283655009,1.40491366017795)
(5.47382313145479,4.75331493806414)
(2.68906186842962,6.33507948628650)
(0.0551363662723077,5.96078980436734)
(-1.44602736051004,4.60567355932148)
(-1.93417355738159,3.29130985568935)
(-2.00563593339585,2.34966992362592)
(-1.97996822328205,1.57931476118446)
(-1.76295464509571,0.834323049816399)
(-1.25365794914340,0.289278579309064)
(-0.663088662124680,0.164213095914580)
(-0.345555854087242,0.359105021272372)
(-0.392266608594697,0.495473226849578)
(-0.514979914263008,0.318968603484231)
(-0.370816290606234,-0.0280677479044107)
(0.0572053098497668,-0.185718473253083)
(0.460991883598492,0.0140993420050562)
(0.562813774270480,0.382213728612696)
(0.397995281917418,0.610727364012986)
(0.222394405760352,0.604454054928846)
(0.199800719171407,0.527582439890746)
(0.249681297986069,0.559959855473226)
(0.196282241603820,0.684627090412475)
(-0.00336603093523111,0.738084583068930)
(-0.222212296163110,0.615631199921737)
(-0.316413249470877,0.372577928740241)
(-0.256852620468698,0.139462705438647)
(-0.109900447136608,-0.00246548172628618)
(0.0518513427269857,-0.0443500238684474)
(0.181147730988626,-0.00263555964559945)
(0.234575905853286,0.0935871265763875)
(0.185440516991466,0.177885468807598)
(0.0746619257592187,0.169068828297832)
(0.00535623919983861,0.0523075516201721)
(0.0472847336126170,-0.0874821904034785)
(0.159048028453083,-0.150196719150024)
(0.239688497941013,-0.132271305479087)
(0.255795656987992,-0.118872446461018)
(0.278016196869993,-0.159040991043335)
(0.371600490139744,-0.188882167475025)
(0.483742107164295,-0.114295930686661)
(0.486137924840578,0.0471459198823219)
(0.331522337615984,0.153949153115366)
(0.128854473267862,0.0862943204373721)
(0.0400277205690098,-0.123876024688724)
(0.122473635095809,-0.329754689385277)
(0.296406261062591,-0.415124440773751)
(0.444252892750493,-0.374247985657062)
(0.497734843220905,-0.270052928909370)
(0.434508518342262,-0.177889389706505)
(0.266631585121776,-0.193395916583359)
(0.0973519791519889,-0.423705649345696)
(0.149960402308167,-0.866141122737800)
(0.618018215323528,-1.27796876001819)
(1.40640194238479,-1.26951579047956)
(2.06953788795431,-0.649297707329297)
(2.13150928892755,0.303800239289061)
(1.53841653077783,0.999837681385460)
(0.754486743323351,1.05455139000822)
(0.335049302057772,0.646493016624249)
(0.393028915416116,0.306286735633420)
(0.538948097319654,0.340270907219092)
(0.370227457253047,0.520873893179098)
(-0.0404634200727983,0.394918897213646)
(-0.220210204876973,-0.142471275539908)
(0.146758400159884,-0.674377567141729)
(0.821283840391274,-0.698238157345730)
(1.23223027144444,-0.176747566916633)
(1.06651139545751,0.420767018105873)
(0.560468155749046,0.618542158640762)
(0.190684847280655,0.396172327402381)
(0.156015235559829,0.110894921498072)
(0.246947416620079,0.0284626879945818)
(0.200467115136832,0.0446690847675266)
(0.0625514370487827,-0.0980899966122208)
(0.112202489667234,-0.413022172168273)
(0.466792544398490,-0.604445378131134)
(0.878049109933177,-0.415694007755296)
(0.978631156024370,0.0443219352242711)
(0.682977779008185,0.394763401066799)
(0.269804994877868,0.380882075153641)
(0.0694097636816095,0.109918855768471)
(0.138461760964141,-0.119574128124258)
(0.277355160373394,-0.152050341351120)
(0.307979542407069,-0.0796141575740333)
(0.247281224349738,-0.0527531679437462)
(0.204502038382914,-0.0876375281045714)
(0.199647380234678,-0.104267612977367)
(0.161080246567334,-0.0883622861702171)
(0.0728629241586262,-0.120400707052636)
(0.0296736281122642,-0.236269695913241)
(0.106915419204142,-0.339530307632250)
(0.235409427347073,-0.309966735791251)
(0.272241341405225,-0.160956024443951)
(0.174246897860040,-0.0168135790703495)
(0.0217422012496400,0.0594210829756526)
(-0.144881907391930,0.126539186753558)
(-0.418897206338837,0.205919119267330)
(-0.867428202860386,0.141371731901608)
(-1.31911862229687,-0.254665938966239)
(-1.45381931745649,-0.899123790449735)
(-1.17937085017885,-1.41033953653183)
(-0.829621099864075,-1.50199948400652)
(-0.842367294225424,-1.36660612802511)
(-1.22680514257078,-1.51846724772326)
(-1.48875794372461,-2.19539553066746)
(-1.18587724205719,-3.03376151834237)
(-0.467329313707155,-3.47626480143671)
(0.113888133638877,-3.45072672471127)
(0.330553626427469,-3.43209186547750)
(0.591406803392697,-3.73677926493514)
(1.31576814371398,-3.96853708795749)
(2.12167063786514,-3.49924274729567)
(2.04609662484363,-2.55352678848242)
(0.852720778305243,-2.43702644835191)
(-0.0812752662979150,-4.20622902544603)
(1.27096078532849,-7.02406343363600)
(5.35780471191397,-8.26634856377499)
(9.92423011722219,-5.81095916799917)
(11.6043402259000,-0.393081138451319)
(9.00175792283653,4.59979189897000)
(4.15236532329707,6.04876568113649)
(0.678837900854414,3.92713495653546)
(0.388429055067744,1.09637392295323)
(1.81452393278693,0.251590143781820)
(2.19548267313400,1.24865747256303)
(0.688792869858802,1.64727139041289)
(-0.715999684028228,-0.206637707134458)
(0.426214005057571,-3.02564089960201)
(4.00935900173268,-3.78978005217026)
