20708559982326431831001677851.
0.040000000000000001
(4.99561050438876,2.67709418582660)
(-0.862191909135515,4.06628273735254)
(-3.98038737324628,-0.840718936340249)
(-0.331403416311136,-5.13899013134936)
(4.78422902066944,-2.85527252916953)
(4.06324252333383,2.81032185148946)
(-1.68160030053591,3.93421958824549)
(-4.66627292942849,-1.12151635044231)
(-0.981741964792754,-5.44730070831720)
(3.95322669929790,-3.24943761125773)
(2.96685077171661,2.00562833550152)
(-2.77144378248560,2.34940964814072)
(-5.20122804067429,-3.58450030336441)
(-0.405301478297886,-8.51630909438377)
(6.03558242058666,-6.36695623244275)
(6.70133383010799,-0.350912868186051)
(2.27615728140285,1.77521577334642)
(0.0395336537472934,-1.53030001437956)
(3.29739176581587,-3.89384844462435)
(6.76152796489095,-0.557887983259061)
(4.35314526600315,4.50408929000407)
(-1.70520329076483,4.07370775691744)
(-3.54065527430748,-1.89449780857176)
(1.47149143388081,-5.70429106608118)
(6.79961889116513,-2.26860184672632)
(5.46918167698394,3.90916984544254)
(-0.561356581337864,4.85406067657407)
(-3.28443819220960,-0.106194235613226)
(0.321363730105565,-3.76536977427593)
(4.43833185567639,-1.24326582796872)
(2.87373074921600,3.38569297497244)
(-2.24114534239679,3.15333485202477)
(-3.70121211187264,-1.83941698805982)
(0.380497079812453,-4.69063659218042)
(3.89500334979198,-1.70379668988965)
(1.59246232455746,2.20545545402795)
(-3.16422528365405,0.509898210794468)
(-2.91999501322874,-5.38323453778835)
(3.28469324392941,-7.67096148785849)
(8.19042158289537,-2.83537987119756)
(6.02395052166996,3.43704997719095)
(0.125792057664797,3.97371066907376)
(-2.04956475863724,-0.399092016154837)
(0.733689809843482,-2.83422324680934)
(2.54930607395724,-0.732887619051940)
(-0.135913759162575,0.701141117435744)
(-2.58401812843283,-3.12403878680774)
(1.34468686311111,-8.14526608864998)
(9.12878403877210,-6.37948271936517)
(11.3807043136906,2.39404839247275)
(4.25858783146698,8.68051985473228)
(-4.38913627604235,5.01430694034303)
(-4.45223473955353,-3.94398371486055)
(3.40267953924540,-7.03864398477787)
(8.64428666368632,-1.00085943237879)
(4.77976827847779,5.58430009419888)
(-2.36688210249503,4.03676701056814)
(-3.02700380735845,-2.92021140662566)
(3.14616152659488,-5.43123009214287)
(7.03252429149981,-0.358350875423365)
(3.10296716620076,4.54176924130487)
(-2.74705138538518,1.77901767277553)
(-1.53457596645558,-5.07765947197125)
(5.95843270359876,-6.16787769239595)
(9.86429784161375,0.851339487291113)
(4.71311908783323,7.19746898673066)
(-2.89827274718138,4.76119123412708)
(-3.16038697012801,-2.86674985992158)
(3.69075818859967,-5.34817857766863)
(7.92697738480385,0.306804088250976)
(3.80964695855373,5.91150679747210)
(-2.68681336936589,3.65633381204352)
(-2.45832837773910,-3.11426949841977)
(3.96282429105233,-4.80685433409745)
(7.26812734480417,0.838504078594932)
(2.57170621682311,5.52072052719560)
(-3.54412047187153,2.01898716903161)
(-2.02107396086898,-5.53502636493365)
(6.10345689707158,-7.08537446746342)
(10.9625084101830,-0.291385916649549)
(7.15650171019869,6.43809777574026)
(0.701524268243339,5.52472082748841)
(0.274406817712073,0.243504831044701)
(5.22191822589756,-0.508721690433313)
(6.98759959488214,4.99608879763195)
(1.60297778168982,8.98695281704954)
(-4.51281086624012,5.38884268095981)
(-3.55237189134300,-1.40882319475823)
(2.67418232930841,-2.58584509718264)
(5.25593005887620,2.82513725427831)
(0.629253347428463,6.70770680156573)
(-4.58481886999959,3.34117012369564)
(-3.08027724374992,-2.64208418465097)
(2.80391095076747,-2.98722956035250)
(4.52243428434059,2.38958961237346)
(-0.407398504693091,5.29605333536722)
(-4.76851160684165,1.00143892768653)
(-1.87512581754323,-4.86740933674522)
(4.80754493456233,-4.16575536325550)
(6.39573906514527,2.20773492984509)
(1.11306630865200,5.47243865146246)
(-3.14641516525294,1.37690594467634)
(-0.0401799920366752,-3.67953528097184)
(5.99484382795829,-1.69659420888607)
(5.77869561172461,5.28964255102147)
(-1.48629187668451,7.56874400919940)
(-6.48975246091939,1.23183051893784)
(-2.33275237635121,-5.95844276535284)
(5.86748643590697,-4.78631903522631)
(7.72629572467545,2.98475553244048)
(1.54790423700380,7.12334700991155)
(-3.72042147108615,2.93015816048239)
(-1.12857340592091,-2.64751126603589)
(4.70678738314812,-1.15269612934980)
(4.41368677825539,5.29055219983381)
(-2.56964014993064,6.92906847407317)
(-6.80027349160652,0.291996538332436)
(-1.86680363915609,-6.45399999012545)
(6.44611985803466,-4.39293950161222)
(7.71999971748152,3.96935443409977)
(0.846168338787061,8.08177776913584)
(-4.82263877893335,3.56854552752131)
(-2.48163074947578,-2.33432700934925)
(3.13558326655424,-1.34979823301253)
(3.05737610268732,4.31029181843502)
(-2.95527161019735,5.53087788927739)
(-6.13445909495316,-0.367350708647426)
(-1.38344215703282,-5.57223971256502)
(5.18042204377150,-2.79672809567330)
(4.63450961045704,4.24250245054879)
(-2.17345160772533,5.82513547184237)
(-5.68427778865708,-0.191539140316101)
(-0.976373139852019,-5.32567044411479)
(5.32159894710663,-2.34773780672502)
(4.33314699396711,4.55758161873413)
(-2.57467798477211,5.66386710395924)
(-5.69800951534872,-0.603061911162305)
(-0.664857140958619,-5.43028102945054)
(5.38127926803252,-2.04229423226323)
(3.85832366088429,4.70486025830762)
(-3.08030531380664,5.15694855644592)
(-5.51587913837738,-1.43256554708464)
(0.178822557970533,-5.70964551636209)
(6.02522601869382,-1.40087638484186)
(3.56073010365461,5.63972280546089)
(-4.10723201857912,5.44530631075320)
(-6.39620523616795,-2.02877386227668)
(-0.00815889617008585,-6.59980215909068)
(6.29160765902676,-1.96516856701105)
(3.77418947644230,5.41076135046021)
(-4.03954919786103,5.20147691075001)
(-6.19925065578225,-2.36170594525667)
(0.391928113672133,-6.72360265346051)
(6.55678399281941,-1.71584184922404)
(3.58861742080344,5.73841117815262)
(-4.53855986905716,5.17791495430871)
(-6.59335463597355,-2.80477693917028)
(0.310293347092444,-7.30245579026895)
(6.66608228228620,-2.22003171993282)
(3.77582216436025,5.26213160297385)
(-4.17678438851759,4.70125892738413)
(-6.00980253766445,-3.07807017520495)
(0.849854254518151,-7.20512497165857)
(6.84237785358057,-1.98716597629544)
(3.71742758736842,5.18163940104382)
(-3.92508354815702,4.27114120227587)
(-5.17382298362818,-3.27373208448837)
(1.77989145797823,-6.59282797329272)
(7.04127356933259,-0.761780142896721)
(2.93770923633356,6.15697770461448)
(-5.07285459080848,4.35611949799398)
(-5.90989320138052,-3.89703377438791)
(1.63807660190222,-7.29983489322504)
(7.15906399100285,-1.25012196338268)
(3.12554829028856,5.74455700710653)
(-4.63701492585818,3.99303794802075)
(-5.20392695982566,-3.83141434313577)
(2.06724203823023,-6.54529581744262)
(6.67215989821687,-0.290592268728818)
(1.86067625735673,5.97024787221696)
(-5.70472966617998,3.12549397538571)
(-5.27593904062032,-5.06616909342730)
(2.68273193601487,-7.09907702045372)
(6.87497850201192,0.000557447245544657)
(0.998368729654662,6.14879772260034)
(-7.08449377943564,2.10314446105539)
(-5.92998039750344,-7.43913618382298)
(3.62931102760238,-9.96770478811331)
(9.43639092603383,-2.24046504089211)
(4.59289724974630,5.34248723777956)
(-3.29695763851050,3.15877212346970)
(-3.00872368734489,-4.49375129563837)
(4.56533001943292,-5.79714024977852)
(7.84087968435888,1.70511459216606)
(1.09187462056889,7.46952135275985)
(-7.13416002558461,2.72412739490721)
(-5.64543983550370,-7.02096036441520)
(3.89400871976500,-9.30579786234332)
(9.23973475234929,-1.73076308294740)
(4.41243994124517,5.05887037425392)
(-2.44616303539304,2.44525268751120)
(-1.05873936506240,-4.29524246070205)
(6.23884686131519,-3.97195203331095)
(7.91634164118054,4.11872175141343)
(0.0353467269557718,8.78043030255719)
(-7.49844801765274,2.76677213598684)
(-4.47404920532238,-6.44778159865703)
(5.08036336396158,-6.55913051299856)
(8.02535370393503,2.45204763133945)
(0.215811514038305,7.99128624028322)
(-7.57932474996913,2.17757676250025)
(-4.48715401910345,-7.10560512346864)
(5.28287743579693,-6.99216797652664)
(8.05724525443130,2.47190648480301)
(-0.431114132324011,8.13238294470459)
(-8.95314386937907,1.68027302673631)
(-5.95223737204414,-8.91844845461827)
(4.86843643273596,-10.1972492217166)
(9.82385315582182,-1.23796142789743)
(3.79065727564257,5.70112248384386)
(-3.58452252837551,2.30440109275110)
(-1.99990767555784,-4.94590986920883)
(5.29911660616071,-4.80379479962587)
(6.90943871795697,2.61040434103977)
(-0.0469401915389085,6.41342055823050)
(-5.91949534234383,0.931801813619630)
(-2.66366162022533,-6.12534818943706)
(4.47807792026522,-4.99617813781671)
(4.73211799542537,1.78456187919157)
(-2.14896259438920,3.00791235186995)
(-5.00335293969075,-4.48890529862839)
(2.50565698818585,-10.2367204789634)
(11.6383494281162,-4.58359313413477)
(9.81003126954890,6.80607238337111)
(-1.61694160171698,9.55399730769573)
(-8.19648172062508,0.117265033301426)
(-1.73400911548847,-8.81967928422744)
(8.31447459990317,-5.35985753774242)
(7.63067808167162,5.19654086487701)
(-3.12893161632920,7.46303605936374)
(-8.90825399338951,-2.72718788829314)
(-0.889973970985107,-12.1531849729827)
(11.0647528415888,-8.04773232460971)
(11.5458685457779,4.34141858678875)
(0.521353911194208,8.70338019334202)
(-6.63501908800729,-0.226011200659146)
(-0.0965646635204531,-9.64676615515357)
(11.1934771191772,-6.29517178539693)
(11.9890049817478,5.59104534300509)
(1.50733507376947,10.4389157171875)
(-5.99106562092463,2.73888117594622)
(-1.10335044370898,-5.91629039071031)
(8.14645602488884,-3.38348537145063)
(8.11400965311607,6.33581752274460)
(-1.32567489983403,9.30165252899872)
(-7.07869890790841,1.45167012707860)
(-1.62376468230789,-5.99437535133252)
(6.51322045448990,-2.78542023763018)
(5.22348231741612,5.79922036121887)
(-3.77525590011377,6.70822367875392)
(-7.42930627665641,-2.03182022341733)
(-0.145719661481066,-8.35201283886648)
(7.98803863520446,-3.38349731250404)
(5.47166173914355,5.65876051277982)
(-4.02874411085682,5.52889072215854)
(-6.56301674622726,-4.07858058948447)
(2.30542954245083,-9.66520368975595)
(10.7798091887552,-2.82650744673134)
(7.07910736340184,7.59116315451391)
(-3.93978623119855,7.49703456394857)
(-7.30938520845824,-2.82808150497688)
(1.26004104333850,-9.08112019913525)
(9.48680653254570,-2.95193359753935)
(5.93019179995955,6.28792292253334)
(-3.76839404624950,5.06292132075797)
(-4.88404955816150,-5.00040064738130)
(5.23423539250480,-9.05910182700657)
(12.8306085663624,-0.0953415361998816)
(6.81579819607601,10.6089072532805)
(-5.34929151059244,8.76573195893445)
(-7.59922573846389,-2.93938191515214)
(2.46552894400742,-8.34934463252106)
(10.1850362857371,-0.307024590393192)
(4.39742812245940,9.29769539805988)
(-6.72797025555584,6.26013368171647)
(-7.04166227445851,-5.68735086890445)
(4.65923155648062,-9.73374258394319)
(12.4019868634289,0.421704088129477)
(5.13033364540237,11.2555418142515)
(-7.56243177864911,7.88467220637203)
(-8.39311968252277,-5.11177428295376)
(3.59759849728181,-9.75319235413780)
(11.4732580587932,0.411319808336769)
(3.83524682602318,11.1157411069183)
(-9.15087327351885,7.00070275561042)
(-9.58930670150571,-6.99747686297472)
(3.44918911803719,-12.2601005695287)
(12.6225127903921,-2.05544313555028)
(6.22164518781080,9.38482885747346)
(-5.95579242770506,6.78453670296432)
(-6.71747063065689,-5.14951211963483)
(4.39532990253816,-8.87828388968899)
(10.8357805705341,0.932578975728478)
(2.86892129836823,9.87149218462483)
(-8.28216810137916,4.42554555903694)
(-6.18400175854823,-8.37646550600388)
(7.19776685350035,-10.3818331135431)
(13.5587516682017,2.04519561750719)
(3.66291982662883,12.2652383914722)
(-9.34356547775420,6.11576032779538)
(-7.72166700756665,-8.29095783677686)
(6.41133851446915,-11.5184002666126)
(14.0344161380447,0.488182744988150)
(5.55013185677487,11.0822763358462)
(-6.23384139601766,6.34723395039091)
(-4.53490127380090,-5.59389628921241)
(7.58028069215973,-6.47519077486001)
(11.6246940234082,5.84324649011523)
(0.222022019199305,13.9626852848267)
(-11.8120782175354,5.52093271490172)
(-7.92217014002608,-8.81619630289716)
(6.67575263129024,-9.72700798314407)
(11.7675520361572,3.72964585869229)
(0.254239916370301,12.4370426926975)
(-11.6841798053122,3.76188751056508)
(-7.00112458642748,-10.6053463198993)
(8.27770516058563,-10.7409129790076)
(13.2157870437847,3.66541148841609)
(1.12819438444259,12.6848636144219)
(-10.9906847463394,3.88783655059487)
(-6.17050807973450,-10.2584110079331)
(8.75446987465489,-9.83966505726599)
(12.7212046240378,4.50889865301668)
(0.122818293370322,12.4073249997914)
(-11.0998783719982,2.44228104476666)
(-4.60884936336219,-11.4861652748529)
(11.0929841980760,-9.43839824383356)
(14.2101769083931,6.44074082264005)
(0.156943809429494,14.5528848852395)
(-11.7751397253208,3.93125712008304)
(-5.27949059813809,-10.2957850706664)
(10.0530955816049,-8.02179897878232)
(12.1181067383551,7.52184516191743)
(-2.51575114510337,14.1334305862588)
(-13.4693886967550,1.90900652878528)
(-5.07962372833257,-12.4513929887294)
(11.2720614682863,-8.79333854541599)
(12.7122916822769,8.03636158849059)
(-3.05565388033776,14.5626684804041)
(-14.1846660903515,1.44272993240092)
(-5.08502917495722,-13.1967982004109)
(11.5726955298818,-8.92531294808717)
(12.3720812180380,8.26163431249317)
(-3.97881100406994,14.0831485568529)
(-14.5443305338972,-0.0117464504131000)
(-4.18699565650461,-14.5606251278863)
(12.9709792872026,-9.13010023027276)
(13.0280474038249,8.91294227953156)
(-4.19738829800500,14.4056197047829)
(-14.6445755051618,-0.449881166664050)
(-3.57049317127436,-14.9696632520556)
(13.6746390737141,-8.80510552436608)
(13.0080658415144,9.47534862298128)
(-4.58621007935516,14.2686454596796)
(-14.3180582021217,-1.11826970815702)
(-2.41833237968756,-14.9371032583087)
(14.3406890298520,-7.55348391894722)
(12.1589382223710,10.7327646701038)
(-6.09019250863040,14.0069307315125)
(-14.6258907425101,-2.61693008730321)
(-1.13536004281791,-15.7553399013508)
(15.4690681953740,-6.64827827890435)
(11.5081937236927,11.9610142231369)
(-7.64732858791965,13.3976280571437)
(-14.5019742340435,-5.00600158414879)
(1.75308527865147,-17.2670335931892)
(19.0575869854099,-4.97036507958089)
(12.6828276526425,16.0660896395770)
(-9.72038738387163,16.9047349272475)
(-17.7844165577333,-4.13035100789239)
(-0.385128921804057,-18.3424788762029)
(18.4228817406708,-6.12785714597890)
(12.4491557518014,15.5480585432989)
(-10.1045345890154,16.4424071097191)
(-17.8165617690356,-4.79894376653848)
(0.116134466215245,-18.5103776226875)
(18.5288947254133,-5.39970275657577)
(11.3524705699330,16.2014209792331)
(-11.6454641620168,15.7616866785018)
(-18.1976226930962,-6.50017404821898)
(1.17455832112641,-19.4909367035000)
(19.3991957109459,-4.74620196757575)
(10.5511180750597,17.2253927639360)
(-13.4369807950431,15.2715364476334)
(-18.9652082323011,-8.53049379281448)
(2.12291478011798,-21.2204336070620)
(20.5869052935006,-5.00915247887359)
(10.5216765809571,17.3240641563472)
(-13.9027538037794,14.0012651575114)
(-17.7799374439243,-10.8354307666808)
(5.39435097940347,-22.2086404077107)
(23.7686060684004,-3.23181790026321)
(11.3092886075979,20.4633425584480)
(-15.2249582354878,15.9041675735808)
(-18.9349891486798,-10.8816003234898)
(5.68840775121993,-22.5651963176941)
(24.4804693684465,-2.44880196734137)
(11.0196857612349,21.7750235537397)
(-16.1507816098132,16.3860911760367)
(-19.1264815073721,-10.9930774469658)
(6.11043327565371,-21.7222324134948)
(23.6125893881655,-0.458350599820133)
(7.93364855338266,22.6936076036147)
(-19.3825870423526,14.1795741247588)
(-19.3693021752343,-15.1776994406153)
(9.27196579796609,-24.3278672277438)
(27.1922199836720,0.514936579137524)
(9.01292543775534,25.5727798987758)
(-20.5043862138262,16.0532917946539)
(-20.3688515286674,-14.8391918388100)
(9.12328509890897,-23.7302653532293)
(26.1723758276586,2.10996120438645)
(6.02566192357535,26.2118651169298)
(-23.4975899823105,13.7860065973485)
(-20.4260836700599,-18.6819636777189)
(11.8989583991890,-25.6200327605032)
(28.3645857497957,3.47411076425191)
(5.19101187405078,28.1190689597269)
(-25.6366856860611,13.0891605501451)
(-20.3884884761319,-21.2936329714878)
(14.4416990146800,-26.5755796115520)
(29.9585000321458,5.54611766395205)
(3.37444423555582,30.1576196819043)
(-28.5923961006094,11.5716272941693)
(-20.1389919500470,-25.3608464971056)
(18.5412187906402,-28.5660032448973)
(33.7624868087675,7.98660615352598)
(3.21403148786167,34.0688854620774)
(-31.2772911891286,12.6621378081864)
(-21.0691776703642,-27.0663815648421)
(20.4517739534009,-29.1261583619324)
(34.9893142002840,10.5748395700706)
(0.839874633621265,36.7978597744337)
(-35.0486951315922,11.6959136531693)
(-21.6820881678049,-30.7162515636284)
(23.4617683258196,-30.6099946263534)
(36.9959057720639,13.2654435224358)
(-1.59360551435110,39.7449126719562)
(-39.1377569402998,10.2708817053419)
(-21.9579933136601,-35.2343492623157)
(27.5042884566653,-32.4010822552387)
(39.7884145807806,16.5979620523151)
(-4.21950010912605,43.5182234578067)
(-43.9490569451320,8.88589409042496)
(-22.4351274978845,-40.4146483895026)
(32.1119738640395,-34.5513918278721)
(43.0222804167280,20.3995596901753)
(-7.30105761112696,47.8738839073741)
(-49.6494354337412,7.23286678263475)
(-23.1917985803095,-46.5326654613873)
(37.0782497675919,-37.2624952705935)
(46.1093032374090,24.1813670519401)
(-11.5098484882492,51.3185987756328)
(-55.8236124382343,2.50259086685612)
(-21.3184355419586,-56.7555709456717)
(48.1599752126146,-41.8956816304340)
(56.1643791748338,30.5420921247261)
(-11.2205682243002,61.1401004293330)
(-61.2473816014255,5.43382955043802)
(-21.8578938290777,-59.7146580783665)
(53.8732081323257,-40.2029231080833)
(57.3754642994187,40.7442217814446)
(-21.8390077987825,69.2194143654706)
(-74.7486836255584,-0.233269758396539)
(-22.7177292270664,-74.1214302912462)
(66.3979642704077,-45.7024407940293)
(65.9533990043779,51.2819279141729)
(-30.2761774119037,81.0503100086885)
(-89.8348940779317,-5.07205671377602)
(-22.9391778687462,-91.0769564113420)
(83.4950092622867,-51.4040217316140)
(77.3001086248967,67.1034167770621)
(-42.9256093344985,98.1761663422071)
(-111.821150652106,-12.2023400478457)
(-22.9542853866137,-115.974851680405)
(109.334480732324,-59.5146043771748)
(94.4921709385852,91.4609076731797)
(-62.2873361011813,124.355324826374)
(-145.075693387233,-23.6563364821123)
(-21.3722485360177,-154.603236120294)
(150.350944479503,-71.6495669651882)
(120.541609242377,124.559431729178)
(-81.1115395044404,145.379070555079)
(-137.119582794376,-62.7830205303933)
(112.496458270596,-163.014655262512)
(339.285236513275,152.424000462754)
(45.2388929096679,639.252213719938)
(-742.815589568222,616.462869222027)
(-1276.97674528439,-253.344384938884)
(-793.204490647492,-1391.23181599973)
(573.897951053536,-1723.52504237807)
(1746.54219977212,-774.688122810886)
(1708.41211161084,751.356882959168)
(526.237701838692,1605.61019240390)
(-726.439592392952,1207.47577095242)
(-1060.88456127588,143.430675408123)
(-489.694800323022,-539.659983664889)
(170.026119091510,-408.667362500603)
(267.653217181244,76.0034930947849)
(-70.8583007810286,249.184335432434)
(-282.071747786910,-3.43747624093184)
(-105.990650061344,-259.714777620478)
(179.086934843179,-181.098621987750)
(202.578138940770,91.6864880806550)
(-22.7661451213322,195.313974994014)
(-176.330350221571,32.1718475175411)
(-77.1014291737175,-146.902277476674)
(108.670317532605,-109.277271399399)
(127.642689886159,66.5297966304901)
(-23.9550231435063,133.283177670257)
(-126.797558841938,16.2240633744160)
(-50.5548944495643,-109.734547709081)
(85.0982251374266,-76.7843672452158)
(94.0484256366613,55.5882933318557)
(-23.7336197325277,101.610114987114)
(-99.5428740622032,7.37892602835297)
(-35.3014614881657,-89.1674703779073)
(71.6643135468602,-58.4023653170574)
(74.4592168449447,48.4773801211328)
(-22.9637802245970,81.9524515605940)
(-82.3058677774349,1.77780347365541)
(-25.8914132410215,-76.9905847438539)
(63.7001158960666,-49.1160461695574)
(65.6921750561976,40.8356062017242)
(-14.6104404894815,69.3101329256056)
(-62.6954345888978,5.27837865947026)
(-17.3360285869207,-55.2599426071220)
(50.5060126202826,-28.8001669176013)
(43.5645196153182,42.5518780627703)
(-26.5481857592967,56.3576334210428)
(-60.8098341197194,-5.92588009117117)
(-13.0655517623996,-57.0738002633282)
(48.7401014246213,-28.2996723177211)
(40.3491765643469,37.3419526163426)
(-23.0463164967026,48.6318320377667)
(-52.0484787281947,-7.20078630444021)
(-8.45617438884320,-50.6829521686751)
(44.9247375578733,-22.8727996295354)
(34.7067896585201,35.0006633101393)
(-22.2106477207766,42.3922411777022)
(-45.7187174551893,-8.56977239195944)
(-4.97506660526680,-45.4078762966900)
(41.3468341119914,-18.0620941685925)
(29.2344029448203,33.2777749871611)
(-22.4848322537472,36.9083391555330)
(-41.1269700007971,-10.6171119861048)
(-2.05651659702427,-42.2232793914245)
(39.1526748601033,-15.0460903205806)
(25.9434402430750,31.5057195665229)
(-21.4596339305829,32.8240182441259)
(-36.5656417966641,-11.1962300857163)
(0.315097795516100,-38.2729858394506)
(36.5815613996172,-11.5995388563092)
(22.2023009135951,30.3169338687449)
(-21.4335402333841,29.1556834779121)
(-33.2521312068935,-12.2259781402521)
(2.12120803337857,-35.6444909591501)
(34.6203066684511,-9.46208561204247)
(19.7621177956247,28.6841182282571)
(-20.2476541995159,25.9449273308521)
(-29.2434306924304,-12.3808899214057)
(4.30526517304746,-31.9362778855251)
(32.6258232813667,-5.87738308607591)
(16.3289939098604,28.6958919243899)
(-21.2731949049028,23.6465640787273)
(-27.8483205940279,-13.3848288683115)
(5.07156828728108,-30.8140193309930)
(31.5197864433545,-5.18877395776118)
(15.6862155924961,27.4025644535368)
(-19.3578158821001,22.6336205662843)
(-25.3231228856151,-11.0984648129305)
(4.15236252658609,-26.1986244721720)
(26.3925153095714,-2.84443968564020)
(10.4525914484582,24.6710725806218)
(-20.3355379143270,17.3265894054361)
(-22.3937134839767,-14.1581806401566)
(6.83048498919605,-25.4589669345847)
(26.1397777021529,-1.17136459107293)
(8.81393370531417,24.2589774833027)
(-20.4802195206017,15.3639952052063)
(-20.9104659794877,-15.0788935845412)
(7.59192457236979,-24.7430372739385)
(25.1478275129161,-1.01831684630244)
(8.10457664883740,22.2426642235805)
(-18.5728518342505,12.7981591130656)
(-17.1351804479374,-15.2219225309567)
(10.1040637675003,-21.9708040267665)
(24.7094444958251,2.06838063883597)
(6.30039458588995,23.2630316395534)
(-19.2938384585435,12.3055458107231)
(-16.6215855780909,-15.0700236527704)
(9.99529989564917,-20.6255656387203)
(23.1033108390846,2.94270462825745)
(4.64574997435717,22.3908784233913)
(-19.3140233920584,10.7495225248435)
(-15.5160441156871,-15.3617215460656)
(10.2216878001618,-19.5487803076377)
(21.7575433817758,3.50911588643330)
(3.32297494595653,21.2132851512421)
(-18.9206883801010,8.96768225464585)
(-13.9223774359114,-15.7612007132404)
(10.9948153892334,-18.3673084307755)
(20.8452106888007,4.50453344643722)
(2.01209396077478,20.6711875481496)
(-19.0388721118865,7.58823699243825)
(-12.9709940801939,-16.3841333358833)
(11.6106931081706,-17.8601047217161)
(20.3816911854118,5.08951205065364)
(1.03103854095470,20.4399958454105)
(-19.8530040996884,6.62103083355504)
(-13.5680813315305,-17.9657166079282)
(11.6283565926445,-20.5566730872685)
(22.6027434503914,1.44555998481313)
(6.69282225112599,18.2117919982775)
(-12.4947181675995,9.11252391591360)
(-9.14881588301347,-10.1673887897426)
(9.49518629023592,-11.4027057977290)
(15.1500224064363,6.39796331052399)
(-0.839166699168725,16.8496826070396)
(-15.7850590270136,4.42364933266529)
(-8.44404635922148,-13.6047261986733)
(10.7948916819676,-11.9538199376923)
(14.7654950840493,6.83382246104525)
(-2.08167858386351,16.1127357258288)
(-15.9956727735051,2.75485925992910)
(-7.46555294084782,-14.4833874344785)
(11.4022717807215,-11.4531676030230)
(13.9697402812814,7.48728053803717)
(-3.60848391872978,15.6229167660088)
(-17.0610412763968,1.18289275552379)
(-7.78839326184458,-16.4066504082103)
(11.5812611919200,-13.6244163547917)
(15.1115149213907,4.85250680717406)
(-0.627030796763354,13.3675479632189)
(-12.6889016161959,1.15100636034321)
(-4.35787502070311,-13.4443008268580)
(11.8941002296431,-9.46185008769175)
(12.7146136880995,7.29241365289426)
(-3.08929965908341,13.0152761476162)
(-13.2721715283897,-0.305184450169076)
(-3.78492056258364,-13.8983029293982)
(11.6488263809940,-9.03457453303866)
(11.3496925606841,6.62792600605738)
(-3.52448960806956,10.2863442800663)
(-10.7923400979478,-3.38998237986895)
(1.04373869533447,-14.5164844129180)
(16.0934703824921,-6.09717158341258)
(13.0776932719947,11.6396910824249)
(-4.76693163010801,15.0352589328227)
(-13.8450863270340,-0.234195421763909)
(-2.71167894988324,-13.1732050735623)
(12.3618699971439,-6.56036647046642)
(10.2717808999318,9.47375397226490)
(-5.68622266689266,12.0209504009385)
(-12.8558189750848,-2.55240383112893)
(-1.09086143383183,-13.8054967598508)
(13.1897206812799,-6.00472512474430)
(10.1065148351096,9.96117769026522)
(-5.99674302139637,11.9511806021452)
(-12.8544319046114,-2.59046844626871)
(-1.37792566844409,-13.3969913918673)
(12.0119910383401,-5.86195674458162)
(8.68392800929046,8.82630766947582)
(-6.24864983716068,9.78497832328106)
(-11.5313453932581,-4.22970839663276)
(0.174808592682201,-13.4212842317787)
(12.1560330997581,-5.10302151910794)
(7.48578762769882,8.40004149727740)
(-6.87540722827177,7.25024261387168)
(-9.68762902386675,-7.66242990995871)
(4.64174102908183,-15.4717035650180)
(17.7099944362566,-4.21581632802066)
(12.1497159610297,12.3405938380071)
(-4.64252242869304,13.3365549693904)
(-10.8284499598696,-0.955420789661629)
(0.0725363100191790,-10.1985771247154)
(11.1348905517379,-2.34549563265556)
(6.25419974291318,10.2962112286668)
(-7.56846358253433,9.08912644822558)
(-10.6767548433155,-4.63948033112719)
(1.33166437333621,-11.7957925890112)
(11.5403800562951,-2.61807697803952)
(5.68497752076858,9.63130096578665)
(-7.77803281609008,7.45503781903319)
(-9.65428617794703,-6.22016215969273)
(2.92778080350401,-12.1693723145298)
(12.4048852310356,-1.91767262255756)
(5.36912804142192,10.2455519112712)
(-8.56450978257247,7.12454697240830)
(-9.98907542166380,-7.37042313484111)
(3.38545793227252,-13.5155970308904)
(13.5309393270324,-2.98558794944622)
(6.94055764055986,9.75557492690887)
(-6.95474719823914,7.46511072300791)
(-9.02111691463649,-6.34704671608361)
(3.36900700493459,-12.6722121032358)
(13.2830514013997,-3.21842194926800)
(7.86852586030307,8.79571283389664)
(-4.46628887987641,7.51918420446499)
(-6.60756634202623,-3.88445857113749)
(3.35819232381838,-8.64852983214326)
(10.3169215879667,-0.350216428767046)
(4.09816887116493,8.54375806499636)
(-6.24773254866794,4.97726406251944)
(-5.75442075811441,-6.00764295615373)
(4.92129850180020,-8.64516677628752)
(10.4181932479293,0.886991102281556)
(2.65044823449727,8.84498811612900)
(-7.41502590634501,3.39229010621713)
(-5.01457868663267,-8.35269351300663)
(7.48051884539155,-9.89457206181032)
(13.4305189723844,1.66781815641680)
(4.76497029682132,11.3779214892110)
(-6.96100385005591,6.85971584262617)
(-6.55613442703844,-4.94607165432536)
(4.14062221284836,-7.79016223492421)
(9.46638909591543,1.40858974643276)
(2.03824790852676,8.89842378359351)
(-7.30025170025414,3.83308400649642)
(-5.20508741637978,-6.59331353644225)
(5.29423383013802,-7.63118902039267)
(9.26594255695226,2.09941522376600)
(1.03163472363830,8.78887211898459)
(-7.97546418703733,3.00232338663889)
(-5.52786424628619,-7.20069611443949)
(4.22967077467436,-8.01645661684734)
(7.08682224774398,0.380273056720885)
(-0.546872596676688,4.27231115214721)
(-6.15991741901667,-3.54351402824193)
(1.01504476959172,-12.6358308706458)
(13.8972926462014,-8.98694495436993)
(16.2968409617061,5.08153913934797)
(4.90856193042506,13.1485044790440)
(-5.89341098295989,6.52128708476026)
(-3.33974497168719,-4.29201229357461)
(6.82307545179661,-4.24169354199041)
(8.92689318364914,5.78245167014840)
(-0.708975103495913,10.8092838099804)
(-8.93920928026504,3.00450009601240)
(-4.39628783473451,-7.41715903637691)
(6.62825079790890,-6.54877297296736)
(9.04496777789794,3.86989183028016)
(-0.0546317029699587,9.06511635284085)
(-7.59751265554272,1.88501423326913)
(-2.95438869660079,-7.43178727032768)
(7.31964828185090,-5.79127730747217)
(8.86673732684240,4.47381975060156)
(-0.370071083089745,9.06349139116132)
(-7.46430333884850,1.78518174558629)
(-2.73804252810726,-6.95981612500921)
(6.80204576940250,-4.95198013453794)
(7.51116090719347,4.74100314780892)
(-1.70028603902316,8.25214914499289)
(-7.97152458642590,0.456990490869228)
(-2.63767056768745,-7.94971429977341)
(6.71581579020294,-5.61316294816666)
(7.13134279638534,3.57937946658698)
(-1.40441601973401,6.20590841734452)
(-6.05906443540334,-1.55347061876903)
(0.515498759644129,-8.41692332397596)
(9.52111112609684,-3.95835943467321)
(8.17502909965535,6.41496759808841)
(-2.24569213690713,8.64939212502999)
(-7.82016450026514,-0.453488020863618)
(-1.08917819544975,-8.61636379555322)
(8.65245478310446,-4.89869583907693)
(8.18092332005219,5.33149435333724)
(-1.50914976799500,7.96811714118515)
(-6.82705254937969,-0.326109123619301)
(-0.547525398257172,-7.71822468486989)
(8.26654115112254,-3.82391098620757)
(6.99515917026487,5.84618733770328)
(-2.97238501899821,7.54281149629471)
(-8.09131886860471,-1.75505693020576)
(-1.11719098274666,-10.2354481253976)
(9.34025052985992,-7.29653443610507)
(10.8362632526184,2.62196385489043)
(3.53443536583594,6.99512102355156)
(-1.37672920351042,2.42853703865319)
(1.98736125845289,-1.91342760864604)
(6.55813665957622,1.49974002802576)
(3.55055604053203,7.63118051309820)
(-4.23393344186832,6.63004637316353)
(-6.29621250347597,-1.38986844257403)
(0.268672057441285,-6.10574194192490)
(6.32049161143738,-1.71227541038093)
(3.70163553629231,4.64432280961037)
(-2.89417103498239,3.13283834671395)
(-2.53573742804095,-4.28004150671479)
(5.87995095975195,-6.10758790932345)
(11.1163557325117,2.23761117508315)
(4.93628621666049,11.0021560251277)
(-5.84858612842479,8.77348717073668)
(-7.87967084897947,-1.78091281307336)
(0.833695752135595,-7.06413956877071)
(8.16894298234205,-0.716503167428831)
(4.29177618247239,7.96109423645128)
(-5.17501038781174,6.86304575311506)
(-7.15872838141512,-2.46961930625735)
(0.885573293457354,-7.29957337712848)
(7.77086424516762,-1.37202978364443)
(4.25107537138182,6.69055296312628)
(-4.33264954203783,5.61450158774154)
(-5.76782972770737,-2.92756842090754)
(2.01080255431860,-6.91188008525945)
(8.27588527891866,-0.784842926574589)
(4.57259102517458,7.02310018063019)
(-3.72202541903568,6.05398732983301)
(-5.23359505593635,-1.75624160533128)
(1.53407350417409,-5.20985254203479)
(6.51463921003029,0.296684589261180)
(2.52629429415244,6.59712370197931)
(-4.75646988849794,4.60622291372773)
(-5.15555685573978,-2.88650605780728)
(1.54454236896190,-5.50932423508705)
(5.62658659618500,-0.238590866424892)
(1.68302147793380,4.49655451967769)
(-3.52718805841372,1.35155667634300)
(-1.04003296290984,-4.87508541275859)
(6.73662316843336,-3.86081389852773)
(8.60863558972894,5.00828228940124)
(0.352946499185477,10.6374646754520)
(-8.45799932790489,5.07445543065599)
(-6.78690871482700,-5.12985260582094)
(2.91125402504953,-7.20415823462470)
(7.81160541862253,0.820804985101096)
(1.92966338412303,7.62428599992870)
(-6.06593475658306,4.10256898332869)
(-5.04823076789478,-4.41204263549275)
(3.29144716004804,-5.88648994788888)
(7.09231426270229,1.64505940545316)
(0.969707821154685,7.52070653637581)
(-6.55392319155105,3.43777381318771)
(-5.02237391246966,-4.99938147670944)
(3.39915233495656,-6.16605184816097)
(7.02805449660065,1.39806634359469)
(0.955009155245296,7.06259764046959)
(-6.22798455946601,2.98032872943417)
(-4.51264260256739,-5.06250583434176)
(3.60976471978280,-5.85217652694242)
(6.76339288302744,1.59548206881038)
(0.623675825463591,6.78132467594166)
(-6.13073904696750,2.47265313464170)
(-4.04469567784454,-5.24066660563696)
(3.91107193908672,-5.55670255289397)
(6.57836912895995,1.92280846231270)
(0.243996606019438,6.70466784573889)
(-6.22366158069576,2.11874780010622)
(-3.82827566591620,-5.39729356107933)
(3.99849947567974,-5.36124560884367)
(6.25556826359644,2.09818563402826)
(-0.231649162063914,6.46832726188436)
(-6.40435231322860,1.56510654181203)
(-3.63823064747702,-5.84981971153097)
(4.24395285282230,-5.51683032418074)
(6.32140942557519,2.05093106250226)
(-0.254975001660659,6.32551631267414)
(-6.38138696618431,1.37963939052024)
(-3.66171799223812,-6.00504473143265)
(4.09427803777885,-5.84718384683225)
(6.37144772686809,1.31704264772123)
(0.521248952719559,5.50004700258352)
(-4.90444163929054,1.29732687703802)
(-2.38484571119336,-4.83183686790063)
(4.12232305372188,-3.96582314148035)
(5.02032520419774,2.66619555531602)
(-1.27784185370728,5.54269823551884)
(-6.12719686394619,0.346286713979410)
(-2.81866494172602,-5.96450933470767)
(4.06778632556829,-4.91909208560725)
(5.15876776509175,1.70973332593032)
(-0.665023730554136,4.58645511361956)
(-4.97134892832361,-0.0623440907228829)
(-1.80256085413670,-5.39539428276637)
(4.06970832291517,-3.86915828074108)
(4.16688863582862,2.09880160290948)
(-1.56495780284391,3.75702115979879)
(-4.75631457288072,-1.38945647509764)
(-0.645587492661777,-5.98956967069903)
(5.03498586647104,-3.34409337283999)
(4.14866204164522,2.95837516914847)
(-2.24039686980502,4.01398049432451)
(-5.25472351724853,-1.79331262531273)
(-0.717794245299677,-6.42793955343949)
(4.89576096910190,-3.52859084266237)
(3.59044771172745,2.53876959966916)
(-2.74959967481752,2.78830905106346)
(-4.85988060198720,-3.60237998856316)
(0.847041065025061,-7.88634504801836)
(7.00265312596851,-3.89938519045765)
(5.37441916794027,3.18116993378703)
(-1.64946659198925,3.85917913747797)
(-4.27863601897865,-2.53124984732223)
(1.12719086576778,-6.88177995477563)
(7.02104949377850,-2.94806963261319)
(5.16991689123853,4.00953033929691)
(-1.95032732276660,4.59662862460259)
(-4.73392311713727,-1.66978757803799)
(0.0823005261871272,-5.87226634846376)
(4.95945724484188,-2.38429532048680)
(2.37072753670278,3.11270874790837)
(-4.28900357756630,1.62376188886922)
(-5.10709728895309,-6.25087205644216)
(2.57198543009272,-10.5863769181882)
(10.0949191882002,-5.42328174533097)
(8.86841928870191,3.17006125693940)
(1.56199209761895,5.27620226414998)
(-2.05357528479503,0.161911748684917)
(1.50154150417697,-3.63709601243694)
(5.40760663249812,-0.740872276062888)
(3.00963496602350,3.80978179456434)
(-2.44451046415923,2.40488395754788)
(-2.61607942422525,-3.69823514941354)
(3.56974240457036,-5.83408778241530)
(7.81716717028539,-0.333217018332426)
(3.90799371158384,5.78369995951735)
(-3.31295852597528,4.21077951579222)
(-4.27929872573328,-3.05497444833607)
(2.16198705300224,-6.22097573786816)
(7.05047090758401,-1.07748988421302)
(3.55511150111039,5.19253512283431)
(-3.66931355682682,3.84398064604432)
(-4.88085791938480,-3.48898293694014)
(1.47274235671915,-7.11702124830704)
(6.81798300031209,-2.51264939043663)
(4.24041268260591,3.79694095999590)
(-2.42675829486753,3.41635598450023)
(-4.40159995888844,-2.73928752730788)
(0.0331584790293050,-6.55356763262710)
(4.12864409765778,-4.39102292491089)
(3.14511720161738,-1.49470927507777)
(1.13323680714368,-3.23983582852175)
(4.19866473908619,-6.47060712343018)
(10.3003728520673,-3.95871193332556)
(11.0082088359755,4.19462538635359)
(3.51875233537598,9.05548964817598)
(-4.12485582358448,4.48558938524027)
(-2.92124350672218,-3.89438119609383)
(5.00095337855419,-5.43975604501669)
(8.86652053611843,1.55231885416514)
(3.45673593284576,7.57952532017562)
(-4.08746417839408,4.67917937405056)
(-4.10995224725515,-3.05151643103720)
(2.55871183826523,-5.40996182642072)
(6.19622395254639,-0.160263167273842)
(1.94567315737443,4.20993976684354)
(-3.45723942674849,0.697693911897231)
(-1.30541413571436,-6.17060668877000)
(6.58741452183007,-6.53648708685708)
(10.0503516237516,0.926355950788251)
(4.53101140943408,6.83691771347741)
(-2.48779810981221,3.83442517291845)
(-1.66692038511000,-3.31512480438121)
(5.35916838869098,-4.28546391289135)
(8.24273554389514,2.51896762497134)
(2.26245914840623,7.65518067163407)
(-4.98053002350495,3.60187427693870)
(-3.81982660751422,-4.76560109177071)
(4.22717780001016,-6.63189841526667)
(8.36516249946563,0.0649493405978292)
(3.11462491873480,5.68555676188094)
(-4.09920586792911,1.76198605317207)
(-2.56045214006288,-7.54733474653993)
(7.76620717006604,-10.5719877006175)
(16.1844036929306,-2.78189888157999)
(14.5610077027570,8.17108382926235)
(6.26346647756094,12.6232268364267)
(0.116941108907145,9.97606121073973)
(-0.953472703390255,6.77958548621909)
(-1.32016108884687,6.46415588571340)
(-4.06148762258554,5.72215940336950)
(-5.95639807681215,1.46773170383867)
(-3.04441943587209,-3.11360036313459)
(2.29244021266653,-2.73851361876896)
(3.79758959602574,1.90204849683938)
(0.0548394377070040,4.44031658543294)
(-3.32441456396401,1.51153765284041)
(-1.52007405184264,-2.60305970523007)
(2.77205078216742,-2.19285713591672)
(3.44001796099707,1.66193880035406)
(0.0284325035980692,2.79601230195471)
(-1.45655617827264,-0.729506757177905)
(2.49541179195628,-3.27274712877706)
(7.01850505712099,0.429693383876188)
(5.07847533359316,7.02028766905779)
(-2.36724908012077,8.14792959891915)
(-6.67187640188494,1.71170789730857)
(-2.62179422873497,-4.69592084316572)
(4.48676145468195,-3.39834717480582)
(5.65804457283859,3.36589334630256)
