10000000000000000000000000560.
0.040000000000000001
(-0.358910697592770,-0.987300699971724)
(0.684244208559020,-1.53136182868388)
(1.85131004257369,-1.05061694219247)
(2.23419501560946,0.167494037356380)
(1.55941834617067,1.17381033328561)
(0.484029724834774,1.21970364210020)
(-0.0263560734033133,0.473058609903383)
(0.353491840422568,-0.177610567671643)
(1.02654435095228,-0.0556205047567108)
(1.16331812489460,0.627767322118068)
(0.597861834762448,1.07933988736798)
(-0.0603496623065740,0.836519303950240)
(-0.177925622951342,0.236799012532303)
(0.197407325170821,-0.0547600487667107)
(0.483710741350710,0.158824495192112)
(0.316663371587802,0.445279739780409)
(-0.0436796967259025,0.349121911227230)
(-0.111783093838337,-0.0409663320486097)
(0.184141803266035,-0.260406130493473)
(0.446322391442136,-0.0989244211259824)
(0.361488347485169,0.147794318866667)
(0.105450203051517,0.105278941428627)
(0.0763772528936605,-0.173900362231058)
(0.343360096669248,-0.299675195078920)
(0.558081462474554,-0.0855537622354472)
(0.432488768002410,0.200128127471357)
(0.122923704417227,0.202584141561257)
(0.00474837603138402,-0.0450045749533472)
(0.157461672698195,-0.185970430997235)
(0.266455133554689,-0.0445362436832769)
(0.0687024281852644,0.125373435734387)
(-0.272948586786413,-0.0164493643883753)
(-0.375208330384186,-0.435710899649525)
(-0.129697718832186,-0.770546804111977)
(0.188027356651015,-0.804683847111185)
(0.322204915301862,-0.706520252490906)
(0.368151737216320,-0.721144766579867)
(0.566736265778860,-0.780139395276140)
(0.875642902656058,-0.603892567229657)
(0.960061577873490,-0.154297367080346)
(0.644980632505836,0.228325024513672)
(0.188084653623963,0.234829099381813)
(-0.0367755442617092,-0.0205674990832756)
(-0.00644116340051619,-0.188539171263923)
(0.0116100318956004,-0.172915037718092)
(-0.0589298571155780,-0.165419098088851)
(-0.00587526592216485,-0.145744917323608)
(0.0867068803673594,0.305506601121601)
(-0.568684099753454,1.29758737593133)
(-2.72682711256057,1.79754027201208)
(-5.71051270112335,0.0834332458312591)
(-7.12130078429236,-4.40741966800169)
(-4.63856543003161,-9.67669997813420)
(1.49863666827307,-12.1462107518848)
(7.97350191234559,-9.61653349036636)
(10.8095439565260,-3.45094078857161)
(8.66179648904844,2.32868107557454)
(3.85075332900497,4.34236105383494)
(0.188409004638844,2.46183732696463)
(-0.236351942433341,-0.584608547510044)
(1.63672214664254,-1.91840374363116)
(3.25447962223284,-0.830668269104134)
(2.84952159114697,1.13833237022997)
(0.664434047801504,1.87272411890535)
(-1.57681336096787,0.354117174812199)
(-2.02522875537973,-2.78413534260956)
(0.148522762391064,-5.73680935136801)
(4.22264826033831,-6.53211974298453)
(8.13265634341198,-4.20626481061840)
(9.55991325561211,0.344786685005293)
(7.54837808736199,4.62276406540826)
(3.45215660019871,6.17166100813900)
(0.0816814119333679,4.52440972719351)
(-0.552763505780211,1.63463650924682)
(1.09243429409398,0.145134356811676)
(2.69589292079914,1.01987127574032)
(2.39667232220508,2.85661513173440)
(0.496532561313797,3.52143809484207)
(-1.12804676782714,2.33212124179277)
(-1.11215136142614,0.535100317603027)
(0.104921832717075,-0.227667123548506)
(1.01299187754591,0.368957719754318)
(0.744937213767147,1.24345890548120)
(-0.169016773936049,1.28368502720426)
(-0.638267421915194,0.499869845209658)
(-0.274321601768793,-0.222860957387355)
(0.339864557361905,-0.250412242346644)
(0.472033391228015,0.162295633384121)
(0.0691800971302293,0.307391865387574)
(-0.284962536010649,-0.133129795061310)
(-0.0714449699398351,-0.791552409460717)
(0.638257638973648,-1.05560476598724)
(1.30010879346424,-0.674030278914322)
(1.41697195027559,0.0510578266151385)
(0.945472942991956,0.555960305801720)
(0.304480035396789,0.478518564380132)
(0.0296114188932396,-0.0568753933681755)
(0.325767180134973,-0.534356165846556)
(0.862493475492039,-0.490677083575272)
(1.05108284760771,0.0260489950349541)
(0.636645175685911,0.452311199745881)
(0.0220235581248656,0.276605887618752)
(-0.119623386403731,-0.356012982847830)
(0.373742302417457,-0.729645297235856)
(0.868707572368394,-0.367430505217637)
(0.602499052664918,0.312241190920134)
(-0.364574936608143,0.346517946203075)
(-1.04912876381501,-0.681796172771778)
(-0.545027578909641,-2.04078967543097)
(0.942241441919589,-2.51142065797516)
(2.22806339495326,-1.64671624749347)
(2.34160048328330,-0.223860759654211)
(1.44796058746935,0.603311697592448)
(0.511647768363751,0.451770030326211)
(0.201379715104601,-0.115841629404276)
(0.343152920434121,-0.427844617665232)
(0.419719925821628,-0.425558356471420)
(0.301586678421056,-0.464002170577308)
(0.254504098516637,-0.657703560477993)
(0.370145958256088,-0.751244908986341)
(0.352126142015474,-0.635580165569769)
(0.00546074984846319,-0.660286539847494)
(-0.311428099168564,-1.18365540923898)
(-0.0352006674228440,-1.94900860826118)
(0.820904323338997,-2.23692280812853)
(1.53364870831921,-1.72680011737947)
(1.48325991664363,-0.956387283390299)
(0.908045013495938,-0.693835066805112)
(0.565675691672283,-0.976629660596892)
(0.675953606451167,-1.10531411064295)
(0.543800406607574,-0.686441378299426)
(-0.537184130012818,-0.391113488145890)
(-2.17613697029488,-1.35410459925391)
(-3.00734017449021,-3.84871451711687)
(-1.97586053644545,-6.83876549449099)
(0.736960258751463,-8.93186072826961)
(4.16873480216783,-9.51190557712919)
(7.62576710261364,-8.71171331628761)
(10.8498834296218,-6.55223174697726)
(13.2075627557973,-2.74986796005324)
(13.3795370202925,2.30745270299129)
(10.5137101949049,6.81383224780471)
(5.68239138469231,8.53932363748985)
(1.58970787501628,6.93205924935405)
(0.307869584211945,3.93972311451490)
(1.33712554178923,2.27421838407947)
(2.25389595423327,2.78413030756574)
(1.36825557699562,3.82098262886384)
(-0.546399312968522,3.31493223783572)
(-1.35518996803834,1.17248239036833)
(-0.121322158054018,-0.718041025599166)
(1.87080290738845,-0.736733392575183)
(2.68983838036818,0.689317753750444)
(1.91557112946910,1.77534978199686)
(0.853483811447778,1.50890894458251)
(0.777289880348597,0.612492689724856)
(1.48171267661019,0.371907826057566)
(1.79791927856578,0.991112599892076)
(1.18545200142033,1.49073578661002)
(0.341381932249205,1.05030920555666)
(0.246352812396673,-0.0342241416308385)
(1.05757042956933,-0.852087528148761)
(2.19685883642322,-0.929376897858290)
(3.20575711645020,-0.410112256934582)
(4.00719487516644,0.594841819597701)
(4.32570168004523,2.23313666143538)
(3.44560512362482,4.22504943681598)
(1.06775454956027,5.38915844721597)
(-1.74132744035536,4.50939279698645)
(-3.07022159438391,1.83362449409787)
(-1.99838284823186,-0.723456401910950)
(0.297340668931360,-1.30110062877249)
(1.64852499609629,0.0369625476575184)
(1.11711727357810,1.46538649833513)
(-0.189137115287707,1.46060643350920)
(-0.606520549177339,0.364454480644818)
(0.139290633029756,-0.321355887325365)
(0.846786006247070,0.100258084637271)
(0.546902608675693,0.767984796802231)
(-0.255204335879531,0.540763557245152)
(-0.334753700828842,-0.461368529334905)
(0.599475252879764,-1.04981194754751)
(1.54919600349507,-0.549951558907595)
(1.57138952688959,0.363912879222026)
(0.972613674379610,0.647957935132192)
(0.764767881265742,0.297755096609643)
(1.17907603699100,0.255245671775292)
(1.32026221876343,0.958669148043199)
(0.481781058810653,1.57360152306217)
(-0.680005676077697,1.06227610045365)
(-0.830851585436336,-0.284348914379883)
(0.264001284729393,-0.997776959835761)
(1.24105961304866,-0.260112623204256)
(0.758750245403637,0.915447825809429)
(-0.726026392215167,0.821109398632387)
(-1.37706006786994,-0.778745908636800)
(-0.236339103891874,-2.21028111771304)
(1.47167994894544,-1.89134535489803)
(1.74358944179409,-0.372339120405752)
(0.308366452918556,0.187219191307131)
(-0.845511119405409,-1.38241630903773)
(0.303504062790198,-3.68241344340734)
(3.39878585415570,-4.14075120317639)
(5.93717707441288,-1.80825000135078)
(5.85404525979968,1.63883635401552)
(3.49651476033328,3.70466527502679)
(0.931556113598189,3.48311270552932)
(-0.290206661110968,2.05699503334182)
(-0.283494451186748,0.883610346163865)
(0.0208933247715560,0.372283080439652)
(0.179312185236641,0.112826551803732)
(0.340522112087094,-0.115392118357403)
(0.486123954980768,-0.162393121193044)
(0.290349372625596,-0.188398611050408)
(-0.101962189973241,-0.814983905712001)
(0.267692464620275,-2.17212454128371)
(2.13147908183531,-3.13918378726873)
(4.67391258566564,-2.20615039594459)
(5.84265476578595,0.697115623931654)
(4.37222669582273,3.64103536122944)
(1.30331464938073,4.41063774114655)
(-0.917933479230198,2.74566705923854)
(-0.896449886637626,0.541117280152311)
(0.457734303711337,-0.251020061899102)
(1.24095122900641,0.409955802111816)
(0.772246055994541,1.01511889779009)
(0.0988657444567199,0.552779359985177)
(0.392415792935829,-0.338779426943658)
(1.39698718388323,-0.400996033956021)
(1.84501433216962,0.516530947501283)
(1.16645255476383,1.26745627463991)
(0.232710667649127,0.915260318849644)
(0.222495305495244,-0.0671529691266536)
(1.12335355117041,-0.423881089708934)
(1.77696530680833,0.289537134318180)
(1.34754109264268,1.17878231108495)
(0.325075171936334,1.14753476151512)
(-0.129254551179571,0.201532773289711)
(0.436262426661162,-0.663182473299516)
(1.38069435918528,-0.693575042955667)
(1.89152840787838,-0.114032068331518)
(1.88054685289788,0.420487570703836)
(1.76705088343659,0.716380669917334)
(1.67414626401776,1.04996059455662)
(1.28751479829962,1.44505446146830)
(0.549978273021234,1.42154871620076)
(0.0784424692817496,0.688948663660158)
(0.527525115102410,-0.187790359113867)
(1.64122116299938,-0.225445425237794)
(2.31921993008198,0.822406319554033)
(1.78920574521990,2.04546549622286)
(0.502890422470941,2.32013661765506)
(-0.366731502733079,1.53149185412845)
(-0.231507259710442,0.609972369791126)
(0.377942205735326,0.388439614156274)
(0.618382895465778,0.721453226835872)
(0.372925201053482,0.890082641314738)
(0.220735085297598,0.639087627386542)
(0.502264458054276,0.451874017723780)
(0.805771536827322,0.769834733392412)
(0.559705590908992,1.28804628169341)
(-0.113469502845216,1.31854417953989)
(-0.482959043615674,0.735553175200115)
(-0.158313182919597,0.204815667017093)
(0.362821230710177,0.343299130556173)
(0.310952983466164,0.897045326698252)
(-0.349759184731940,1.03745741123409)
(-0.841315542001212,0.423232913625248)
(-0.545510893610942,-0.339243622455072)
(0.210307638756286,-0.441690439556012)
(0.562517266808814,0.123465672316937)
(0.186438013783330,0.580323840571360)
(-0.336920952615801,0.365520032223532)
(-0.307355164405560,-0.186620070048095)
(0.194762187336663,-0.331903891416367)
(0.455000039767728,0.0882853957744908)
(0.0995238090685050,0.450286520185125)
(-0.394254097444773,0.196773000497831)
(-0.328262302199449,-0.392324986190062)
(0.261726147490872,-0.534185928634252)
(0.584117155292816,0.0214819505152357)
(0.0765240702006746,0.584332241440784)
(-0.821160682415441,0.304074660384289)
(-1.09041937118171,-0.785057999425500)
(-0.278132165165625,-1.72289723917880)
(0.982757482495983,-1.64337405156692)
(1.65527771906837,-0.667350188255179)
(1.35407399971480,0.310935911884495)
(0.598298167990643,0.597523265162792)
(0.114573106984936,0.289058371959333)
(0.105921433963732,-0.0642487579746843)
(0.263878897899064,-0.146672816774689)
(0.302596376666487,-0.0796909590127070)
(0.254654369496636,-0.0653187800871799)
(0.253948239011285,-0.0818537874003569)
(0.254263403846474,-0.0182162607972955)
(0.121893914742858,0.0575435357322715)
(-0.0828159591643006,-0.0406405680405951)
(-0.117571170795006,-0.303752375099289)
(0.0999652924382259,-0.459392464192335)
(0.314688094587716,-0.316123656329043)
(0.237602186762472,-0.0638166453522975)
(-0.0373522368828037,-0.0605348379336677)
(-0.107826363142465,-0.324533112655146)
(0.180788555439305,-0.426696149995257)
(0.410282523538291,-0.0301741177299863)
(0.0204336016559583,0.552087813151858)
(-0.930551839287487,0.563596755299101)
(-1.63559107941719,-0.330221499412945)
(-1.34137840103773,-1.51431239052057)
(-0.235991890751804,-1.96261796192615)
(0.657646610044192,-1.33738009277716)
(0.570383562665830,-0.387054556068275)
(-0.155628259830565,-0.0969404122725055)
(-0.498761888178443,-0.507028671233556)
(-0.0816123103519051,-0.612797724287438)
(0.139311708343352,0.387556589093716)
(-1.22678279016809,1.82429992793414)
(-4.31172872876142,1.79369664493372)
(-7.31214564252419,-1.09766652463476)
(-7.72841664982959,-6.14266902548133)
(-4.47721618024988,-10.7406026007623)
(1.09290562244870,-12.3176824404742)
(6.20624080381582,-10.2315920685829)
(8.70476259648634,-6.02640793658663)
(8.32868985731756,-2.03128383614917)
(6.36688223570999,0.280019823473842)
(4.36096461293199,0.856290416329839)
(3.13244360359208,0.493531569618667)
(2.70267445064530,-0.00674217430548551)
(2.72086892766429,-0.228626817595833)
(2.81188336719001,-0.0982216483365857)
(2.70773313657209,0.238965849849892)
(2.33932377872845,0.511838423336445)
(1.89515392484251,0.513654474991043)
(1.65875627522623,0.325670160381113)
(1.66673400713218,0.270542385329280)
(1.58964660590473,0.520590077183217)
(1.09556970122249,0.791980040087728)
(0.334395893496003,0.593716203641876)
(-0.109930394469811,-0.156672099994692)
(0.123935009579445,-0.913589299763040)
(0.666281877974025,-1.07874355925232)
(0.781431102400675,-0.762299170661749)
(0.290053654970060,-0.736903114650154)
(-0.0886162188332061,-1.48858567277921)
(0.450400107526107,-2.47027598250156)
(1.69730681840565,-2.60262382541031)
(2.45404834632238,-1.59883383945821)
(1.87302472079549,-0.521028027548900)
(0.606441542346952,-0.694571051583999)
(0.246315915738934,-2.08366697459720)
(1.47126059062507,-3.11069542365228)
(3.02675911928392,-2.39305924266240)
(2.95410816217887,-0.538286008916473)
(0.907803436939911,0.213668251730712)
(-1.09362494595475,-1.60694750489207)
(-0.598602262184595,-4.83489795537069)
(2.59398666208666,-6.58867418616905)
(5.99519064602055,-5.20129999706636)
(6.89673792138581,-2.02393074828530)
(5.16864276265946,-0.0450423994287078)
(3.32480440462672,-0.743607960741553)
(3.75552938379881,-2.59115518317168)
(6.15669468248013,-2.82625443621395)
(7.95452781928717,-0.507982286177073)
(7.17479961414937,2.52267274939075)
(4.51936986681445,3.74181506482740)
(2.40924007449363,2.64020513284522)
(2.23962406521657,0.994514477698395)
(3.05612174020866,0.570174897098279)
(3.08839043930183,1.07083599296377)
(2.18129742884783,0.768298394660243)
(2.11429965447008,-0.991824170445682)
(4.32581567872995,-2.50743335614604)
(7.71977578333106,-1.39314410725934)
(9.30796895717447,2.55145264878300)
(7.24727490371256,6.61381548071421)
(2.97966386950541,7.65979849725246)
(-0.0125413649525781,5.30251074261642)
(0.342045216205120,2.31486943229379)
(2.68867648286866,1.77019434452087)
(3.80120477238893,3.93183634124724)
(2.00248554943307,6.16273622082988)
(-1.19843380009994,5.83535244070181)
(-2.86774197626219,3.04405268778367)
(-1.74134108733750,0.304114631920404)
(0.680653531925494,-0.201775117421024)
(1.98182049240991,1.27911980346912)
(1.34900591258227,2.73961207055755)
(0.0277280143281774,2.77264231561087)
(-0.457332584088829,1.85411219988788)
(-0.0156693604057771,1.33102894926374)
(0.270540874881581,1.63486252628334)
(-0.239147356500919,1.92369544608843)
(-0.922724531340111,1.38689825388767)
(-0.816929645711438,0.390666675137102)
(0.0340034775816326,-0.00967910097097041)
(0.594243879876989,0.505162264468449)
(0.191463089477906,1.04889524241864)
(-0.560194161576194,0.653035987410683)
(-0.495723030533771,-0.449271287568374)
(0.609813925786963,-1.04950075365620)
(1.69924477652057,-0.462465229313823)
(1.72424178958770,0.584844320666326)
(0.978005733721491,0.838816596451872)
(0.766887699123061,0.124367191004234)
(1.75573603316509,-0.338889667877825)
(3.00229790259664,0.618262743106564)
(2.92255079966608,2.60302993813206)
(1.11476224437105,3.91756422570798)
(-1.08203198321269,3.34624398941068)
(-1.95008622691629,1.44388433885759)
(-1.12297422533957,-0.0969425387679569)
(0.210063387390978,-0.206599764995192)
(0.699517367699505,0.646191554561086)
(0.162194924539037,1.23243947100069)
(-0.529292084077011,0.947215108166932)
(-0.598550395043761,0.242566906106522)
(-0.123132078770060,-0.130570017240093)
(0.301058426281463,0.0232185321992690)
(0.331728569269369,0.326727691501185)
(0.128960703071247,0.415025933870916)
(-0.0126740182982398,0.286286455340259)
(-0.0103622386928712,0.121533031330582)
(0.0646824140836414,0.00828799539050025)
(0.174874712419868,-0.0488879756946833)
(0.289346541901753,-0.00765492651444594)
(0.280775569512494,0.132367921483716)
(0.0591055583385432,0.183587456354691)
(-0.186069374034092,-0.0773457611204291)
(-0.0901411744435246,-0.541948394198449)
(0.404372929687476,-0.744323311873731)
(0.813846069054197,-0.399723100196784)
(0.605077277421514,0.104379891758036)
(-0.0623403005842293,0.0187198638269999)
(-0.329682668069473,-0.853179608486559)
(0.429511560048472,-1.73693249289625)
(1.77127244966144,-1.62769309183967)
(2.52492069790685,-0.440682989358969)
(2.04156882712527,0.803328673381976)
(0.911742659248349,1.05971623578262)
(0.281475737014166,0.373045028267048)
(0.574366997410590,-0.285079813856933)
(1.14191910494310,-0.214115730164885)
(1.19578759443778,0.269989571932300)
(0.787078539182920,0.407754610503780)
(0.604587117356993,0.0588799503534104)
(0.938742175922529,-0.160796509845677)
(1.24616293246492,0.184510376821511)
(0.926474493953677,0.647132560375972)
(0.265914237542661,0.443143723710021)
(0.210285449776451,-0.414065563001485)
(1.14358232061128,-0.925281087944354)
(2.22386171629221,-0.246508996306639)
(2.22923023569002,1.19664488396921)
(0.979373785092550,2.05531718399552)
(-0.391614276552906,1.53733179270084)
(-0.681667724204603,0.277144846433369)
(0.0813879677284703,-0.430942971696583)
(0.800542363586864,-0.0935606168629580)
(0.655123536512419,0.555302617638500)
(-0.0227790334221122,0.567692315585044)
(-0.312175612094262,-0.0898909599956487)
(0.118504563787079,-0.631854453610395)
(0.693556446745756,-0.512448176431702)
(0.748645284468397,-0.0557207930538707)
(0.348527820922298,0.0535530213730381)
(0.105504956239835,-0.354783652577076)
(0.364865707855364,-0.821878845146155)
(0.867416741042795,-0.927276923951393)
(1.23305050467458,-0.756544490684810)
(1.47865838108404,-0.586283946343388)
(1.82775420979260,-0.352243323768878)
(2.15175420344498,0.254967468140109)
(1.95054626039531,1.17352486991510)
(1.02184755664885,1.76498811053244)
(-0.0714977177046787,1.45815027138943)
(-0.476793012153667,0.494530424298702)
(0.00814774818134865,-0.228591628829423)
(0.689172750914333,-0.124457210108558)
(0.773599115643638,0.457093839026584)
(0.256824310622435,0.708469904438690)
(-0.172369436277909,0.343150073554257)
(-0.0411090429878919,-0.135391402089906)
(0.353612886025447,-0.153996229155381)
(0.408912175103670,0.194403680439222)
(0.0300971472023654,0.336164206051863)
(-0.286905740134507,0.0183710824207386)
(-0.171617282551434,-0.373589080498255)
(0.112658712650043,-0.394003617919948)
(0.0736281040179198,-0.189450212661990)
(-0.255184346732082,-0.292652407417669)
(-0.294475394484492,-0.805030217819686)
(0.251442869539892,-1.11372031304504)
(0.810158848503373,-0.649828326273264)
(0.498938208355841,0.215538383676865)
(-0.730297675139120,0.366991387448861)
(-1.78382332768873,-0.828501991987845)
(-1.47586172648147,-2.66914906008956)
(0.189805787216608,-3.71542008474386)
(1.98172887796984,-3.23005017444524)
(2.69853911214914,-1.85200237568247)
(2.28762410093258,-0.801573888474793)
(1.62883770360070,-0.618072175655825)
(1.41061529947725,-0.867425422441617)
(1.51497290317042,-0.966604165928634)
(1.52514191901624,-0.929775495784933)
(1.48993014843839,-1.10685693771008)
(1.83705933151786,-1.41987343484303)
(2.58224148492533,-1.28489075027866)
(3.02837477315884,-0.434984096525826)
(2.55163494600794,0.473255970819902)
(1.55667989143472,0.458896708592866)
(1.25937883580021,-0.532936798180388)
(2.31769352548346,-1.29326018984450)
(3.86554455554127,-0.554385498341096)
(4.23027853699173,1.50630142651545)
(2.70046019856172,3.23513976190643)
(0.394392340480411,3.12833221356714)
(-0.805459958717295,1.38900216840600)
(-0.133553587499370,-0.291706573004155)
(1.38566133745302,-0.471954730188122)
(2.11888179036202,0.687632709834427)
(1.47219804439086,1.82573962651322)
(0.250695199643634,1.90856507035299)
(-0.440109570000509,1.13514097726241)
(-0.338997832815227,0.398545288438223)
(-0.00645581604351373,0.182796088584711)
(0.0581345822918623,0.220949203940507)
(-0.0524226464005179,0.0989736189143650)
(-0.00752574883958184,-0.158532911598606)
(0.190018982821289,-0.257742696105001)
(0.242755726183225,-0.177079242748338)
(0.0793448028025586,-0.236787481267102)
(0.0407678911986160,-0.595278367685152)
(0.414494203143767,-0.923845733792088)
(0.956087082939505,-0.785028004120781)
(1.11128299090666,-0.248975190667210)
(0.714734423114823,0.105616491567450)
(0.253529574634936,-0.119637452646716)
(0.299020307869645,-0.622930231014447)
(0.788238193684932,-0.745248807425580)
(1.06679357399375,-0.284960410516024)
(0.665953139816164,0.218830252731677)
(-0.125845400523752,0.0839118400822853)
(-0.565547905905044,-0.764219096175976)
(-0.222939626116374,-1.75390386638660)
(0.694177476888221,-2.28549657942313)
(1.70977759204849,-2.20119618753931)
(2.53042409797680,-1.64750361951341)
(3.02360048838716,-0.738985773467816)
(2.96957345011854,0.401139827892996)
(2.17422437172745,1.35876494377194)
(0.907656180434583,1.53789695364355)
(-0.0361956397910314,0.776687379944840)
(-0.0149068801567481,-0.273299445232232)
(0.722043130324410,-0.671592236181049)
(1.20020491690570,-0.189026372267444)
(0.771897645245229,0.383116650518264)
(-0.107190153805730,0.0916256646637904)
(-0.330799675281700,-1.06568268340427)
(0.631947743314603,-2.05993512710237)
(2.12021949297891,-1.90288121865772)
(2.95621904351966,-0.663629690692144)
(2.61333466136754,0.669303274831299)
(1.59777154523166,1.22201638380104)
(0.769356396349013,0.968333860546125)
(0.503668966761171,0.486047840681115)
(0.568799705335941,0.238168548922072)
(0.600284777685904,0.244247840176509)
(0.462150784110479,0.304714567372116)
(0.193873919411241,0.272816736571726)
(-0.127400168608462,0.0587723705971664)
(-0.343260144420650,-0.399326244519935)
(-0.217273397042955,-0.976741774685235)
(0.278027075027044,-1.29422948480284)
(0.719243391313300,-1.08263531756302)
(0.561065116795220,-0.667594912221277)
(-0.138698276165803,-0.833124230270378)
(-0.506705066096498,-1.95849383100515)
(0.345536441210181,-3.36767430359503)
(2.27506186880918,-3.81794294205156)
(4.08230203723616,-2.74807897723100)
(4.66840732220333,-0.874870413449670)
(4.07971245372928,0.598866520740805)
(3.22536901517828,1.23016994501653)
(2.68034351689860,1.54223562766504)
(2.11508762943168,2.03172836512595)
(1.03614285743683,2.36035615634584)
(-0.235000046915987,1.83810308398227)
(-0.752634831610535,0.540939179564239)
(-0.139737758837298,-0.510404152972409)
(0.799189737980141,-0.479628292047804)
(0.951696754132818,0.254963458581875)
(0.219954822436724,0.542146056349362)
(-0.393149541606927,-0.130717415565813)
(-0.0615344773141116,-1.03449888695615)
(0.849047765268815,-1.15361235471780)
(1.29513157680184,-0.444832081365218)
(0.866357096496560,0.202470680395787)
(0.169200455957631,0.157259858076346)
(-0.131664453552421,-0.253641740777381)
(-0.214654933390524,-0.432935871696754)
(-0.679902607720786,-0.542904718149932)
(-1.41744472183411,-1.35950973138612)
(-1.41378346882295,-3.07262270649747)
(0.0946125621572672,-4.66380980432322)
(2.55138123083072,-4.79689232257554)
(4.46698255695138,-3.18988830546375)
(4.78243268631306,-0.849261146515211)
(3.60400449479909,0.941352077301522)
(1.72788351980378,1.52160672257199)
(-0.0527260521884052,0.811413954554692)
(-0.991459627608949,-0.990799044204315)
(-0.340610149695030,-3.15969315641345)
(1.94404569588773,-4.25027980932380)
(4.43249796194614,-3.07366814634273)
(4.99567553161050,-0.257824644127288)
(3.00946807607689,1.79184844516488)
(0.405272156537987,1.28871638457982)
(-0.356727970770846,-0.745933523507574)
(0.594646318255800,-1.66088814797792)
(0.540097558291277,-0.893980910745671)
(-1.86935116456717,-1.40748675799377)
(-3.47834663300666,-5.94505931740595)
(0.576627642543067,-11.9901548754609)
(10.0459111828153,-12.5365892092296)
(17.0878253132648,-3.85673650567843)
(13.2566859324202,7.93024679538504)
(-0.0526555038914857,10.6825134002210)
(-9.95458306262122,-1.17672993275202)
(-3.63065740471372,-18.3273793519495)
(17.4634521587766,-23.2649515909465)
(36.3743092275102,-7.27343718978985)
(35.6585250454625,19.4837390313197)
(14.3174148011371,36.2350150323714)
(-10.8119553014281,30.7970428623238)
(-20.9628228259617,10.4225005555917)
(-12.4293102159972,-6.39710178341756)
(2.22942733818088,-8.00618873173185)
(8.53770866018627,1.16909139683299)
(3.94017201590359,8.28924989555798)
(-2.63638349309640,6.56599317784786)
(-2.73235326258256,0.699984253104106)
(2.59609400886315,-0.815279841774267)
(5.77339471656487,3.95349521450686)
(2.46299221592292,9.09976640080292)
(-3.79923975829763,8.65274416891104)
(-6.50968412084215,3.35388553763571)
(-3.75388004005808,-1.00840676545055)
(0.404459282533843,-0.597148755588051)
(1.27620537904732,2.72521736244476)
(-1.38203637325271,4.47021197870320)
(-4.06773537367514,2.79946386696714)
(-4.07129860809220,-0.186613620223511)
(-2.06298098796274,-1.66222817582249)
(-0.380215136775574,-1.18858963380878)
(-0.0421365459085210,-0.323780778828327)
(-0.204384307804522,-0.168127045063002)
(0.0489404914540586,-0.307520301059035)
(0.462157821193215,-0.0115113549579434)
(0.363174969495638,0.509037562237016)
(-0.110125310185554,0.544205785419741)
(-0.201075402423937,0.0917491417492111)
(0.271706370950792,-0.0845292234850321)
(0.581408808565107,0.391436508923281)
(0.142426642871046,0.881141593202213)
(-0.576008882342015,0.586731600982792)
(-0.610683229795368,-0.295713047535967)
(0.197541419716155,-0.753156685585943)
(0.944802596157548,-0.259661147234838)
(0.812367648824443,0.538090306294167)
(0.0994604839208197,0.661504997283656)
(-0.202366846132105,0.0428611942507793)
(0.306465398539731,-0.442365112414061)
(0.969755378731647,-0.132834797804603)
(0.964427428167998,0.610816660439554)
(0.320678033540690,0.932616013111240)
(-0.209254291651391,0.560901657883445)
(-0.144173374752146,0.0425907064513887)
(0.207534521232829,-0.0504333256974532)
(0.278277455738627,0.184987378744203)
(-0.00129292912591605,0.236358873912047)
(-0.203034122572200,-0.0990310505753934)
(-0.0228331927596218,-0.514220208322537)
(0.387866876558628,-0.667093799152513)
(0.741829719508642,-0.568348757454254)
(0.998654559830531,-0.386285810801223)
(1.23917410506402,-0.0939365485391627)
(1.31839094488971,0.427768781015558)
(0.949413046725652,0.994462452761405)
(0.188522751295322,1.12899522758783)
(-0.415707603362471,0.620976569119886)
(-0.373353372141124,-0.0961354620740895)
(0.136223802209799,-0.364930580535725)
(0.441392823416298,-0.0805655644792688)
(0.204508777854500,0.181638530613627)
(-0.144422496953023,-0.0844489700999757)
(0.0306298318868936,-0.621751481466111)
(0.694472610867077,-0.696082068449109)
(1.08694733354484,-0.0522721090540886)
(0.623513313908862,0.661821516789005)
(-0.337417430844930,0.583601335473128)
(-0.822751397899133,-0.359085071564910)
(-0.307436510213705,-1.32673172511187)
(0.726676677910751,-1.47303917197182)
(1.35168089574892,-0.818160285194682)
(1.17999043533336,-0.129041965407311)
(0.667309106920523,-0.0360092328394983)
(0.499570386786531,-0.425346252809262)
(0.852728622391560,-0.701609174629677)
(1.31595858126350,-0.487957865186027)
(1.41902601549225,0.0417466684917624)
(1.09524637213964,0.446541277315295)
(0.644270441839016,0.481596981687010)
(0.373332954903417,0.251544491566923)
(0.343699809160607,0.0127851048724662)
(0.403867990391583,-0.0865283442748806)
(0.383735501630810,-0.101154954361543)
(0.261045199503418,-0.202263102850463)
(0.197510287699082,-0.500566263024547)
(0.414071873557543,-0.896100581876000)
(0.963492722907175,-1.09147503366607)
(1.59236897546357,-0.825840322965457)
(1.88830013196914,-0.158872075388992)
(1.64512817709567,0.507061912606379)
(1.08551819149872,0.764322188149739)
(0.661865035770110,0.582028512452644)
(0.612630374718199,0.310685502939417)
(0.756633603565798,0.289831018226305)
(0.748691954645587,0.501642979844172)
(0.479829578046134,0.654371567199099)
(0.153498255564675,0.555178590628475)
(-0.00466502708801179,0.301857999296689)
(0.00167330466548467,0.0974982674402284)
(0.0276703673417751,-0.0114638844785824)
(0.0305736668374598,-0.117233160083537)
(0.0922697186410133,-0.228806481817458)
(0.200831865249754,-0.221998388388392)
(0.157699284746838,-0.0746518221481547)
(-0.173478911451531,-0.0421414281314182)
(-0.568596463285474,-0.439893858169490)
(-0.546104239764054,-1.21848698781286)
(0.142161938971159,-1.86421646245904)
(1.16778986591050,-1.83305148715156)
(1.86097808897887,-1.09115446124756)
(1.81391735173672,-0.173057011682816)
(1.22733750418838,0.311065352734738)
(0.666679436591174,0.201032060959550)
(0.523718072076890,-0.162871532962368)
(0.729325333313260,-0.338320932357430)
(0.927648702544649,-0.180960416134810)
(0.854259988377580,0.105214564097837)
(0.546882944716206,0.223745488999400)
(0.258146386657632,0.0623168712068189)
(0.206783427988324,-0.231931405865641)
(0.385775674592068,-0.401400723684213)
(0.572898194541784,-0.316840564303076)
(0.540823951287444,-0.106377155160789)
(0.292392473561222,-0.0390277882059525)
(0.0787171353084163,-0.241399037614098)
(0.137405908593200,-0.535264639637504)
(0.408507107920986,-0.611396238582843)
(0.570812645456449,-0.384473115313203)
(0.398706625260741,-0.115334297671702)
(0.0288325280146667,-0.123283743383522)
(-0.204376292196164,-0.421019943972702)
(-0.169773729107604,-0.733436407365452)
(-0.0563297335267512,-0.878162742782589)
(-0.0475919045177993,-0.990709910036440)
(-0.0113166613027677,-1.26756534398556)
(0.322915659063838,-1.57856851953754)
(0.901571687299978,-1.53848412743928)
(1.26813181046392,-1.02245498640879)
(1.07515644274560,-0.437196674970808)
(0.556814611473118,-0.298705352486847)
(0.285475294268056,-0.598112010949392)
(0.457613987932532,-0.804856374104340)
(0.640135587323273,-0.560458376003242)
(0.350091794227979,-0.161346447852900)
(-0.293862869348989,-0.162132026910618)
(-0.751508636121106,-0.631652539693572)
(-0.827587407915406,-1.11867829313642)
(-0.896963330627842,-1.39831174807685)
(-1.18862589203067,-1.87440512649305)
(-1.17990652189162,-2.89653335388428)
(-0.203470771190202,-3.88439580753025)
(1.34377097038632,-3.73503843164801)
(2.00635876165960,-2.35614823115440)
(0.990845941420426,-1.28832137097794)
(-0.411667970644915,-2.07571372907144)
(0.0299380662373838,-3.99887693141831)
(2.52282413333695,-4.27483716954247)
(4.06228147992340,-1.31104743985640)
(1.26360219077615,2.44750021924829)
(-5.27099329575519,1.97725508444558)
(-10.1295737671756,-5.19962486520910)
(-7.61150470302453,-15.5121852108867)
(2.61762100189811,-21.7161781006259)
(14.7333427945473,-19.2225931195068)
(21.8612857616841,-9.97257629450129)
(21.7978980334450,0.00359852903828569)
(17.5899884508706,6.37282732346830)
(13.1279482429266,9.35219492463233)
(9.25295634869633,11.2331037973056)
(4.55045499052208,12.4273556754219)
(-1.02635146627957,11.0728095601720)
(-4.82156174858672,6.30024641314705)
(-4.27526049682307,0.560331411444367)
(-0.259810748869646,-2.28687240457189)
(3.39771888037414,-0.963631386554038)
(3.81948554318421,1.98647687469030)
(1.81454882500995,3.18485829993844)
(0.362866354530122,2.01339102340452)
(0.931634075622396,0.675586105485474)
(2.09450028139332,1.04498034867873)
(1.79181193780953,2.38566260483943)
(0.0851009816050502,2.58089685781560)
(-1.03016817495152,0.992108338320514)
(-0.259731260973303,-0.757953187597621)
(1.38778597499226,-0.899822457511812)
(1.95325676926293,0.307962051931563)
(0.947236476679582,1.02870332780179)
(-0.199319956934544,0.150075201280154)
(0.00746511693244916,-1.52063931935668)
(1.46380011922010,-2.45276247327129)
(2.94936402692347,-2.19105805938277)
(3.78872986389390,-1.48511303659832)
(4.39959570012389,-0.911878894954042)
(5.21017757036851,-0.0799615790907955)
(5.69082362838129,1.53223662928797)
(4.95585079136673,3.42410687599480)
(3.10854315693282,4.35301522015118)
(1.41702521304244,3.78353940364247)
(0.965828879982661,2.59698796480836)
(1.47539270459529,2.09230381080039)
(1.77128724753163,2.53622003689648)
(1.24277017721920,3.06221164322289)
(0.420600918606097,2.91751478306883)
(0.0624237665807319,2.35588632956086)
(0.0998283527690935,2.07947275005547)
(-0.133030754437814,2.13001516649574)
(-0.791708902469629,1.81335063931761)
(-1.13867819672543,0.759330698616327)
(-0.477133889144022,-0.370208994302387)
(0.828052858344762,-0.565366996854459)
(1.64463464456229,0.283930225524057)
(1.37927531111658,1.19522349976979)
(0.661487121387486,1.24415207470036)
(0.546655446369434,0.637438957589775)
(1.23634790567610,0.398862003666141)
(1.87414171596268,1.10047732385919)
(1.59452860792387,2.20089423534731)
(0.497691111508051,2.71302886582255)
(-0.559287909611585,2.29065020720939)
(-0.950826762969168,1.45006183794864)
(-0.809827901758140,0.837558842297273)
(-0.611371806612585,0.569544380703184)
(-0.531374110427176,0.370916010245947)
(-0.400447255479009,0.116042275330348)
(-0.136184737301407,-0.0300162797611492)
(0.0680295211352353,0.0335597653441668)
(0.0498106575303116,0.110997321006862)
(-0.0301664598601338,-0.0280170994596777)
(0.116870054247379,-0.285832197632513)
(0.483961589384658,-0.329900576114095)
(0.727371686028524,-0.0461019860682537)
(0.598932831141342,0.268817554852858)
(0.282808239423208,0.258367423150982)
(0.182071500305330,-0.0486274334973155)
(0.426733375708149,-0.276656912171667)
(0.731717365477811,-0.168219445057653)
(0.764720302513999,0.121765588078878)
(0.537479928957736,0.248046727591948)
(0.348005374834755,0.0938877318312290)
(0.401271758678896,-0.136116215247602)
(0.606082083211662,-0.205414321740896)
(0.750823402551504,-0.104332151012867)
(0.764793839522746,0.0173002490680545)
(0.732056269934637,0.0766433433322007)
(0.713884809760969,0.117843313415010)
(0.670776223055278,0.177233962887168)
(0.569814476702182,0.199915249332569)
(0.475279918796176,0.131304401722430)
(0.472266907694002,0.0218014246282364)
(0.546697700658289,-0.0260650180482520)
(0.606707095956658,0.0164992190702409)
(0.598872849795431,0.0974363599429330)
(0.526662173990160,0.181839061666565)
(0.358915187648147,0.260194400513252)
(0.0364106764213128,0.229534322121502)
(-0.344931307827089,-0.117586361833074)
(-0.436177494784731,-0.840488580513222)
(0.0997890483024440,-1.59137582289696)
(1.14214400265386,-1.77494126129596)
(2.03459253206362,-1.11668731835450)
(2.12160613550004,-0.0529340747607814)
(1.41452447994808,0.584559952594018)
(0.638253113910216,0.359166271475891)
(0.530097425448502,-0.332940691664360)
(1.10901052260945,-0.679582245884869)
(1.70075271454618,-0.290015181962747)
(1.67451886006772,0.447977222332815)
(1.07098427143255,0.840897972339174)
(0.470026630301199,0.620256069175937)
(0.327106981385619,0.131976532505068)
(0.555530488643019,-0.136439549898206)
(0.756434685453006,-0.0750609063154054)
(0.723015939577358,0.0522320128377417)
(0.603790118691100,0.0210627272909477)
(0.610429021029008,-0.0914389372275711)
(0.711266410675810,-0.0782626394446731)
(0.693853985352671,0.0825716745638729)
(0.461793526030264,0.193634122894809)
(0.150805728763507,0.0930943974433545)
(-0.0670397726566890,-0.170286472800840)
(-0.192538881579278,-0.470145096055409)
(-0.321985658666222,-0.832869956024779)
(-0.392733672287342,-1.41613071588821)
(-0.124952373302155,-2.22963898487564)
(0.705717848879676,-2.96018488434351)
(1.96577139270212,-3.16530071881774)
(3.19954227055599,-2.65083899364149)
(3.97476002889259,-1.61903940861435)
(4.15348465777103,-0.456356650223168)
(3.83815983118160,0.544332154393587)
(3.17619012279582,1.21719193214369)
(2.34861257454329,1.40335730984505)
(1.71595267188861,1.01491695832477)
(1.74372112996981,0.322267610456993)
(2.54760082420462,0.0302240646975232)
(3.50652517818351,0.777184711525539)
(3.57186848959188,2.39409319505254)
(2.22332968208360,3.77726440089724)
(0.152154084290793,3.76404169975069)
(-1.19645847329788,2.28134171323619)
(-0.945765491830405,0.539849460801367)
(0.344765619850527,-0.0749335324022947)
(1.24130689570591,0.661041965138710)
(0.890596442935629,1.66614755782950)
(-0.184623184287877,1.76411118580386)
(-0.793788048260379,0.909543827920215)
(-0.442664570217573,0.0830534085981013)
(0.214625949940688,0.0573047573445570)
(0.289068966929396,0.529275596770994)
(-0.237487257421459,0.614617799585345)
(-0.565106391279168,0.0188760774828879)
(-0.164030655985777,-0.602929568891551)
(0.515389125096234,-0.529750850094975)
(0.622710023692066,0.0519874639558241)
(0.0325391160272529,0.250296241253208)
(-0.438110137431238,-0.393834230259304)
(-0.0245098322394889,-1.27897183473119)
(1.02300739802763,-1.43985197457661)
(1.72137393354338,-0.704093666174849)
(1.52078451147529,0.133033316754738)
(0.889525039589572,0.301144587807914)
(0.626806586319535,-0.0708750386566074)
(0.847973460661282,-0.282362052666805)
(0.964637682235112,-0.0869247508481312)
(0.634903557890981,-0.0199912706288365)
(0.367272206105767,-0.586506629845505)
(0.920548271939260,-1.40305133298843)
(2.24345637394487,-1.48172988890895)
(3.33935962139594,-0.368985448178109)
(3.28497585211141,1.26567569329083)
(2.18295102608959,2.31575095804229)
(0.942010167786317,2.34849368932646)
(0.251544017247957,1.84269062439210)
(0.0242951763453318,1.42814202582085)
(-0.164166634006838,1.19689216943906)
(-0.403504360866848,0.873475867772618)
(-0.443016179983702,0.404712974252051)
(-0.199930610660432,0.0689745654858675)
(0.0571840575907726,0.0281833504882920)
(0.105493537386709,0.0731446754813565)
(0.0940187187799138,-0.0364402739233055)
(0.271125856106526,-0.179642033666381)
(0.531437282433233,-0.0702210526155187)
(0.521876869106575,0.231113915395840)
(0.209363605500267,0.307971036633987)
(0.0400000087848639,-0.00651469885181261)
(0.337299027589844,-0.283817102808884)
(0.746830486273891,-0.0333918000410715)
(0.618200513513319,0.535994979749745)
(-0.0678581575921262,0.657280528203840)
(-0.520755182885350,0.0149691429599109)
(-0.109815269826833,-0.710899069496710)
(0.735966819825218,-0.628282845048022)
(0.985105499701259,0.186582827830517)
(0.330890951783404,0.719015870916557)
(-0.373334873049936,0.323591409590781)
(-0.236240208424847,-0.407072162778444)
(0.458108196885161,-0.442101563815146)
(0.636280302773197,0.253723377870934)
(-0.0477458286066250,0.647763939555281)
(-0.678949101998568,0.102414161293065)
(-0.362785011370752,-0.662108531468485)
(0.446190585808462,-0.557742927206251)
