11452628915113964213507107.
0.040000000000000001
(0.0888881727698245,-0.0356715900079045)
(0.0756728884028195,0.00317098683132589)
(-0.0225809949953963,0.0474107215674667)
(-0.178765322616376,-0.00942228281426805)
(-0.259151266629764,-0.187586604977096)
(-0.176359339406264,-0.355862921929107)
(-0.0209962313369539,-0.364257585407764)
(0.0201969724948737,-0.237554391975195)
(-0.0976953104825939,-0.173712809163455)
(-0.172988501421439,-0.290744123849572)
(0.0198024615950995,-0.394041571387281)
(0.364401169784523,-0.0985709455241555)
(0.332737456956132,0.711837826465059)
(-0.573272473532675,1.54330069463540)
(-2.20547576576449,1.53725675664519)
(-3.63247269679794,0.234589402052804)
(-3.79304278504187,-1.81498239778929)
(-2.47989244278694,-3.28792397626464)
(-0.737828389731847,-3.14126602667431)
(-0.159105169932542,-1.62976301307552)
(-1.54433589539871,-0.313411916927494)
(-4.06749575012775,-0.898943489491713)
(-5.74753345961850,-3.81687957287975)
(-4.91920215557721,-7.74524350619475)
(-1.50631565649149,-10.5153216165263)
(2.93876815320351,-10.6539647174011)
(6.39539164813887,-8.30633228747819)
(7.70999331511817,-4.88993508735725)
(7.06146190069899,-1.95074006487907)
(5.40364982417194,-0.269749420002212)
(3.62413009034551,0.171054026113217)
(2.20994612448764,-0.327146797894741)
(1.48329558919032,-1.50130541869968)
(1.81242720734461,-2.94521533637490)
(3.33288354836313,-3.86189232330318)
(5.45110006822585,-3.35319815580399)
(6.86608414710741,-1.20884304483424)
(6.42138866863933,1.58886606561585)
(4.15648567529451,3.37517315880039)
(1.48887183514737,3.11180529640519)
(0.129618388204186,1.35001421879851)
(0.577250514687893,-0.174513127547139)
(1.60955798907669,-0.118521819802465)
(1.39860579365888,1.11991330086393)
(-0.656558292630618,1.63250398046244)
(-3.09568908968704,-0.233994232028944)
(-3.48796093823645,-4.12404871607244)
(-0.611220000897604,-7.61715064855973)
(4.22210647670713,-8.09209259403031)
(7.98160938388842,-4.96007478539202)
(8.27757425861505,-0.289395486349645)
(5.25086079776265,2.77978274843157)
(1.36906087202207,2.48047337058712)
(-0.646641715221934,-0.371015572125288)
(0.0850085681891533,-3.35718946905858)
(2.27067604851208,-4.63309780542846)
(3.99262911643454,-4.30699007621949)
(4.58870304988593,-3.88573758344242)
(5.12118567688426,-4.46492945527767)
(7.09383058266352,-5.44252228336478)
(10.7030284415342,-4.95532494324374)
(14.2771977938144,-1.60553238471717)
(15.4191854176433,4.10245395960376)
(12.8456841227329,9.86976179790475)
(7.38527508289171,13.1236899851673)
(1.41369416024673,12.6781590378465)
(-2.68763738339358,9.30400701058597)
(-3.82853659093770,4.99405949162595)
(-2.47542932618520,1.68733780295121)
(-0.0159729254591128,0.379811212893077)
(2.10503343462002,0.983531621947590)
(2.95128733227088,2.68530167074548)
(2.28416329541126,4.41053995617213)
(0.528113513026531,5.22494022550066)
(-1.42565138964771,4.68005299164245)
(-2.61913478771155,3.02770548499434)
(-2.54111108173766,1.10800320496207)
(-1.43732292133956,-0.149139107605695)
(-0.124983605815996,-0.324605243196818)
(0.609888618120406,0.251610020333458)
(0.564959980225680,0.837392548900090)
(0.167720762117117,0.906210993039523)
(0.00605737401668562,0.519673547668766)
(0.296075368542211,0.148202690112045)
(0.764136093656156,0.164097406643996)
(0.993238893015206,0.510304669677463)
(0.844566012548824,0.826105526078816)
(0.543401809130415,0.840956362284653)
(0.398932058364044,0.614463030236478)
(0.491099510529143,0.411654717217673)
(0.641402441392805,0.396979848171509)
(0.649835190317121,0.485532595690010)
(0.511048467584564,0.476144241897561)
(0.391513563921804,0.278967057204810)
(0.438236239604974,-0.0161898587736078)
(0.656635615688997,-0.266626317489238)
(0.971671233069028,-0.411404770201966)
(1.34924061452365,-0.453978711084038)
(1.79726375232278,-0.352358938832605)
(2.24682583810732,-0.00379075731096903)
(2.49711637194811,0.615584020397268)
(2.35293993151920,1.32013328786004)
(1.84093090934831,1.79260235755144)
(1.25222783528717,1.84626239360583)
(0.914885575594043,1.61163029228973)
(0.898004360038657,1.42757120629486)
(0.954205997703372,1.51765345981190)
(0.777080154073644,1.77425961197020)
(0.318217985634542,1.87759567262806)
(-0.163230967229614,1.63001467155313)
(-0.367673697226627,1.15784209660842)
(-0.254528902067391,0.774279962063178)
(-0.0613103995584830,0.658281266333430)
(-0.0362199296175672,0.693872900334578)
(-0.182986625589011,0.629013040756794)
(-0.288070622706166,0.362405731102678)
(-0.178630908352521,0.0393143927275567)
(0.0907307206589847,-0.132734625671143)
(0.325886914812022,-0.118272665262568)
(0.432962350269256,-0.0636666899460179)
(0.513111456670680,-0.0837700383425844)
(0.696073648804669,-0.0982301860069660)
(0.920647129780895,0.0655056317974886)
(0.952364341916464,0.411411428875764)
(0.656047102692351,0.680264440370836)
(0.219066366687793,0.579746131647032)
(0.0350894287794096,0.118725283025913)
(0.323489527695460,-0.334152091470043)
(0.879130242555760,-0.377159566436616)
(1.24453232224234,0.0286918189465130)
(1.15275842401028,0.516850415436572)
(0.781620607018670,0.688968774598544)
(0.542833643240726,0.517457362286853)
(0.627299182750442,0.343734645103435)
(0.801705887027260,0.470329030895905)
(0.687346239876625,0.794609311548879)
(0.220967230202187,0.900271376831209)
(-0.219641845649860,0.525114487611321)
(-0.190352832793470,-0.104497631879527)
(0.332650568884100,-0.460205558252824)
(0.889462478854935,-0.246590224173000)
(0.990688636651946,0.283466797464605)
(0.618666118528533,0.585993413635624)
(0.234931747186579,0.396166150645080)
(0.274234675075362,0.00171495467080719)
(0.665598279148029,-0.0838180149295362)
(0.906215247743661,0.297535466294851)
(0.621791661784983,0.747442738752010)
(0.00888939043067047,0.727675145633450)
(-0.336948819264256,0.158176639596633)
(-0.0466266831172166,-0.455786384263065)
(0.608380215833299,-0.529573281918440)
(0.973475508256839,-0.0153152250371715)
(0.687161985494719,0.533613084645111)
(0.0614035167652816,0.536292093526434)
(-0.250321248515641,-0.00429235594525335)
(0.0438420105974829,-0.510406316053961)
(0.552511611417773,-0.465942182764108)
(0.625643327928600,-0.00737955320927164)
(0.0960455753803824,0.180728366160260)
(-0.453316073419642,-0.404980858709632)
(-0.219929656481260,-1.47556504935191)
(0.991365995923106,-2.11276754990813)
(2.47580361638746,-1.59050876565326)
(3.18736471196330,-0.0698024501937516)
(2.62990480885576,1.50324044236451)
(1.24749170072157,2.19131899988652)
(-0.0141475556704156,1.79811258063015)
(-0.511180819020926,0.894641343767943)
(-0.317666602263118,0.208598666919056)
(0.0453035415394126,0.0197224454901086)
(0.186561859101673,0.0963947614460765)
(0.130852012744295,0.104365647995991)
(0.116434817916330,-0.0206017906263080)
(0.234533917760145,-0.101462481826582)
(0.337386499431287,-0.0218254112178330)
(0.267819860581517,0.102256387701942)
(0.0860990999448935,0.0731713994459514)
(0.00819509174404353,-0.127411267360994)
(0.139529755369027,-0.300548555991870)
(0.336736411725709,-0.264385566404180)
(0.371466810588897,-0.0763750527467362)
(0.203999053518073,0.0296294540508825)
(0.0366967444746815,-0.0748500536803665)
(0.0714158873640804,-0.244712975655992)
(0.245978827156684,-0.217950086754580)
(0.264010840767493,0.0650943501633828)
(-0.0918795073618736,0.340352239164226)
(-0.696498256391763,0.249592382491218)
(-1.15721424924413,-0.309287561531022)
(-1.15527337768173,-1.07268693453601)
(-0.705020818094868,-1.64203650223547)
(-0.0923859455786611,-1.79956450162546)
(0.391545786353931,-1.59954838380571)
(0.615847623821432,-1.21087781945152)
(0.544232113922437,-0.761992461218319)
(0.117728520741339,-0.381758730021857)
(-0.681187984086226,-0.325593925023928)
(-1.62285883435084,-0.917799426283460)
(-2.18218545043617,-2.25373788076716)
(-1.83758874017524,-3.95495707622690)
(-0.504894900044649,-5.31513080125340)
(1.34000012530630,-5.79458263594333)
(3.03663394317360,-5.40730579267856)
(4.27385512694081,-4.59100582519810)
(5.22728211565416,-3.67568882260065)
(6.13661464163121,-2.52759262885877)
(6.78581893062843,-0.802627574185300)
(6.52290125178074,1.41741684244742)
(4.91910659006026,3.32415619784471)
(2.43483065989401,3.87740147450956)
(0.327495592424074,2.73709490936428)
(-0.270526981377989,0.727342487844748)
(0.690223037207921,-0.720598176817956)
(2.11222635754370,-0.725747818065985)
(2.70525608509758,0.339944650673685)
(2.09656264497593,1.27511207706348)
(1.05938710990477,1.20018100725538)
(0.667909595556768,0.333720398080454)
(1.22939272271706,-0.331258234460884)
(2.04088497200778,-0.0831026668098416)
(2.16954671176459,0.800687257368515)
(1.42369405414403,1.38866689344945)
(0.515061882517253,1.08728236142740)
(0.272970464125390,0.238069419811886)
(0.762866458892523,-0.297895429255889)
(1.25453202943723,-0.109781864618044)
(1.08017072446272,0.292932000627304)
(0.461302204096781,0.0473844181259865)
(0.378829584968106,-1.02622369929852)
(1.54363434147059,-2.02959967890928)
(3.49606785033471,-1.73548547093762)
(4.80780018167907,0.185694566883439)
(4.29493697790810,2.67282301443155)
(2.12621891136039,4.06704347237419)
(-0.242806146033959,3.50713425868521)
(-1.28348998462934,1.64483943766998)
(-0.648284417034971,0.0282524084364823)
(0.663007030236373,-0.252874209900375)
(1.31212089869840,0.590610321493200)
(0.813438538427878,1.42861743996018)
(-0.179532984457581,1.35591410518125)
(-0.652654151129882,0.477009217887707)
(-0.232355276645586,-0.347739849877485)
(0.553351789303929,-0.430531259218952)
(0.911335166314778,0.105361137182748)
(0.595664197138529,0.558413716181132)
(0.0798325062523210,0.425029662121666)
(-0.0133555888878194,-0.110567674286052)
(0.422724770753155,-0.437425616762401)
(0.902879585511167,-0.198041868362399)
(0.896105985727233,0.341762769213156)
(0.389965697283332,0.592576763188134)
(-0.107232823585410,0.262685486518776)
(-0.0965555172008232,-0.351753237164239)
(0.417087757260610,-0.681672965998678)
(0.958913552088273,-0.449489454365012)
(1.07135810733380,0.0962841988827327)
(0.732048517695858,0.475805981308226)
(0.300388186995980,0.452900900621586)
(0.107865592392796,0.198541468460478)
(0.154621705901130,0.0266341851449171)
(0.205269106867083,0.0428670639833634)
(0.114415238364650,0.0953747054522912)
(-0.0210786557364928,0.0360125001820649)
(-0.0484176633841064,-0.0592350737740883)
(-0.0307800974045180,0.00295338930984988)
(-0.238943582364965,0.219644302461976)
(-0.824610646464428,0.266823654802360)
(-1.53637314075424,-0.227556702884829)
(-1.84361135595878,-1.26131802945300)
(-1.40682141719755,-2.35141509913880)
(-0.428690753541334,-2.91254138623899)
(0.501647316269482,-2.77398113992585)
(0.946104267953044,-2.30765612227198)
(0.996607767310446,-2.01996397499925)
(1.09658010687434,-2.02288122650593)
(1.48445364543646,-1.94760068119904)
(1.85575142926553,-1.41392567211908)
(1.63933234170960,-0.571252242742816)
(0.646182001591188,-0.112415409301926)
(-0.571314235182614,-0.676217205102923)
(-1.06426160885986,-2.18799068142368)
(-0.265974992198655,-3.78950971131057)
(1.50240165399948,-4.46318516569664)
(3.25693612985434,-3.80316865672704)
(4.08664247356658,-2.27021787972308)
(3.74999545697325,-0.774125922855707)
(2.69091357933977,-0.0215068794044907)
(1.60521759528209,-0.171640789100083)
(1.01742734726192,-0.936597132836370)
(1.13887767416827,-1.84718100343281)
(1.89144314159742,-2.41653632061126)
(2.89221635237398,-2.25055877652456)
(3.46960558509193,-1.28980455033541)
(2.97862406022091,-0.0912322904246503)
(1.41351429994123,0.270702575994314)
(-0.204027030741131,-1.06183326057235)
(-0.282066423051764,-3.78556185404981)
(2.08844096484723,-6.21075752792390)
(6.05431331065846,-6.29845288768671)
(9.23645098437611,-3.35841901211716)
(9.42418294919436,1.04949741582147)
(6.46642870878037,4.04085912431145)
(2.65727533534080,3.64183759636026)
(1.05373120100799,0.505742233920600)
(2.99663983516640,-2.46716726932638)
(6.94392607076419,-2.43052334014389)
(9.68296812263835,1.08953999599607)
(8.92282599859879,5.84016119392083)
(5.05273565961170,8.72708946654723)
(0.621803871344588,8.26183005241409)
(-1.86629450827542,5.48125566726482)
(-1.83129625569256,2.71689875692552)
(-0.622349716014089,1.51747393099064)
(0.0796868845369774,1.62677607638745)
(-0.197393219505906,1.73968687162190)
(-0.615414768187269,1.04757979243064)
(-0.213984538978733,-0.00825953640993118)
(0.965948978754368,-0.384512563972875)
(1.93938801962262,0.347138268350402)
(1.83353457460419,1.51145438509196)
(0.784055126228832,2.00477724594879)
(-0.215303214876595,1.36707175838062)
(-0.275642850026444,0.166483531058518)
(0.613668518743359,-0.602699264028119)
(1.69900458673313,-0.422835330747550)
(2.21922089694412,0.415766927138126)
(1.99850745294270,1.23998096548524)
(1.38728395395026,1.61350423340445)
(0.796277645998241,1.54006652345977)
(0.395582030207533,1.21146452769095)
(0.206952751259860,0.738410669129755)
(0.305549033245895,0.183927539170236)
(0.781469640886775,-0.253912077193976)
(1.50877006485053,-0.269001104156057)
(2.08564267402715,0.258582713505847)
(2.12817588698830,1.04795489248623)
(1.64007112081264,1.60231900580072)
(1.02393604534395,1.65471784940826)
(0.677441900002985,1.39305590207490)
(0.607669658728312,1.19707836476552)
(0.506368305005207,1.17792087414599)
(0.206276252861869,1.06296523682293)
(-0.0274227903174503,0.586514023668803)
(0.239085644236882,-0.0607272655059990)
(1.04139258221545,-0.293288051317048)
(1.80463618849696,0.277841372986041)
(1.80944936210206,1.34017441221567)
(0.909920290619692,2.05776567318878)
(-0.256691439894984,1.82246988595311)
(-0.834084791914680,0.826959669936514)
(-0.530537063677133,-0.141949232072816)
(0.180276472177449,-0.477131964620697)
(0.624932978860335,-0.279433061128772)
(0.625772094473641,-0.109259988067191)
(0.575402943551437,-0.291344213903813)
(0.863012811876312,-0.582191415828636)
(1.37012241679450,-0.561011795057154)
(1.65835707406325,-0.233641885265835)
(1.62360287738957,-0.0602267951071360)
(1.76861751863061,-0.298010571066099)
(2.62656048040251,-0.439513819078121)
(3.89506067381841,0.443243601415045)
(4.34584376397954,2.61829776210284)
(2.87006495291526,5.00620506367306)
(-0.250181829680337,5.81309559586472)
(-3.20608127739421,4.10437117186564)
(-4.03140409493273,0.841569890850638)
(-2.31595905828182,-1.74812401348643)
(0.379196900954179,-2.02446172481670)
(1.88004387457529,-0.310781729025303)
(1.28978341770545,1.51342763708699)
(-0.366793541756110,1.80239760066050)
(-1.30267527085451,0.582196159484219)
(-0.726793963782945,-0.705504191268390)
(0.533239548252643,-0.784478622582812)
(1.06287058840071,0.204032183155145)
(0.382919505094227,1.00214343625847)
(-0.625132290742163,0.664576993855827)
(-0.757912500275110,-0.440746774848640)
(0.180711098352434,-1.08840278086981)
(1.18328791897469,-0.559614650960510)
(1.14661439328948,0.569811587829679)
(0.0697284538841486,1.04292448908040)
(-0.930953945650224,0.255805815295051)
(-0.779969615915731,-1.10727081579931)
(0.462870671718384,-1.78123661155012)
(1.69768978101001,-1.19442897152846)
(1.91660362371629,0.0166100046128540)
(1.16457589932356,0.726512569074614)
(0.375143237916498,0.457966130033734)
(0.346653635014304,-0.242755922583745)
(0.976149504983363,-0.490876670011860)
(1.49403956981311,0.00342814783933298)
(1.33650320344616,0.730440753710696)
(0.679550490191500,1.01505529185130)
(0.135869142770074,0.715455381593649)
(0.0617297222112767,0.252088850265108)
(0.268720605089080,0.0521983224896006)
(0.373330529692229,0.113342925653691)
(0.272845254926532,0.143687589013174)
(0.173306386023582,0.00117638014834733)
(0.219309627476792,-0.165063559715347)
(0.279053475308192,-0.219319522847089)
(0.198996665740349,-0.320300015896438)
(0.174608230657551,-0.720000506659605)
(0.652616674432400,-1.27453245237228)
(1.73729131444843,-1.34065404340391)
(2.78133040675915,-0.372610613125429)
(2.79316109844208,1.32959934840001)
(1.41547826874446,2.61761722023421)
(-0.527513195948214,2.44342453636305)
(-1.61937503733194,0.899225197357284)
(-1.12499161249991,-0.754892244689968)
(0.304593299086398,-1.21722560570536)
(1.25773486171628,-0.351578347536436)
(0.929522490477637,0.747135475264514)
(-0.151071130817395,0.902967494307844)
(-0.767688815117274,0.0328831390855647)
(-0.329985136366771,-0.870572776261756)
(0.551010047662227,-0.890292747134149)
(0.821368485767887,-0.198064254545453)
(0.217773026842664,0.178174980869928)
(-0.402535286412275,-0.431929967665566)
(-0.0202555366239499,-1.50275217566244)
(1.34554592708334,-1.81023653525594)
(2.53765684253072,-0.758945405480829)
(2.41967152894516,0.903848948980955)
(1.06831558229337,1.79302136206769)
(-0.289127503900446,1.28204548227034)
(-0.536279285554682,0.104546573401075)
(0.221060459044760,-0.471848003599789)
(0.870948336183906,0.00952165134630795)
(0.565381015634356,0.784782858329785)
(-0.366848982719664,0.804389726652558)
(-0.853760272185075,-0.0591386730322426)
(-0.341277015346166,-0.883363910711138)
(0.555431860879127,-0.776054626634440)
(0.753421759465994,0.0724396444521510)
(-0.0345957006073287,0.575963938451523)
(-0.920467541365640,-0.00670943828966967)
(-0.814600595810428,-1.17398006985471)
(0.310233222796596,-1.67661082168721)
(1.30096824199697,-0.906611486380349)
(1.04629099195303,0.355522583957832)
(-0.271033957130108,0.711858280905897)
(-1.28865252407943,-0.351169115867693)
(-0.876860473208218,-1.85787821433518)
(0.650863282477044,-2.32522130583694)
(1.84131684772315,-1.30432806367244)
(1.60655652689744,0.164641059803022)
(0.322187079700187,0.662235689053515)
(-0.637816280085757,-0.143401069819077)
(-0.385318440525078,-1.24003961399939)
(0.604333193098120,-1.44508258863269)
(1.13145919829321,-0.673367557883471)
(0.644178105451816,0.0848149711550830)
(-0.217349081811719,-0.0260541732146420)
(-0.473132296803815,-0.760501811572188)
(-0.00485333667925093,-1.15736681037503)
(0.329512011063711,-0.787460258066241)
(-0.185543220889484,-0.347711424921838)
(-1.11101740272641,-0.835902882576409)
(-1.22699450183018,-2.23335201154135)
(0.0304716989365495,-3.29414997835387)
(1.71669618121041,-2.83669583560622)
(2.21798375809822,-1.16087199485509)
(0.990858293745792,0.0757022759165812)
(-0.724622157111245,-0.455990034768468)
(-1.12724414543632,-2.29405781014140)
(0.226088070621855,-3.62049013578983)
(1.92777997615220,-3.21991890479377)
(2.28930240604241,-1.82535945946535)
(1.28835689836107,-1.27822280204796)
(0.659825753742470,-2.34122292152027)
(1.88068797824376,-3.62795321914384)
(4.23137481845312,-3.02413762118530)
(5.23967191555553,-0.202902290643661)
(3.28948384909328,2.58457320171584)
(-0.344352486583217,2.58727992564196)
(-2.42467839118314,-0.498617134699293)
(-0.950613867640282,-3.90533071454405)
(2.66049840399231,-4.41115174673707)
(4.86135053805785,-1.62929849223312)
(3.57789601839952,1.53353337359214)
(0.369889298499122,1.89699031783965)
(-1.25879291368795,-0.607212868435231)
(0.282528398601179,-2.87621074699368)
(2.82952893887460,-2.13077965081491)
(2.84272764830263,0.771678033985899)
(-0.388145424776201,2.03229958313836)
(-3.42880171246764,-0.771415255728659)
(-2.21352072597605,-5.34174408241562)
(2.96707195853124,-6.39478047017016)
(6.56474667810203,-1.39886623431187)
(2.83573086170612,5.46236144936902)
(-7.53962711036872,5.92205637572770)
(-16.1310397351004,-4.61791200428933)
(-13.1429411756348,-21.3078749962834)
(3.56237105516686,-32.1802547867011)
(25.1211037898459,-27.5080974422735)
(37.7364973997011,-8.27858725773274)
(33.4136773403699,13.8954278647793)
(16.1661753256814,25.6766241008776)
(-1.61502386643591,22.1339764619194)
(-9.25374651743318,9.54664020686063)
(-5.50837541366832,-0.974321668393440)
(2.27708527841671,-2.86527742955912)
(5.84491521042397,1.71767618068374)
(3.05872324967369,5.72866453725497)
(-1.65855386007228,4.51389004447816)
(-2.77983441110566,-0.430104036448401)
(0.874478664531599,-4.01047799410479)
(5.69605409770051,-3.00905095628434)
(7.46047098056082,1.11910214293347)
(5.42926266450841,4.35542707357745)
(2.45633315632191,4.36108074625899)
(1.59391203431942,2.42139698897925)
(3.03359906711545,1.52517350570091)
(4.35977208974176,3.02787169151982)
(3.41128961347104,5.42217612821365)
(0.538720367244273,6.17846779991294)
(-1.94082948250312,4.42123278557759)
(-2.20030796230870,1.65068056441868)
(-0.575165442062587,0.0361670658203302)
(1.10268363306532,0.306457342070858)
(1.50067814174072,1.38768803842313)
(0.907223062916570,1.86478782088245)
(0.498190104209867,1.47383532775870)
(0.835580742984498,1.07590304095946)
(1.33262223669292,1.39704858568241)
(1.13521249102387,2.11202900588428)
(0.250431406541615,2.27981729157135)
(-0.412190012483808,1.52011831163213)
(-0.0877026109851105,0.521847962199330)
(0.946864607786385,0.309660221903290)
(1.64298037106002,1.12264811927379)
(1.29360302941938,2.16178232648488)
(0.245336494969895,2.45346375636527)
(-0.537836530178134,1.84510680116396)
(-0.519022558595436,1.05966001382418)
(-0.0764949283054758,0.823291251872444)
(0.0442380527900305,1.08595027679367)
(-0.373150819781143,1.18028263341622)
(-0.796219732481586,0.670054670302610)
(-0.607743357722543,-0.115239449654049)
(0.146321284122776,-0.457791566339190)
(0.787511534953556,-0.0805727608584315)
(0.764762112821743,0.532044430182710)
(0.265637744129803,0.681724605106060)
(-0.0142189480221784,0.238686363019586)
(0.328386679373226,-0.230740293903172)
(0.947670047220289,-0.128503036769370)
(1.15171207685040,0.480001378987875)
(0.703235941957644,0.931090433659865)
(0.107010856264263,0.715972081350871)
(0.0522865043093489,0.0699710367462986)
(0.632864397160932,-0.274000965136678)
(1.22482561175087,0.0978007792518154)
(1.17246904807019,0.804414181446936)
(0.527634605313949,1.07820778933028)
(0.0146046749115882,0.619619703839926)
(0.239868865586863,-0.0443283236215632)
(1.00339166511999,-0.109356548896208)
(1.47282298001418,0.629099544246846)
(1.05204359940494,1.51950780323608)
(0.0208551324261839,1.70639454168189)
(-0.737460201686762,1.00490331002969)
(-0.630861065674706,0.0760084164244696)
(0.0695590595640423,-0.268555898822800)
(0.565058648765955,0.118345344210858)
(0.383305601611471,0.637240812194569)
(-0.170469211115425,0.640372991901007)
(-0.419567327080232,0.126413788671172)
(-0.0947232219265336,-0.314679129145118)
(0.383957964611231,-0.210008718818236)
(0.418542781110071,0.246018655720542)
(-0.0534036432848008,0.419439407849457)
(-0.459661329017769,-0.0143475936079700)
(-0.239633855096167,-0.649937878839343)
(0.473928155789659,-0.760782948619969)
(0.917307756774381,-0.122119361248019)
(0.487198878587734,0.652958137614052)
(-0.562512266798966,0.675680172028556)
(-1.28365302659878,-0.304510125151950)
(-0.935480276715083,-1.58482569295637)
(0.280611977659490,-2.14687311488274)
(1.40779967049052,-1.61791076308090)
(1.65487758067944,-0.586324368028122)
(1.11275731861230,0.0332329657216410)
(0.550385357597267,-0.0887048693237527)
(0.537934888794434,-0.453923755902625)
(0.842361822531104,-0.392563795017591)
(0.742722451084435,0.106067255500071)
(-0.0696151259050172,0.303723712693646)
(-0.981849627574552,-0.495871894152525)
(-0.941063643951889,-2.07981924372825)
(0.495422174640197,-3.31679345914344)
(2.58454715752466,-3.10316464026869)
(3.91883573201296,-1.39348118486996)
(3.60702341166594,0.679933469660564)
(2.02686044543697,1.74042421069082)
(0.461096380121660,1.30113755002569)
(-0.0236024465700554,0.0760777349512711)
(0.584282084479941,-0.760038326966413)
(1.40235802700336,-0.620783551878369)
(1.56771503389102,0.0966787386641624)
(0.993727958063574,0.543305189800461)
(0.306375413017679,0.269521649862203)
(0.138322736895968,-0.433566691051854)
(0.540894833520574,-0.944889725063805)
(1.05935457723117,-0.963309645800583)
(1.29138414558679,-0.716672130061212)
(1.28076382070600,-0.583058931964769)
(1.34213258820817,-0.612702563306584)
(1.56915719839349,-0.510939655157980)
(1.63454023984098,-0.0985520376367089)
(1.16608422769540,0.298946672407294)
(0.320048272634438,0.0511957081295082)
(-0.119692339805122,-1.09111704493042)
(0.635343619434212,-2.50843292457370)
(2.53805689755410,-3.02124416911830)
(4.48051151689537,-1.86342366165691)
(5.03792663331392,0.509945501119312)
(3.64751518001720,2.57740390646146)
(1.21012349738721,2.86767873339209)
(-0.481785308425274,1.16501399538649)
(-0.102174614274463,-1.21943923727563)
(2.14860171353315,-2.39161516482056)
(4.65419064441107,-1.30715177246854)
(5.58584738413198,1.44382525566937)
(4.24273974841813,4.10319307372160)
(1.49489035439514,5.05602164596462)
(-0.949574510875518,3.94294388310109)
(-1.80491109237441,1.76227575046393)
(-1.00924846403684,-0.00115391229835449)
(0.455764172445560,-0.453182091226752)
(1.44020879483545,0.240664921953527)
(1.43613452618646,1.22284480299019)
(0.749250155197831,1.71080575811528)
(0.0510184338261380,1.51527569884525)
(-0.208912623264695,0.990427069223118)
(-0.0576288839618001,0.601214434269233)
(0.178919609421305,0.538556339383099)
(0.226925266964815,0.662316714914854)
(0.0661728448152199,0.719679834902757)
(-0.130919543056855,0.585265947848281)
(-0.194826619458465,0.327231942090464)
(-0.0939626528586747,0.101072307004863)
(0.0761604359241280,0.00734978425234116)
(0.194310919565554,0.0313319605301970)
(0.203573481487646,0.0792087810898036)
(0.137142172037311,0.0535737451569622)
(0.0896763069226072,-0.0860585795507496)
(0.162954114725717,-0.296658948713747)
(0.404534430234809,-0.462396920447562)
(0.760028536870570,-0.448201289384563)
(1.07460885067306,-0.186006190125875)
(1.16855363448973,0.255198740617919)
(0.956529666628943,0.680983662428774)
(0.524237823092559,0.882675385749740)
(0.0869089144757714,0.778774762980339)
(-0.155571143166065,0.472801713403424)
(-0.156137521820009,0.170397851143571)
(-0.0344290906528211,0.0187535450722269)
(0.0453103947727197,0.00535794450798521)
(0.0214933657939276,0.00329442472659060)
(-0.0273243820865748,-0.0845129820672832)
(0.0146537038263445,-0.223096288195023)
(0.162853312890638,-0.284811903178054)
(0.300400516079987,-0.189373070481123)
(0.287101948369400,-0.00100493015106937)
(0.100481381156738,0.120596630152832)
(-0.137608707669324,0.0707414693662763)
(-0.282460392941420,-0.101846323983686)
(-0.314902864387004,-0.256448581394829)
(-0.357502093430867,-0.326611377454179)
(-0.526976302348072,-0.418215495684336)
(-0.764293268290377,-0.720481055653155)
(-0.825678698697413,-1.29598546941072)
(-0.473128307439948,-1.95132346480414)
(0.295472612538891,-2.33273491010354)
(1.19172477775133,-2.18426738061265)
(1.82067958179050,-1.54747903039192)
(1.94896222740791,-0.729804762927909)
(1.63120010035591,-0.0796916692173065)
(1.11130820916000,0.226825335429698)
(0.623574644676508,0.222089588307402)
(0.281874257297297,0.0307328749539212)
(0.112324685864638,-0.238195928845827)
(0.117839681272922,-0.491036518768832)
(0.257204803270916,-0.610366615609786)
(0.378035788145815,-0.507454363820524)
(0.257927183359140,-0.259751379229421)
(-0.193809293817957,-0.152348959339487)
(-0.755801378056908,-0.476098970782617)
(-0.996374651687133,-1.20503339344523)
(-0.672680308549068,-1.90168999530196)
(-0.0719675026542895,-2.06730429885343)
(0.134449269446898,-1.70045319399422)
(-0.459710877482870,-1.49308839846453)
(-1.39940103013909,-2.30884387944837)
(-1.50391670873183,-4.27342868836482)
(0.174080899425756,-6.32877380650139)
(3.31844333503845,-6.85171104473064)
(6.26429489187058,-4.99739600282262)
(7.15798313273189,-1.62669366394546)
(5.50687773331900,1.14128429217708)
(2.74843632463400,1.55849442344391)
(1.19577048932800,-0.267994839825947)
(2.14193219716362,-2.37995341743794)
(4.73970651114545,-2.56546938321795)
(6.67864937241135,-0.226665724702515)
(6.11899406178132,3.10220512180595)
(3.21721694231530,5.04301145261501)
(-0.0612328380775794,4.33415998433554)
(-1.61796291436374,1.76475218914199)
(-0.872770862315988,-0.647832694215368)
(1.00525827509763,-1.39037964443106)
(2.32486469291893,-0.528336709801942)
(2.31478926543264,0.703546743943696)
(1.50304679243272,1.20572603050658)
(0.889113752673997,0.905792464192672)
(0.890549386971486,0.509476121536397)
(1.09751246357323,0.569832263313522)
(0.920107153891405,0.916269001656584)
(0.311737733553187,0.962615986342905)
(-0.207442892200036,0.436668158596961)
(-0.166433140764624,-0.310863196160827)
(0.341632295769214,-0.714629431571691)
(0.804605028092529,-0.606819359555974)
(0.881377019531487,-0.338263272946430)
(0.741885986971744,-0.311935313253513)
(0.788337570699392,-0.501355771457926)
(1.11580662273558,-0.514783138905130)
(1.36117675606977,-0.113027526348550)
(1.12312109551988,0.444061862549112)
(0.458372359658299,0.647570689933516)
(-0.143399293084202,0.308840134458989)
(-0.302682658240579,-0.222086390058760)
(-0.186215302050201,-0.473063589528726)
(-0.298506858064394,-0.440569179793824)
(-0.824275816885388,-0.645476213733021)
(-1.27912950829814,-1.51826233179380)
(-0.946877249212343,-2.76690102020774)
(0.286141613592796,-3.48910915849093)
(1.60460018582045,-3.03399122677653)
(1.90076608370597,-1.77395402348953)
(0.834195802132366,-0.944271986169407)
(-0.722786272640971,-1.60739196882964)
(-1.33459466809400,-3.69178623052854)
(-0.164835647408738,-6.00752688090290)
(2.41019554294442,-7.19425148643653)
(5.21877931672394,-6.69104153276417)
(7.21974484451638,-4.90447300921482)
(8.03843048302811,-2.63248455877866)
(7.79268033414675,-0.490495483060105)
(6.69936773370730,1.13109670295969)
(5.05878982927959,1.83039596429848)
(3.54217531662853,1.29425803285898)
(3.12963027932170,-0.171745134890016)
(4.36182066093909,-1.37002698617296)
(6.51320964171214,-0.880860444716155)
(7.74233766572807,1.61995483036848)
(6.50139034442542,4.65125635227700)
(3.11520113514202,5.82501288282573)
(-0.0677384047006524,3.87928270273366)
(-0.432125536025940,0.0675841949430074)
(2.59885198394785,-2.56383954333632)
(6.81555059601536,-1.62611455052672)
(8.88761399693848,2.52287601349833)
(7.09996033825623,6.97429439524285)
(2.75131377152061,8.66150242624516)
(-1.03234551142931,6.85037332830444)
(-1.97392605308007,3.53767216134679)
(-0.398002101387994,1.50604909377312)
(1.41310557765879,1.90459182248488)
(1.47861126014680,3.53184416482093)
(-0.187316393000015,4.28165089548444)
(-1.90825726416526,3.19646986240462)
(-2.14679132630084,1.17663695144133)
(-0.913650632121433,-0.135000727540638)
(0.485332145023670,0.000785257248534357)
(0.894562165224773,0.883178973503182)
(0.384284694592785,1.30899692703113)
(-0.0489148798796988,0.861465122740776)
(0.324311728856008,0.216675130368767)
(1.20020761117428,0.278168664988811)
(1.64277092721850,1.16086960762406)
(1.11780540865167,2.09098008007926)
(0.0301002848060527,2.23799710827133)
(-0.741103203585659,1.53354534052856)
(-0.729765529935222,0.642397716990791)
(-0.241757802090752,0.215253920868200)
(0.109873936829370,0.281439480134175)
(0.0901866292954158,0.388828356643206)
(-0.0155972939962155,0.226919987844138)
(0.116115700231874,-0.0297832750507304)
(0.374874842938700,-0.0325060484127872)
(0.338553681055413,0.189231146925208)
(-0.142594926908024,0.129405070398709)
(-0.591362706523451,-0.665782416042875)
(-0.240225354624180,-1.99849069462807)
(1.23593104472315,-3.02262969272869)
(3.33356900890542,-2.90035915754182)
(5.07677458355222,-1.48032920054145)
(5.75603727451586,0.643587477487272)
(5.33596831993560,2.68389465764296)
(4.21855945747824,4.21633785276702)
(2.73442385760346,5.21820595007667)
(0.957678086671903,5.68786997525407)
(-1.00761194254830,5.39904184230794)
(-2.70568821709706,4.13557110092006)
(-3.46420498435752,2.14223129794425)
(-2.94609647017190,0.216040432107418)
(-1.55711284529298,-0.786801199490870)
(-0.228629989288166,-0.614883380760179)
(0.287919213276069,0.187396299643617)
(-0.0259681475378707,0.766724152966742)
(-0.557524747191415,0.673071954048418)
(-0.685134812903175,0.143881569568157)
(-0.309228515770888,-0.248514741532386)
(0.174564676231811,-0.180630495877054)
(0.345930473604692,0.178557412970468)
(0.157149834875805,0.430995705845914)
(-0.106673808504444,0.373929649880221)
(-0.179342789034825,0.141370017661732)
(-0.0634317173497798,-0.0200480272275627)
(0.0565545531124985,-0.0347731927087110)
(0.0762909762228496,-0.0271054420316180)
(0.0832044906937025,-0.110382953105797)
(0.208253667655379,-0.220684919114627)
(0.424473754584237,-0.196423084039021)
(0.549070461915616,0.00330119469913479)
(0.452186278940298,0.214415170089662)
(0.225570883455265,0.229963873378271)
(0.106321956138926,0.0302177095574504)
(0.230317889882346,-0.181788525990941)
(0.485430522993635,-0.186662695089422)
(0.626975107619277,0.0243170552344743)
(0.531206071517656,0.245311995105512)
(0.315749881101842,0.275182890708595)
(0.204890776984421,0.122253270051361)
(0.291787128195210,-0.0186208692359045)
(0.450448229252328,0.0193640762349845)
(0.479535579469992,0.202566948060321)
(0.314320549204416,0.341261991933268)
(0.0854832014039806,0.288996191272866)
(-0.0209207339978366,0.0825324780769559)
(0.0574383491981106,-0.110123188087508)
(0.220622254672299,-0.158468672369073)
(0.323661496726823,-0.0750049092563971)
(0.309472053488445,0.0305836601947176)
(0.229304177744258,0.0719170793639016)
(0.161105228303827,0.0490626719897263)
(0.133189960528116,0.0130507499524038)
(0.122440647593117,0.000460689463726969)
(0.0959866143365666,0.0120308865957458)
(0.0327576919492712,0.0300614595903923)
(-0.0803285305535503,0.0245776634915748)
(-0.233221898052907,-0.0565527211990264)
(-0.354119014238799,-0.261243798286019)
(-0.317956396932598,-0.552347660664129)
(-0.0578307763209423,-0.757215143074922)
(0.293778882589796,-0.662679144385186)
(0.409318673392601,-0.239941637172648)
(0.00690822955655414,0.200980907025187)
(-0.824482689320465,0.147322897895932)
(-1.53253484155666,-0.703891320041608)
(-1.42874591429767,-2.07458781498165)
(-0.252651185526778,-3.15386565926001)
(1.49156181197609,-3.13587153149067)
(2.78173826776277,-1.87184176948785)
(2.79809251459585,-0.0864821967496619)
(1.57107017866354,1.08821225038431)
(0.00772578442063065,0.947286650941389)
(-0.775739330568253,-0.241096230624180)
(-0.312502095643853,-1.43946461942569)
(0.851985507662707,-1.66096450812817)
(1.59969738566670,-0.762923287349429)
(1.14674288334755,0.423567621718643)
(-0.299440822662787,0.742770772771002)
(-1.65695789753890,-0.362424567411054)
(-1.77552964580143,-2.37535554045260)
(-0.308966435541844,-4.04763388249303)
(2.01211389051100,-4.29121571686438)
(3.89953019005657,-2.93880447216980)
(4.40419727096698,-0.814502908940255)
(3.51208504115975,0.897332052067971)
(2.03013397237405,1.47096112012410)
(0.916738381197483,1.03311222857036)
(0.612373004638298,0.297673884107099)
(0.861759041663394,-0.0691143736093836)
(1.08032054764555,0.0795514478859878)
(0.891079021503645,0.390948772792677)
(0.385688721849275,0.416822465100100)
(-0.0409497182764821,0.00979560194534565)
(-0.0652529965666485,-0.599193351840708)
(0.320545991926018,-1.03470752346334)
(0.851385857338435,-1.06850826090732)
(1.20975417210756,-0.737857880538929)
(1.21244949669041,-0.265970293082497)
(0.861954502008436,0.0831352514956323)
(0.311114400362653,0.105853993060769)
(-0.185514911911393,-0.279565592089767)
(-0.343459544330836,-0.971778051521098)
(0.0107448147968872,-1.66456942399787)
(0.775465269885459,-1.96128135987512)
(1.54350027197703,-1.63075244662438)
(1.81661455359716,-0.832968644457256)
(1.36189130286785,-0.0886078735708550)
(0.427693254183112,0.0502243112357567)
(-0.391400192363979,-0.605395496740690)
(-0.557337918143025,-1.74452210828391)
(0.0651444181425909,-2.78818840675655)
(1.18550040055889,-3.27910856510536)
(2.35229830582800,-3.10499529662996)
(3.23125903252229,-2.42948811475356)
(3.67878992626624,-1.49191796882322)
(3.65550468587023,-0.507509531593868)
(3.18093773773651,0.296265213386712)
(2.41001669857427,0.675447446172454)
(1.68150956883707,0.517080334055908)
(1.35973349296223,0.0106271613770450)
(1.53714050164046,-0.410175691279679)
(1.90491307335137,-0.406136759335301)
(2.00460806822912,-0.0600364966003844)
(1.68127672323511,0.176030382165817)
(1.28257735518018,-0.0657460355479116)
(1.34288924973770,-0.639331726700466)
(2.01611614018191,-0.948636205585996)
(2.83174296830110,-0.503539660920503)
(3.07002455703272,0.561885665341744)
(2.42419902344734,1.55017565189493)
(1.29269868280253,1.81390378373947)
(0.397800868329831,1.31993613205288)
(0.117932329971474,0.600483669624664)
(0.218041842147591,0.164922615804088)
(0.230411050628428,0.0125910888316482)
(0.0310633824863551,-0.240286239491107)
(-0.0476925482005501,-0.801673233249582)
(0.313472236599504,-1.38957490496412)
(0.944300217367424,-1.55856540128228)
(1.31670597756325,-1.29536468606047)
(1.19498059248274,-1.13536915346808)
(1.04064208191813,-1.55692868615378)
(1.58660301855580,-2.28827686975538)
(2.92737220125576,-2.39948047688060)
(4.14792513447440,-1.26309771030307)
(4.08242565240481,0.572463706495255)
(2.57696091267740,1.65691133259243)
(0.912271785569493,1.00638440477808)
(0.731769142064437,-0.743736238073749)
(2.36670478011466,-1.71426316780995)
(4.26439240447259,-0.549281001216916)
(4.30494882770928,2.08435055483628)
(1.89653803294738,3.87914529817441)
(-1.22527544966264,2.99934224891126)
(-2.46859056148503,-0.0468912563379492)
(-0.864307627031055,-2.71434162842383)
(1.87137186004790,-2.80783288883591)
(2.90281915318904,-0.719382863270270)
(1.12594968141278,0.766832016519377)
(-1.45264969682234,-0.863727107674125)
(-1.33299051830216,-5.15148015744922)
(3.16822115511126,-8.57850771265274)
(9.95440458941473,-7.42453150158884)
(14.4811713641449,-1.10977939278442)
(13.3588225894705,6.99349643041641)
(7.11119781127534,12.0768962110348)
(-0.280866254025269,11.5790340438991)
(-4.56536586449523,6.90795308069196)
(-4.33106002781458,1.91204545354116)
(-1.51912809051093,-0.336727758400179)
(0.745198620759881,0.376583271914154)
(0.820492273184456,1.97788615760027)
(-0.560861815895487,2.37834412163905)
(-1.56885230545256,1.22287416352432)
(-1.17702463662915,-0.261069645174141)
(0.0982365009516048,-0.768753085048088)
(1.02052434194600,-0.143904695372975)
(0.932632567784979,0.722562062896380)
(0.236103684894194,0.941602349836715)
(-0.220052086398194,0.446187348930015)
(-0.0382872272397747,-0.138352667429076)
(0.450383384455389,-0.252961367342938)
(0.666482896830264,0.0583580663964404)
(0.408543846133155,0.300905261244558)
(0.000633469052173700,0.0898743807180375)
(-0.0851970772598983,-0.488353436189369)
(0.319486517882042,-1.00898045602114)
(0.972937018556837,-1.11703122771011)
(1.47900077812915,-0.801719724669041)
(1.61365361490286,-0.344864711511393)
(1.45694350895252,-0.0624751949390835)
(1.28662571246660,-0.0709418186750981)
(1.35327213395933,-0.219460499142139)
(1.68264422582315,-0.204196528630708)
(2.01942901752087,0.198890708465103)
