1420608056968699501169509003459.
0.040000000000000001
(3.93995659758617,-3.99722231023220)
(4.70806362012152,2.96207857866017)
(-2.00563430797995,5.22787033049014)
(-5.77956603455242,-0.860323744443506)
(-0.754568179515563,-5.93591482478791)
(5.22870399153292,-2.23601689019255)
(2.90539249927202,4.30506057208222)
(-3.96218462271312,3.39094994497342)
(-4.54793053285415,-3.53733571505627)
(2.07018613348253,-5.63376957449133)
(5.53021991345671,0.324584570895701)
(0.476350237465823,4.93977311785145)
(-5.08697119976472,0.992074620561117)
(-2.42847239414516,-5.26455891975285)
(4.22306825915268,-4.00532002048492)
(4.42680575934080,2.74600092099413)
(-2.04731589067060,4.45537266510712)
(-5.07727328162078,-1.23838390857845)
(-0.441428283088662,-5.00116211661239)
(3.48739785333614,-1.03501822730869)
(-0.542819756555965,3.29813122324230)
(-6.33698498859703,-0.792653071003786)
(-3.46850954667975,-8.74385544526146)
(5.85811253738692,-8.71120008125586)
(9.09503523603804,0.125240851080249)
(2.16169255522134,5.57263054095994)
(-4.12633470689571,0.594800631136673)
(-0.411851953867509,-6.05540189526016)
(6.95614481738526,-3.35110180795456)
(5.81385094002998,4.96407025829144)
(-2.91980530115343,6.10576568495887)
(-6.49830688156247,-2.01968884877061)
(0.162570047069594,-7.51570083036312)
(6.82249658589311,-2.65541164906895)
(3.73791678925367,4.58252376072520)
(-3.67965862286738,3.18319306771310)
(-3.84839973672155,-4.03494788872528)
(2.84203991904591,-5.48436736925266)
(5.17757323402572,0.633729279413325)
(-0.628882394712623,3.70183600510855)
(-4.72137324817802,-1.97801147871861)
(0.548374729699750,-7.56101927924376)
(7.79100003711912,-3.41173923943459)
(5.53440495682670,5.16804820667666)
(-3.67930629465664,5.35394546155242)
(-6.50500614377141,-3.55493744099458)
(1.09853122349849,-8.72525126119737)
(7.79541612498517,-3.12718877096367)
(4.25996000371254,4.10521985353795)
(-2.88953121075700,2.15666162655215)
(-2.03756092854577,-4.85484834313342)
(5.03642663351185,-4.96609518836051)
(6.27111304142722,2.26948834972455)
(-1.04944696577695,4.88694240000541)
(-5.36912971094637,-2.27240292073602)
(1.07571729928788,-8.60199645342891)
(9.38299958401753,-3.77429980647286)
(7.05384432032640,5.83061120578024)
(-2.70504081915167,6.29836123405494)
(-5.53429657085001,-2.63814367438937)
(2.22091391953315,-7.13308415723694)
(8.00458554090440,-0.502674864414877)
(2.57299944286033,6.54222228625798)
(-5.60418082510690,2.66758202823969)
(-3.54417626784891,-6.22368469534597)
(5.74443615649488,-5.94989289921566)
(7.43201371975868,3.72898301984893)
(-2.27124581367896,8.09917990469751)
(-9.75710201051896,-0.231977356913755)
(-4.39495526836730,-9.78940810916428)
(5.25283509954163,-7.42669096736481)
(4.31642348794074,1.64144685622830)
(-5.65709199761477,1.49299297574697)
(-8.45132610173362,-10.4645381690806)
(3.12148598522438,-19.0004996577558)
(16.6876102873549,-12.5484660132768)
(17.7417865420916,1.17131333979032)
(8.63685715113429,7.13838522369134)
(2.53246004140067,3.20007863439759)
(4.12929190993268,-0.609069621365886)
(6.34737698354555,0.964211117053852)
(4.57577325995320,2.67839742976547)
(3.51933783534971,0.755032657000884)
(6.69366478049998,0.313165926236503)
(8.21872840395172,5.58510060167476)
(2.11803585003807,10.2971415955679)
(-5.96818947948158,6.08177571412338)
(-5.39113918578308,-3.38982339210092)
(3.22124539442827,-6.09604577114348)
(7.79432617066761,0.757227295343695)
(2.43270989255864,6.23081082054266)
(-3.81281160770494,2.00191725033849)
(-0.872285688469298,-5.14400440380447)
(6.94648014527050,-3.97686105298884)
(7.83338977704128,3.81805171630548)
(0.836105042894273,6.47685025552408)
(-2.91714552124023,0.589830231185027)
(2.12816451132780,-3.78375252133271)
(7.25383865712290,0.758883521578219)
(3.41094243943918,7.08148719606202)
(-4.19095965945494,4.67828559513718)
(-3.93900761951259,-3.61165378068782)
(4.07775994447043,-5.68436554771884)
(8.08307340678230,1.23300020249982)
(2.69838560277920,6.51534742580557)
(-3.21740177705009,2.74539876600864)
(-0.915127181441973,-3.26269979358690)
(4.77100189637083,-2.06493530701723)
(4.08416368368125,3.19269202440329)
(-1.22606633730209,2.47857634737496)
(-0.638442678368360,-3.82881159602619)
(7.23223767128883,-4.54128265516263)
(10.7490344691250,4.18492357372472)
(2.99125275543441,11.0634792353747)
(-6.33197160561263,5.98721988886511)
(-4.53340678363985,-4.12955270582545)
(5.01015135989065,-5.18327584516723)
(8.06557477095810,3.02746334581613)
(1.38159814890787,7.08640274480572)
(-2.81423085326176,1.37621240853125)
(3.07854017027553,-2.99856435295665)
(9.01968169884614,3.66989157428073)
(2.78288386515728,12.8234292307748)
(-9.58752432891444,9.56018911010795)
(-11.0956852729951,-3.88425190604123)
(0.768758385026442,-9.79264647591635)
(9.30556429001096,-0.777312011831447)
(2.91343915600776,9.01067154592036)
(-7.80742782027674,4.85417072476327)
(-6.19150938154618,-6.69908055878969)
(5.44667915939835,-8.12867342052465)
(9.76555952658214,2.44129525139176)
(0.971679098593000,8.81559043806947)
(-6.71125663888058,1.77206089014537)
(-1.24953075948739,-7.06948614858196)
(8.81581127807116,-3.53171407772849)
(7.89174823460338,7.28828319800694)
(-2.58849364945599,9.21045620343754)
(-6.74667332394438,0.0210811306572136)
(0.998115966648190,-5.52082259068111)
(7.64390077409655,1.08321523807040)
(2.26893085384427,9.05524938223575)
(-6.95211344069157,5.54889736750511)
(-5.80194030968157,-4.19555135724640)
(3.64557010528524,-5.24178438329925)
(6.44628673190775,3.56110910873487)
(-1.64797023220413,7.94102242577666)
(-7.62425183178977,0.809712431398191)
(-1.87816396828169,-6.57641182385288)
(6.53240998857428,-2.46733144170473)
(4.14829735044704,6.68245829643406)
(-5.53166400137947,6.23463535067149)
(-7.32517258201922,-3.52596710552655)
(1.80901682662172,-7.59674696521225)
(7.81031990478469,0.311760446108958)
(1.42054097687312,7.80932038517435)
(-7.26805751132942,3.12078767046381)
(-4.53560659928174,-6.45148035011340)
(5.45740056385649,-5.89153857279685)
(7.10063920204025,3.99703685425940)
(-2.22928688829083,7.74936398666389)
(-7.96619681950146,-0.592956488538360)
(-1.08217912364667,-8.08872062119530)
(7.75665368649055,-3.07359162277939)
(4.82328400269339,6.58982915576176)
(-5.20039087740575,5.78379342184663)
(-6.53218702286229,-4.20824438609940)
(3.00520358574483,-7.68870635894408)
(8.54930759915528,0.886560020572182)
(1.44924736036417,8.21302544898415)
(-7.19519297815302,2.96002312045200)
(-3.93756536852285,-6.49595101743781)
(5.93265177340094,-5.23914038169630)
(6.71076104333440,4.74552447680636)
(-3.01491754290289,7.65929733352818)
(-8.06151363343822,-1.27538690775879)
(-0.459978154424023,-8.20752500221535)
(7.95604611721793,-2.31761301138185)
(4.02397926309830,7.17661232840510)
(-6.11302256615038,5.41120842838729)
(-6.61418406247324,-4.83512322026473)
(3.22482604247868,-7.50447629813001)
(7.89380278376249,1.54188090096245)
(0.0468671113496960,8.08216274713062)
(-8.03515176858510,1.98127049284650)
(-3.99015733352574,-6.88909899136958)
(4.95667894419558,-4.50709179460723)
(3.54264531405357,4.65697311842578)
(-6.72037788474228,4.36957957192649)
(-8.98273607145782,-7.26250539649174)
(2.60444170596409,-13.5250756102360)
(12.6979684257948,-4.36208914607190)
(7.44714314527773,7.67539819173584)
(-4.49071660748645,6.02588373969772)
(-5.22275144131395,-4.99414165305481)
(5.12728089935108,-7.37398091003896)
(9.26229719784229,2.54674910617016)
(0.106475981306122,8.73661763920728)
(-8.07837387603353,0.966379458543828)
(-2.18991432836807,-8.86370219488045)
(8.88337433761995,-5.22839219575077)
(7.87772741793761,6.57925913616415)
(-3.89847061055163,8.44086145618017)
(-8.45710447176353,-2.43372713066785)
(0.915254149160802,-9.14876623639650)
(9.25070822051238,-1.47583706131556)
(3.35428677848519,8.21352141518266)
(-7.52531423599368,4.37859925572464)
(-6.18913640944862,-7.27512399502522)
(5.50251011218933,-8.67079160371820)
(9.45960480985127,2.30017449457072)
(-0.294303174256637,8.41207974554850)
(-8.19586937397987,0.125804870385957)
(-1.57786731103041,-9.33261787827968)
(9.25147277289863,-4.67142213183250)
(6.96042992629298,7.25639523920528)
(-5.54143200317029,7.81708313506523)
(-9.26160763364996,-4.36114037256711)
(1.49456982896059,-11.0226278244228)
(10.2883185768182,-2.48760959087062)
(4.11349429385380,7.49215250815348)
(-6.52718463441167,3.39104243416021)
(-4.37442321092972,-7.83951340004350)
(7.34206732977960,-7.91300340606861)
(9.99216367756867,3.78811095374940)
(-0.953571794934827,9.03015303232282)
(-8.46785954406019,-0.555080589744855)
(-0.608703579127117,-9.96916822461386)
(10.4212641947483,-4.15046615433314)
(7.05951628484288,8.16987819682570)
(-5.99696442134425,7.70721277578766)
(-8.68650564877961,-5.27523680886484)
(3.31544506715156,-11.0210631195943)
(11.6861910475464,-0.780526459347073)
(3.74222376908313,9.60184435781384)
(-7.98912626546643,4.27013833212137)
(-5.40073244160922,-8.12469317525104)
(7.00515797955638,-8.17701384715050)
(9.40523545128819,3.80934443353612)
(-2.02910655595818,8.37248818485624)
(-8.93647199240043,-2.34580079469826)
(0.410055179679439,-11.8838556038172)
(12.3428798722869,-4.98613187381533)
(8.72479733083859,8.36783859211878)
(-4.86075801314059,8.13646905835182)
(-7.66292842177004,-4.84978989994240)
(4.18502436149944,-10.3565844971433)
(12.0432117828846,-0.238417160288715)
(4.13978625315745,9.27069544206313)
(-6.21417426406201,3.48931377556405)
(-2.05910876474477,-7.50481629281647)
(10.0377182438107,-4.98461782511363)
(10.1011101396335,8.37257322620423)
(-3.52027018408298,12.0789184900454)
(-10.8710895918121,-0.116700484450928)
(-1.23483697423195,-10.0090653465997)
(10.0435411469769,-3.00713382392728)
(5.38206735828275,9.19602531133500)
(-7.63307466021362,6.98148633625394)
(-8.25412100962773,-6.40096078857631)
(4.70350590140737,-9.94704626059800)
(10.8570563646101,1.93843062883990)
(0.377226052986239,10.3766578367163)
(-10.2145085032872,1.64711506959504)
(-3.81124042959864,-10.8840471295430)
(10.0987213601056,-7.39687267274371)
(9.83996796964504,7.10114677993880)
(-4.46961427825509,10.1103708555468)
(-10.6502668806633,-3.28278403952673)
(1.08498599838636,-12.3792271206504)
(12.5993739038471,-2.95895522063376)
(5.91089735534957,10.3393626082658)
(-8.60009176465519,6.61660671373585)
(-8.09923107973695,-8.58253185113794)
(7.08308106835987,-11.5950537688666)
(13.6719118227405,2.59426809438479)
(1.49170224448523,12.3662759301589)
(-10.6932810295294,2.92688078527812)
(-4.33007694634980,-10.8008741656438)
(10.1704564143073,-7.56277762801216)
(9.95683559253119,7.08380719821006)
(-4.34926965919809,9.72384142870928)
(-9.69557815891023,-3.88863984099576)
(2.89695709017613,-11.9287064626358)
(13.7221118542678,-0.879583664516400)
(5.06787789165615,12.6485325654573)
(-10.5758266174398,7.37014536908982)
(-9.33695038078559,-9.26431424850352)
(6.98699455139360,-12.1095660815594)
(13.4497601882721,2.85416953837486)
(0.510938539531373,12.2919429471927)
(-11.2906917461586,1.78830288771919)
(-3.49836076580576,-11.8167493030989)
(11.4124858911317,-6.92677603847122)
(9.64349495588047,8.85265650727899)
(-6.44438720915029,10.5300116463213)
(-11.7739686106438,-4.97914561062890)
(2.14452882675663,-13.6787204065867)
(13.5349302718945,-1.96690036778478)
(4.17828864875500,11.6620203467737)
(-11.7295776390013,5.04308667892781)
(-9.01264658291125,-12.9213693269528)
(9.56426648652187,-15.3826364641907)
(17.2148859087780,1.43010137946123)
(3.93787479266219,12.6422587378938)
(-8.83405665273371,3.00184589691485)
(-1.91368641684804,-10.4306027393391)
(12.3993304110025,-5.78738948895155)
(10.5839764581766,9.51848427567350)
(-4.90722049954071,11.2122446865230)
(-9.97227541217966,-3.22718637671629)
(2.71705783757247,-10.8335311849110)
(12.2141822779759,0.149075753733851)
(2.83442207712376,11.5254112854693)
(-10.6108169087672,4.20914993197703)
(-6.21503881212963,-10.9957738827867)
(9.83851984416154,-10.1007506892675)
(12.4277493146581,5.83032909070292)
(-2.77735595281109,11.6555026206952)
(-11.8062677628609,-2.35325047163018)
(0.192058290680563,-14.5976694400579)
(15.1380710227702,-5.67334036596609)
(9.93836453460963,10.8512168202438)
(-7.07955674317974,9.28093678062807)
(-8.79703036782754,-7.73130849159583)
(8.01340207411231,-12.8177473426577)
(16.9294502168488,3.18996839441524)
(2.95668927978556,16.1249542498314)
(-13.4336772104017,5.62559585390568)
(-7.49142625474604,-12.9222552733650)
(11.4953065858354,-11.8673433311763)
(14.6916488826981,5.97393184920852)
(-1.31505395106004,12.1187772946541)
(-9.48998478613077,-2.54273694803342)
(4.54629078558278,-13.1830309318621)
(18.9769773797783,-0.355742406293194)
(9.54761627734484,18.2885042605649)
(-11.6779868538739,14.4524258543248)
(-13.8390559241084,-6.61571341071908)
(5.20508610704071,-13.4480124012700)
(15.3310169965487,3.28990047173206)
(0.727175758426690,16.4256611087340)
(-15.6301022259850,4.60142846128602)
(-7.88058165415302,-14.4326136635219)
(12.3126623081899,-11.5464437290482)
(14.0054405918619,8.25680759332091)
(-4.61967443588231,13.7719797040963)
(-13.5595585318001,-3.40563237722473)
(1.67700173080450,-15.7509248120881)
(17.1459231395826,-3.35311518891652)
(8.32468843091189,14.3839243177471)
(-10.7284764933956,9.26442883583321)
(-9.17556742724644,-10.6483850534010)
(11.4536593337879,-12.9865175013234)
(18.5326981298737,7.70618973282338)
(-0.642600788708720,20.0847555325529)
(-17.8042029574525,4.35370303990054)
(-6.83560933049497,-16.1279370924699)
(15.3536566725313,-10.3010359866309)
(14.5291079716911,12.3809730315949)
(-7.74498538523478,16.3774251042593)
(-16.4003790796273,-4.61344422871733)
(2.39005723300219,-17.6354514004304)
(19.3130044882926,-1.93344848279407)
(7.56310939451453,18.2560758673592)
(-14.9739787966589,11.2853829369043)
(-13.3445181814982,-12.2901660740303)
(9.76695626944305,-15.9681611533475)
(18.0835874310203,5.48358966962243)
(-1.19568713361332,17.6058994516760)
(-16.7867972491876,0.562905342535370)
(-2.39863659090589,-18.8006412119014)
(20.9311633858204,-8.44840873551598)
(16.5381576248125,17.8735678766586)
(-10.4401133821136,20.6198687950499)
(-19.8740809991025,-4.40398318604440)
(1.63505131170194,-18.9389168533737)
(19.8640039869421,-1.27004114819761)
(6.10205917311011,20.0721277519366)
(-18.0277163993044,10.8445430487592)
(-14.2817479359076,-15.1768554917515)
(12.1337201851957,-17.4267499824689)
(20.2092159196228,7.86992178354758)
(-2.78280556045691,21.2581473240753)
(-20.8984054304165,1.57152921571426)
(-5.47329278423008,-20.5273300995065)
(19.6239065503101,-10.1498213130420)
(14.8188251161835,16.8667235924173)
(-13.0278515021580,18.0431940168650)
(-20.5511633802742,-9.33052339275471)
(4.66173134967742,-23.2187869424336)
(24.1852128036416,-1.95652274356289)
(8.18156810383521,21.7657826014865)
(-18.1264259235122,11.5567960641424)
(-13.7472714063825,-16.0208870955812)
(14.0598156762122,-17.4404310142690)
(21.2589658371007,9.52152580178236)
(-3.66693383518101,22.2478672862884)
(-21.3361271793105,0.425448749981123)
(-3.42142448775694,-21.4997611390764)
(22.1414128033749,-8.25163685393923)
(14.4987387795389,20.1649839186074)
(-15.4682707615606,19.0295026965567)
(-21.2147735926639,-10.7342955935930)
(6.62326813487471,-23.0369593401816)
(24.7518330838909,1.51637187369797)
(4.57378035231676,24.6336372483597)
(-22.5481251199314,9.82343343480265)
(-13.9032080091498,-20.0503208285663)
(17.3195784483532,-18.0050396572042)
(22.0128066719753,13.2029188415203)
(-7.80734345563349,24.6211565586116)
(-25.6756434830962,-2.29503622024840)
(-3.17893488559987,-25.8460062902377)
(24.8466661819274,-8.94969030558945)
(14.3070183104910,22.2123946593693)
(-18.6490684882086,18.5617736882091)
(-22.2461359480921,-14.6707708617866)
(9.54678742127632,-25.4240494406394)
(26.7641412556479,3.40187936183209)
(1.88767991763202,26.1595836553997)
(-25.7748339734838,5.90484974391234)
(-11.1291995231472,-26.2644566813431)
(24.6987270983702,-18.7317837107332)
(25.6858350412133,18.9102227731105)
(-11.2177511429575,28.8807586256142)
(-29.4944743429743,-4.89458491209733)
(-0.516319982093312,-30.2380848181106)
(30.7066673044022,-7.21560496384625)
(14.7811870349471,28.7386256193642)
(-24.3644525818308,21.0715781250423)
(-25.6844334389437,-19.2015241035366)
(13.5210605287610,-29.4905333239937)
(32.2046718111817,6.73455407499542)
(0.599329957605854,33.0108476329969)
(-32.2416802796581,7.58634660664917)
(-14.4061896888739,-30.3758047308440)
(26.8757942166630,-21.1078867325768)
(26.6734242578420,21.6232318127463)
(-15.6587804245407,30.7078269445212)
(-33.9991162198387,-9.21556370566936)
(1.33256375419926,-36.2236661204211)
(35.6880779566422,-7.43161599523344)
(14.7484801181053,32.5451414846516)
(-29.2103840836426,20.2512503974395)
(-26.2876782027231,-26.1881726039267)
(20.8558255051510,-33.4424316426366)
(38.7929513774450,12.0605968140932)
(-2.36571037497548,40.4186689304791)
(-40.0093232709799,6.20797006509662)
(-14.9537229085217,-38.8882921019533)
(35.2043819370919,-24.6724527682247)
(32.7905534375407,27.7023821914833)
(-18.8253939184947,37.0980473791811)
(-39.1626176146973,-11.1706400124674)
(3.84120126331096,-41.1894056650338)
(42.3552468781080,-4.92822209200639)
(14.3265348030880,40.9663532349729)
(-37.5193710437890,22.8211875675603)
(-30.7907413816136,-32.9328353269869)
(26.2609857034979,-38.6453453254228)
(44.7065808082859,16.7856576170347)
(-6.16079986601546,47.4682129939081)
(-47.8586887280400,3.86756629019751)
(-13.8069238297080,-47.0869998215755)
(44.3078887829320,-24.4537900789983)
(34.6424670692280,38.3918518521469)
(-30.0414284405417,42.8149908469484)
(-48.9258904805764,-20.4262122081472)
(9.58605159326623,-53.2335953349825)
(55.0616353157985,-2.40783937367677)
(14.5438145481554,54.0138189997003)
(-50.6076191100278,26.1802560962210)
(-37.4231001489698,-44.8549476162633)
(36.1349845757816,-47.5527883499857)
(55.0940008223233,24.9852659524721)
(-12.9370649845105,59.8390211239653)
(-62.6701146978515,-0.317156046983591)
(-13.5843945933273,-63.2607836087129)
(60.2324245891295,-28.1655191890740)
(41.6445415620834,53.4922874776594)
(-44.1052170993969,53.2795927103257)
(-63.1295696190709,-32.2972003580397)
(17.9843200369111,-70.2903665201475)
(73.8567754189414,2.39647577753626)
(13.3875236620535,74.5165594897501)
(-72.5164346639353,30.0880807070948)
(-47.5067893278699,-65.8302753840584)
(53.6507087522299,-62.2460037096335)
(71.9006081452293,39.4879144694760)
(-26.5726676774611,79.3136416261193)
(-88.0418749063008,-12.2590706884633)
(-8.06439927268897,-95.4532735539356)
(95.4568239590280,-33.0844912645529)
(56.7323515174541,86.7595582145158)
(-73.2479639070208,76.0230990968396)
(-92.5422795980522,-57.2016623366113)
(37.3508276288004,-106.948458128189)
(117.097613175394,13.2154263351921)
(13.3474072713419,121.474804552935)
(-120.313534139115,40.8600676596333)
(-68.8627382675590,-113.448518032444)
(100.149222294671,-96.1927350877050)
(121.184790901643,80.4942198596603)
(-54.9259981904511,142.651804235764)
(-159.241469856802,-23.7690740522450)
(-11.9618693913003,-169.502340344497)
(172.680256672121,-51.2031393053861)
(93.2506949483954,167.333238456677)
(-151.849336701743,135.203925714864)
(-174.177807217222,-128.959953586683)
(100.668059107225,-215.305532897762)
(262.346806306713,53.5731579300468)
(26.6254812969636,290.146586832365)
(-261.706213315160,104.185883402328)
(-101.756402338243,-216.999433664012)
(300.244081033103,-39.5732629923499)
(144.630949638597,574.780323952198)
(-778.009917200756,661.998355099459)
(-1444.85423360267,-421.844412997503)
(-672.247844652065,-1844.80112315638)
(1239.42626333063,-1959.46379845767)
(2495.61389917348,-256.538224156767)
(1737.60239876279,1800.90159364801)
(-343.143990674178,2279.86357384428)
(-1736.59722180827,907.319589664901)
(-1344.20235616800,-732.467576770274)
(-24.0651800714812,-1096.99613954327)
(666.770585062961,-300.299969038251)
(292.852519544312,389.689245719703)
(-280.768282001711,250.211037636182)
(-254.177524759299,-224.380278259827)
(157.945169324886,-272.836598430918)
(275.794641234506,85.6799855339925)
(-21.2545771554364,262.869258563871)
(-240.313740399319,33.3104198806903)
(-78.4970155885431,-210.323540326582)
(174.986960783764,-113.678316485152)
(139.196787034364,136.612217959282)
(-96.6353857220716,155.414858038826)
(-162.411220773922,-56.9482677914397)
(19.5056202260382,-161.367978242198)
(153.643636147048,-15.0183949293384)
(45.9487373064089,139.580760914250)
(-120.055779974026,71.6828907243376)
(-91.4830404171448,-97.1065528327049)
(71.9726372865254,-105.816452056557)
(114.334736956500,45.1030933704839)
(-18.2184075577288,116.365982918589)
(-113.110928696179,6.76545881036929)
(-30.1857975689075,-105.963357693491)
(93.6961726674133,-52.3477319607869)
(70.1665245347078,75.3376120009467)
(-54.3170784456761,80.4788051341604)
(-85.1153764998387,-35.0797325628147)
(17.2226656370032,-87.8555915044877)
(88.1343883183346,-2.02521215566512)
(21.4498454129788,83.0011901659034)
(-73.3139130415640,37.4927445329116)
(-50.2138498199602,-62.1820240032317)
(49.1929877359646,-61.5830253914780)
(69.7086928243045,32.4823973197809)
(-14.8471080102103,71.3387553781519)
(-68.6938384060314,-1.00639369036930)
(-10.1642912891787,-66.9258396779325)
(65.4901351431715,-23.8074688951475)
(39.9336771880153,58.8255275712309)
(-45.4991766994729,52.7236550979827)
(-59.0560915596125,-30.2362288905817)
(16.5439299285497,-61.5035157640810)
(62.3655235925770,3.34891560857648)
(10.3322780501986,60.5381276887159)
(-55.2514084065661,22.8629749437753)
(-33.1727986860644,-47.9067144285948)
(39.1804882833815,-41.9555421994165)
(48.8988264083611,28.3927421070795)
(-16.2873443537164,52.5402163390586)
(-53.1609128038909,-4.80568229669410)
(-5.95188011271721,-52.3225162250495)
(49.7084626409921,-17.1174118980455)
(27.7980383081641,43.8326139823774)
(-35.3937326455820,35.8357410677349)
(-41.2332816572788,-26.5338151971526)
(17.4109906766522,-45.4754156047050)
(48.1701891520956,6.82694473389396)
(4.50847944366306,47.6544276932855)
(-44.1531545088183,14.5579882819069)
(-22.9572434121612,-39.2367893780530)
(33.0661494202076,-30.4642096136866)
(36.4909578770654,25.0698382352417)
(-16.1746813356212,40.0315019186232)
(-41.7540017727023,-7.56335336306704)
(-1.36984016579607,-42.4287689770958)
(40.8511504704418,-11.1082968722900)
(19.7944846229030,36.0883352923839)
(-29.9710264124142,25.7500834931968)
(-30.3375346790832,-24.4397783154646)
(18.2950187780827,-35.3486277639369)
(39.4198603910613,9.59954523033199)
(0.514357070454917,40.0807152844250)
(-37.6012753454377,9.43238071720683)
(-16.7017738096168,-33.8757312172185)
(29.2126379524396,-23.2517794280581)
(28.7283321154331,23.0150477901770)
(-15.9395377613450,32.3011165572408)
(-34.4309818429894,-8.82933812418265)
(1.23517192412974,-35.4889102059288)
(34.4913914682511,-6.85325730348725)
(13.8794464216501,31.2223325082850)
(-27.3208102103380,19.2536216184678)
(-24.4977676042256,-23.3454705064977)
(17.4822596067700,-29.9348287876030)
(33.1518102419642,9.18387032169007)
(-1.04822668969262,32.8702713936473)
(-31.2102622934669,5.12606041122862)
(-10.9361967396965,-29.8340775873686)
(27.1418092027577,-17.7031809146846)
(23.5865640121945,21.7447230101507)
(-15.3373308273613,26.8843299076925)
(-28.8118250324894,-9.53460401980373)
(3.26688020883149,-30.4076682718386)
(30.1488535826073,-4.07349849470176)
(10.4330014074101,27.2900168922992)
(-23.9860934075227,14.7221644994093)
(-18.9898439656740,-21.3642305971989)
(17.1961458263505,-24.2287628478845)
(27.8242798274076,10.3008122761430)
(-3.36386733169090,28.0955217602327)
(-27.3963365810708,1.66999434887993)
(-6.96857460463973,-27.4897453212526)
(25.9020356732026,-14.1852057501765)
(20.4884782404621,20.5244280044645)
(-13.9734073307974,23.0436005364083)
(-23.7673885049878,-9.39358942583242)
(5.40754284168068,-25.5778890830163)
(27.2183025536541,-0.670257780229152)
(7.70517262188755,25.9274982949397)
(-22.3723205694968,12.9125584564404)
(-16.4663554044706,-18.9011641238949)
(15.3588257194384,-20.0586894021599)
(23.1784749375741,10.3678252370561)
(-4.61596125725051,24.3625887874670)
(-24.1129660989771,0.436453970707092)
(-5.15141666206888,-23.5391111718306)
(22.0661770940578,-10.2817876572614)
(14.9781322272983,18.9500905155205)
(-14.9594434418875,18.3911962923313)
(-20.9915523981511,-10.6752476235720)
(5.62384624898617,-22.7097377102051)
(22.6064661542538,0.447188724458767)
(3.32044862292432,21.5872080158085)
(-21.7246909436101,6.78873998005274)
(-12.8209433894090,-21.6307699612015)
(17.1570223800421,-20.1227398867328)
(23.2118605677991,8.59329166255191)
(-1.99581337857548,20.6196847262921)
(-17.9217075182413,-0.562857120586068)
(-0.176224832537556,-19.4361941191029)
(21.9244079871654,-5.08410558598436)
(12.1995325866895,20.3687863589405)
(-15.4108475970884,16.8621831138970)
(-18.7245458705659,-10.7144792320889)
(6.84060474660878,-20.1959094034946)
(21.3972852339918,2.23204536318904)
(2.76778321239599,21.0299655778331)
(-19.5624791203754,6.97046650195056)
(-10.9157660264189,-17.8317703728107)
(14.8947982969869,-15.0586468701158)
(17.8758128756136,10.2808328986847)
(-5.78765358692894,18.5301101392386)
(-18.6837048133739,-2.48943371280485)
(-1.13077643774884,-19.2805487556161)
(18.6494145814643,-5.79867393899808)
(9.55162240373659,16.0565977355323)
(-13.6206839596806,11.5046225388476)
(-13.8587413941890,-12.3045029287471)
(9.70227757359043,-17.6786973331454)
(20.3751179213384,4.37072250134731)
(1.31644838764518,19.9712011245921)
(-18.2109296660813,5.18746266745709)
(-8.44590367924077,-16.8939331059626)
(14.8523814321038,-12.3312889703910)
(15.3940717463240,11.1043841355507)
(-7.23918315577847,16.6357447207130)
(-17.5888973920329,-4.14542615725339)
(0.165705687333792,-18.8021656576694)
(18.1251632337558,-5.05265917927277)
(8.81759643500488,14.9498296004356)
(-12.1671262719639,9.99487906602030)
(-11.3496922350032,-11.3419475460685)
(9.90885654792868,-14.7211039430745)
(17.8032824093694,5.75431600641221)
(-0.677841726191282,18.2877616408507)
(-17.3059225358179,3.22362067647189)
(-6.70103417844893,-16.2744450381525)
(14.2469869163300,-10.4517325989337)
(13.0169116089808,10.8358723259188)
(-7.87000951920432,13.9540683319287)
(-15.2303687278120,-5.85450580428212)
(2.66911986548772,-17.3123078536685)
(17.8442391279155,-2.22135419303589)
(6.39248992920811,16.0694935742471)
(-14.2204010127201,9.03588931833781)
(-12.2974506395982,-12.7633472050600)
(9.12938861054604,-16.2280502542928)
(17.4759964551486,3.19871571968187)
(1.12440173216910,15.2584987159958)
(-13.4577939179013,2.25407912100663)
(-3.69187943939298,-14.1685283797039)
(14.2705124486507,-7.76557868625823)
(11.6985779166647,11.2608298293895)
(-7.46641761497020,12.8861872553651)
(-13.1680122392520,-5.34646004208334)
(3.34627256524006,-14.6594826719865)
(15.8715474901351,-0.376892583350855)
(4.44520637120180,15.0911982392637)
(-13.4226459815080,7.40435299843356)
(-10.2081594572929,-11.7309124883873)
(8.75744027461529,-13.0385866716357)
(13.9620118418110,4.67269763556326)
(-2.06697744492718,13.0689341718905)
(-13.3938513215531,-1.11749079257259)
(-1.56763739165267,-15.4260362659619)
(15.4536237592412,-6.97843812632799)
(11.3847008934340,11.7319095680621)
(-7.47517381527998,12.3602264280444)
(-12.2847284402515,-5.28840334280235)
(3.45440753277578,-13.4173285337658)
(14.3105251555141,0.210696400571993)
(3.06608129847631,13.5832160465242)
(-12.5434820146506,5.35617824272681)
(-8.00894192513788,-11.7278581076964)
(9.46140529077777,-11.0962630820840)
(12.4380567235322,5.87287288683589)
(-3.56302074270935,12.1145039346071)
(-13.0192507635124,-2.53353208124886)
(-0.453441255999745,-15.2408204170903)
(15.1426316611588,-5.80163754417434)
(9.73593235198492,11.7114980560241)
(-8.37108312079717,10.6783936029499)
(-11.4348577508020,-6.82660325236172)
(4.72212693170330,-13.4246339382067)
(14.4492599723353,0.996224654064521)
(2.24066437319197,13.7315117716317)
(-13.2655302625908,4.61744447224886)
(-8.24204085798725,-12.7875954663423)
(9.62003804993389,-12.2871026815148)
(13.2743742624536,4.70236097024907)
(-2.08738495256444,11.8598738662987)
(-12.3356975535423,-1.37208447948975)
(-1.98976315081764,-14.3063088505331)
(12.6629649722068,-7.64314377033573)
(9.78909624162865,7.30629134785389)
(-4.42340894616886,7.47039372466869)
(-6.77417232381515,-5.87976293437215)
(6.02354038622199,-10.2454698978455)
(12.8101525997314,1.89670191188972)
(2.07237019349142,11.3554633209048)
(-9.70401266493347,2.92686122727952)
(-4.13598359110398,-10.4115953002236)
(10.0286312448706,-7.88672380823307)
(10.6434659801855,6.48315943798866)
(-3.20290486267341,10.3186131981055)
(-10.0451010757966,-2.10007343296942)
(0.229945166032213,-11.2630417248004)
(10.9243230519605,-3.29226863290124)
(5.14666009862941,8.58784342563101)
(-7.84778173352765,5.31585713113491)
(-7.78040504754331,-8.12448158548968)
(4.63987954732065,-11.2462456424532)
(9.57930565022052,-0.818781063554788)
(0.347267570982347,4.47928718387727)
(-5.72568824290463,-5.23344744125682)
(4.55153105724759,-14.2438648103201)
(17.8429670591582,-5.80836546403515)
(14.0409454041177,10.3796667749177)
(-2.09698808540697,11.8393808001672)
(-7.36231230923347,-2.32122125790918)
(4.64751865540220,-9.92470041948236)
(14.1445009431758,0.147501570688519)
(6.31209611403449,11.2717168729124)
(-5.72100405696788,5.81718184138312)
(-2.12001395684814,-6.75272012876679)
(11.5984314524573,-4.81506232697041)
(12.4964681111700,10.5943618855673)
(-3.55956854479475,16.0670184792835)
(-14.0703379309092,1.80883258115358)
(-3.70333019842108,-12.3357993917517)
(12.0092160643601,-6.40663825595711)
(9.97266080701221,9.50197219387014)
(-5.60498686552028,10.8157392175311)
(-10.1639763548714,-4.08205545263701)
(3.41214466334620,-11.9211220168035)
(14.3005550065690,-0.576028259035593)
(6.09498924773038,12.6664203271059)
(-8.35776646328267,8.16661751796480)
(-7.48395083217768,-6.18881072315204)
(5.81622977094193,-8.20532459521882)
(9.77973409817388,3.83773140909918)
(-1.46390000042271,9.27901285077122)
(-8.78930835656098,-1.61212540221379)
(1.34361282757014,-11.7788781028546)
(14.8405331882252,-3.94743964840127)
(11.2124469803557,11.9392179135336)
(-4.81541390603500,13.3717371635738)
(-10.4015240098835,-0.597500942646266)
(0.726156279032221,-8.47306258067900)
(9.62387585395610,0.428627016503819)
(2.21845980482153,10.3358480470129)
(-9.15946164848562,4.60078834866951)
(-5.89455296763163,-8.11448707029894)
(7.33451779222586,-7.82610666532905)
(9.93582990084397,5.08689725873702)
(-2.16598629143380,10.3666464272410)
(-10.0762915626613,-0.396359043654556)
(-1.47918649051455,-10.6524892936455)
(10.2206496997851,-4.86969798078720)
(7.10156511259040,7.22113246990961)
(-5.06520814652661,6.10883466852921)
(-5.88111732793033,-6.59182809537224)
(7.44401431679607,-10.3159569512717)
(15.1344559938348,2.37001720754535)
(5.16655530168127,13.7383363096326)
(-8.10816705649899,7.79142809689911)
(-5.88304568935573,-5.48685519722997)
(6.62004911691678,-5.86184724119974)
(8.94321128210329,6.08881268909477)
(-2.66940851450683,10.5620740144001)
(-9.77807132193912,-0.276002494198117)
(-0.701855099886655,-10.1394855644982)
(11.3679072740886,-3.95416598795174)
(8.84364683005465,9.06277038949628)
(-3.51661066349752,10.0547595755661)
(-6.87024542785925,-0.588377066779403)
(2.22618619771155,-4.99535190479451)
(7.37048318498002,3.48878069064063)
(-0.905975466108089,10.1530940558881)
(-9.86463518349658,2.85475960432982)
(-4.80899052353678,-8.18678899025082)
(7.30040294796205,-6.11863207137218)
(8.24888859566037,6.02116539466652)
(-3.18108795419951,9.73326828877282)
(-9.32932440309128,-0.368791035381567)
(-1.07056506147335,-8.43409156233553)
(8.28375313510799,-2.22379047742313)
(4.07364565005234,7.99679615164236)
(-6.82941436774129,5.84426974925376)
(-7.02520650293409,-5.44794416640824)
(4.03922118794460,-8.21270445175613)
(9.23867355475249,1.90079734068070)
(0.602494874262170,9.14421416428222)
(-8.28942199380849,2.31748545690215)
(-3.59358050679767,-7.84426005359026)
(7.30346981809910,-5.59396439638303)
(7.58533163230449,5.31775964173185)
(-2.68393451916428,7.84971577683602)
(-6.99968847125823,-1.46685293807968)
(1.37132851206573,-7.29101046566996)
(8.77871879869082,0.0845841166679558)
(2.83630612462578,9.21769226134388)
(-7.78883896792944,5.42222648187961)
(-6.68105695215046,-5.98213844835735)
(4.63453122489921,-7.65202803117499)
(8.85240903790277,2.87266701498453)
(-0.350142401367122,9.31809671708119)
(-8.62234985714643,1.90351510846344)
(-3.32955061914161,-7.65334796941339)
(6.94938863745718,-4.57916523401656)
(6.06187593930781,6.00236935032969)
(-4.47861313778032,7.32576414670963)
(-8.05405696787475,-2.72081543123163)
(0.950956630236258,-8.41598483569910)
(8.43335696494135,-0.909840132383877)
(2.73208896106873,7.97206243131880)
(-7.15714948026330,4.32265012528052)
(-5.75464510593826,-6.10114103347725)
(4.66894050556073,-6.98528455184646)
(7.72900839605942,2.97098607948014)
(-1.37583199843101,8.07198356453734)
(-8.37091757577976,0.237626972481132)
(-2.26918918686667,-8.35836609401112)
(7.45193663915083,-4.33953611192044)
(5.67482427285083,5.98582137484469)
(-4.77651466933086,6.50735038800272)
(-7.60554375747277,-3.56829260626477)
(1.53822002500008,-8.57491841655710)
(8.39452760877952,-0.855854493328773)
(2.42264092090412,7.41900819279811)
(-6.85167585776122,3.37957097264316)
(-4.86790554292763,-6.49983057258364)
(5.22046290821107,-6.65411046369946)
(7.56512055932672,3.22865085477895)
(-1.62149338811174,7.77826398690639)
(-8.23698309845788,-0.105336426905406)
(-2.24839205551410,-8.35043022821040)
(6.94492166621807,-4.59276647030770)
(5.41279828747018,4.86524941285599)
(-3.79755738907202,5.34535290789309)
(-6.00938403498900,-3.27786283591136)
(1.84109819079828,-6.93435024221591)
(6.75134640946891,0.0974709213911366)
(0.605058229925507,6.26288111410686)
(-6.86791332071131,1.30471509962590)
(-3.57829635319535,-7.28088730301982)
(5.62041612542696,-6.00785225782903)
(6.43850820208519,3.23727744485006)
(-2.34433048403811,6.07448293896431)
(-6.98047312064719,-1.71693678669093)
(-0.566373526164427,-7.60745431348617)
(5.94978318361626,-2.38474565209781)
(1.28698567838699,4.80871527085943)
(-7.55216010929589,0.684752005120288)
(-5.38527192809822,-10.5570762161782)
(7.30673327212951,-12.3991515275290)
(13.8985180511761,-0.876439988014888)
(5.96833008888206,8.94353158281298)
(-4.47239218455797,5.07543497437132)
(-3.33031984238024,-4.29891318336397)
(4.98308344333160,-4.37284324430562)
(5.83724072435914,3.68452768099615)
(-2.33471248261237,5.79888796123541)
(-6.19488900352736,-2.09517144316852)
(0.771477430979277,-7.67166709199493)
(7.69556759417803,-2.04587532747715)
(3.56739976409521,5.88069310172130)
(-5.13354720346801,3.37524087915585)
(-4.45025440472674,-5.86691672105796)
(4.99117840628521,-7.24133855480679)
(8.62510633632438,1.88585494746126)
(0.544411251959980,7.78903602232859)
(-7.19744905685589,1.54195120619074)
(-3.18040156773705,-7.19129693559678)
(5.81951987812112,-5.19273537451468)
(5.54017369256246,3.93266500044222)
(-3.69302336109809,5.66067330527212)
(-7.91185433832859,-2.85696458841590)
(-1.51135046580910,-8.95138055255785)
(4.55173910654236,-4.93233672245025)
(1.08045907393022,-0.109717793216344)
(-3.98563159866805,-5.11404684811974)
(1.85356456760557,-13.4939627321997)
(14.5462585342295,-10.5357159387202)
(17.6817489971106,3.49528782023767)
(6.77755001558655,12.0683613942269)
(-3.50473448060057,6.14547922985301)
(-0.827170573460655,-2.91038043988776)
(7.14343740717455,-0.990146081839868)
(5.58045530114449,7.63180561971708)
(-4.30855529705665,7.87585073060915)
(-7.49662982239801,-2.12919113515881)
(1.13740459514835,-7.97803918974512)
(8.66533602200298,-1.36024927142325)
(4.06568304894556,7.11996595779194)
(-4.94071271768094,4.49816280536095)
(-4.25336444450077,-4.60367650883284)
(4.59876946660527,-5.63510931208818)
(7.17291924829233,2.88793318413222)
(-0.942169976072037,7.13823904326022)
(-7.06803076502252,-0.108188288138854)
(-1.38072651651893,-7.89556100934301)
(7.45015066209796,-4.16652478417862)
(5.65162540229982,5.16968403954980)
(-3.96209861972473,5.23724612304956)
(-6.05705872740252,-4.44780662699333)
(3.26678098898751,-8.75112123497742)
(9.79022787794453,-0.291982494694852)
(2.68202268416098,8.48249976694604)
(-8.42809330467487,3.56718015025423)
(-7.10990075912448,-9.35626362424338)
(5.79527948691963,-12.7999440089809)
(13.5871366513588,-2.55991385232020)
(7.78840449540725,7.27260336978706)
(-1.26857414014234,5.54065644253518)
(-1.55356659482228,-1.27560637917496)
(3.50344494681474,-1.57473957650992)
(3.15308321685168,3.17055980195873)
(-2.34069437027041,2.76850411835401)
(-2.83405626250528,-3.60732152427619)
(3.96480097086037,-5.60831614702970)
(7.70414001428847,1.03694157423925)
(1.79822075640904,6.55199945330856)
(-5.29286678733854,2.03545105127327)
(-2.66980488638990,-6.06132576225432)
(5.75225287057043,-5.35989614359149)
(6.72113941794462,3.13474046424263)
(-1.95738990378773,5.98604898878561)
(-7.54044840791692,-2.37279557433675)
(-1.24678229025763,-10.9914492294482)
(8.84419389504340,-8.60797536242857)
(10.2549163229390,0.166438054687351)
(4.32349400376329,2.96966953941668)
(2.49382726328783,-1.33567457874300)
(7.59371958607996,-2.28158719402997)
(9.81680090305891,4.40881866431053)
(3.14890690345781,9.53055304810556)
(-4.30650338932657,5.02185108493819)
(-2.60027319852479,-2.92373841000144)
(4.59705475090736,-3.14016087375893)
(5.72491923596020,3.38545240144529)
(-0.775312009737760,5.34758671010390)
